   1            1.04414000
   2            4.74711000
   3            8.82968000
   4           12.97976000
   5           17.15393000
   6           21.33950000
   7           25.53137000
   8           29.72711000
   9           33.92537000
  10           38.12540000
  11           42.32668000
  12           46.52892000
  13           50.73188000
  14           54.93541000
  15           59.13940000
  16           63.34376000
  17           67.54843000
  18           71.75336000
  19           75.95851000
  20           80.16384000
  21           84.36934000
  22           88.57497000
  23           92.78074000
  24           96.98661000
  25          101.19259000
  26          105.39865000
  27          109.60479000
  28          113.81101000
  29          118.01729000
  30          122.22364000
  31          126.43004000
  32          130.63649000
  33          134.84300000
  34          139.04955000
  35          143.25614000
  36          147.46277000
  37          151.66945000
  38          155.87616000
  39          160.08290000
  40          164.28968000
  41          168.49648000
  42          172.70332000
  43          176.91019000
  44          181.11709000
  45          185.32401000
  46          189.53096000
  47          193.73794000
  48          197.94494000
  49          202.15196000
  50          206.35901000
  51          210.56608000
  52          214.77317000
  53          218.98028000
  54          223.18742000
  55          227.39457000
  56          231.60175000
  57          235.80894000
  58          240.01856000
  59          244.22584000
  60          248.43313000
  61          252.64045000
  62          256.84778000
  63          261.05514000
  64          265.26516000
  65          269.47259000
  66          273.68004000
  67          277.89028000
  68          282.09781000
  69          286.30821000
  70          290.51872000
  71          294.72933000
  72          298.93705000
  73          303.14781000
  74          307.36175000
  75          311.57276000
  76          315.78387000
  77          319.99828000
  78          324.20963000
  79          328.42437000
  80          332.63929000
  81          336.85776000
  82          341.07310000
  83          345.29206000
  84          349.51130000
  85          353.73080000
  86          357.95415000
  87          362.17785000
  88          366.40190000
  89          370.62630000
  90          374.85481000
  91          379.08375000
  92          383.31695000
  93          387.55068000
  94          391.78492000
  95          396.02364000
  96          400.26697000
  97          404.50694000
  98          408.75568000
  99          413.00107000
 100          417.25548000
 101          421.51074000
 102          425.76687000
 103          430.02814000
 104          434.29469000
 105          438.56227000
 106          442.83528000
 107          447.11387000
 108          451.39365000
 109          455.67917000
 110          459.97056000
 111          464.26330000
 112          468.56208000
 113          472.86702000
 114          477.17825000
 115          481.49588000
 116          485.81522000
 117          490.14601000
 118          494.47868000
 119          498.81817000
 120          503.16463000
 121          507.51816000
 122          511.87892000
 123          516.24700000
 124          520.62256000
 125          525.00570000
 126          529.39656000
 127          533.79526000
 128          538.20193000
 129          542.61670000
 130          547.04512000
 131          551.47649000
 132          555.91634000
 133          560.37035000
 134          564.83317000
 135          569.30492000
 136          573.78574000
 137          578.27575000
 138          582.78084000
 139          587.28964000
 140          591.81387000
 141          596.34787000
 142          600.89772000
 143          605.45768000
 144          610.02788000
 145          614.60844000
 146          619.20561000
 147          623.81348000
 148          628.43218000
 149          633.06807000
 150          637.71512000
 151          642.37347000
 152          647.04960000
 153          651.73735000
 154          656.44330000
 155          661.16122000
 156          665.89124000
 157          670.64004000
 158          675.40126000
 159          680.18170000
 160          684.97490000
 161          689.78773000
 162          694.61367000
 163          699.45283000
 164          704.31221000
 165          709.19206000
 166          714.08569000
 167          718.99322000
 168          723.92181000
 169          728.87172000
 170          733.83607000
 171          738.82215000
 172          743.82303000
 173          748.84605000
 174          753.88421000
 175          758.94493000
 176          764.02112000
 177          769.12030000
 178          774.23528000
 179          779.37368000
 180          784.53574000
 181          789.71415000
 182          794.91665000
 183          800.14350000
 184          805.38723000
 185          810.64798000
 186          815.93367000
 187          821.24454000
 188          826.58085000
 189          831.93493000
 190          837.30692000
 191          842.71293000
 192          848.13727000
 193          853.58005000
 194          859.04954000
 195          864.54597000
 196          870.06141000
 197          875.60422000
 198          881.17466000
 199          886.76464000
 200          892.38266000
 201          898.02899000
 202          903.69541000
 203          909.39055000
 204          915.11467000
 205          920.85942000
 206          926.63357000
 207          932.42870000
 208          938.25364000
 209          944.10865000
 210          949.99398000
 211          955.90105000
 212          961.83886000
 213          967.79874000
 214          973.78978000
 215          979.81224000
 216          985.86636000
 217          991.94332000
 218          998.05236000
 219         1004.18457000
 220         1010.34930000
 221         1016.54678000
 222         1022.77728000
 223         1029.03171000
 224         1035.31019000
 225         1041.63170000
 226         1047.97768000
 227         1054.35777000
 228         1060.77222000
 229         1067.21170000
 230         1073.68596000
 231         1080.18557000
 232         1086.72040000
 233         1093.29067000
 234         1099.89666000
 235         1106.52877000
 236         1113.19701000
 237         1119.90163000
 238         1126.63291000
 239         1133.40100000
 240         1140.20615000
 241         1147.03850000
 242         1153.90834000
 243         1160.81591000
 244         1167.75123000
 245         1174.72471000
 246         1181.73660000
 247         1188.78714000
 248         1195.86620000
 249         1202.98434000
 250         1210.13133000
 251         1217.31782000
 252         1224.54406000
 253         1231.81032000
 254         1239.10618000
 255         1246.44247000
 256         1253.81944000
 257         1261.22657000
 258         1268.67480000
 259         1276.16438000
 260         1283.68467000
 261         1291.24673000
 262         1298.85083000
 263         1306.48617000
 264         1314.16397000
 265         1321.88447000
 266         1329.64792000
 267         1337.44338000
 268         1345.28222000
 269         1353.15341000
 270         1361.07972000
 271         1369.03879000
 272         1377.03076000
 273         1385.07866000
 274         1393.15987000
 275         1401.27452000
 276         1409.44589000
 277         1417.65113000
 278         1425.90202000
 279         1434.18711000
 280         1442.53002000
 281         1450.90755000
 282         1459.31983000
 283         1467.77885000
 284         1476.29679000
 285         1484.83815000
 286         1493.43893000
 287         1502.07543000
 288         1510.75985000
 289         1519.48033000
 290         1528.24915000
 291         1537.06658000
 292         1545.93285000
 293         1554.83594000
 294         1563.78831000
 295         1572.79020000
 296         1581.84187000
 297         1590.93111000
 298         1600.07055000
 299         1609.24790000
 300         1618.48846000
 301         1627.76734000
 302         1637.09736000
 303         1646.46604000
 304         1655.88628000
 305         1665.35831000
 306         1674.88240000
 307         1684.44591000
 308         1694.06190000
 309         1703.73061000
 310         1713.45231000
 311         1723.21419000
 312         1733.02948000
 313         1742.89842000
 314         1752.80809000
 315         1762.77184000
 316         1772.78991000
 317         1782.86257000
 318         1792.97672000
 319         1803.14587000
 320         1813.37028000
 321         1823.65020000
 322         1833.97237000
 323         1844.35046000
 324         1854.78474000
 325         1865.27546000
 326         1875.80919000
 327         1886.39977000
 328         1897.04746000
 329         1907.75251000
 330         1918.50133000
 331         1929.30794000
 332         1940.17258000
 333         1951.08154000
 334         1962.06297000
 335         1973.08913000
 336         1984.17427000
 337         1995.31861000
 338         2006.50825000
 339         2017.75752000
 340         2029.06668000
 341         2040.43599000
 342         2051.86569000
 343         2063.34164000
 344         2074.87842000
 345         2086.47626000
 346         2098.12091000
 347         2109.84161000
 348         2121.60954000
 349         2133.43946000
 350         2145.33163000
 351         2157.28631000
 352         2169.28897000
 353         2181.35455000
 354         2193.48332000
 355         2205.67551000
 356         2217.93139000
 357         2230.23622000
 358         2242.60515000
 359         2255.03844000
 360         2267.53634000
 361         2280.09911000
 362         2292.72699000
 363         2305.40501000
 364         2318.14856000
 365         2330.95790000
 366         2343.83329000
 367         2356.77497000
 368         2369.76775000
 369         2382.82726000
 370         2395.96926000
 371         2409.16300000
 372         2422.40860000
 373         2435.73750000
 374         2449.13439000
 375         2462.58377000
 376         2476.10155000
 377         2489.70381000
 378         2503.35921000
 379         2536.14727000
 380         2550.02945000
 381         2563.99857000
 382         2578.02149000
 383         2592.13215000
 384         2606.29704000
 385         2620.53318000
 386         2634.84122000
 387         2649.22102000
 388         2663.67284000
 389         2678.19673000
 390         2692.77664000
 391         2707.44580000
 392         2722.17182000
 393         2736.97023000
 394         2751.86000000
 395         2766.80625000
 396         2781.82608000
 397         2796.92075000
 398         2812.08991000
 399         2827.31735000
 400         2842.63622000
 401         2858.03015000
 402         2873.48258000
 403         2889.02795000
 404         2904.63226000
 405         2920.32970000
 406         2936.08691000
 407         2951.93805000
 408         2967.84857000
 409         2983.83672000
 410         2999.92013000
 411         3016.06313000
 412         3032.28496000
 413         3048.58419000
 414         3064.96235000
 415         3081.41970000
 416         3097.95564000
 417         3114.57128000
 418         3131.28371000
 419         3148.05828000
 420         3164.91289000
 421         3181.84823000
 422         3198.86370000
 423         3215.95997000
 424         3233.13841000
 425         3250.39685000
 426         3267.73753000
 427         3285.16006000
 428         3302.68301000
 429         3320.26979000
 430         3337.93896000
 431         3355.71012000
 432         3373.54553000
 433         3391.46477000
 434         3409.48579000
 435         3427.57236000
 436         3445.76199000
 437         3464.03565000
 438         3482.37597000
 439         3500.81978000
 440         3519.34840000
 441         3537.96252000
 442         3556.66288000
 443         3575.44879000
 444         3594.32146000
 445         3613.29950000
 446         3632.34554000
 447         3651.49708000
 448         3670.71847000
 449         3690.04502000
 450         3709.46042000
 451         3728.96350000
 452         3748.55453000
 453         3768.23568000
 454         3788.02353000
 455         3807.88237000
 456         3827.84947000
 457         3847.90733000
 458         3868.05378000
 459         3888.29150000
 460         3908.61978000
 461         3929.05816000
 462         3949.58793000
 463         3970.18878000
 464         3990.90235000
 465         4011.72603000
 466         4032.62351000
 467         4053.63295000
 468         4074.71486000
 469         4095.90983000
 470         4117.21800000
 471         4138.60012000
 472         4160.09553000
 473         4181.68636000
 474         4203.37059000
 475         4225.15026000
 476         4247.04397000
 477         4269.01327000
 478         4291.11848000
 479         4313.29850000
 480         4335.57559000
 481         4357.96935000
 482         4380.46026000
 483         4403.06695000
 484         4425.75143000
 485         4448.55438000
 486         4471.47567000
 487         4494.47390000
 488         4517.59052000
 489         4540.80681000
 490         4564.12090000
 491         4587.55651000
 492         4611.09051000
 493         4634.74565000
 494         4658.47830000
 495         4682.33487000
 496         4706.31138000
 497         4730.36832000
 498         4754.54744000
 499         4778.84857000
 500         4803.25147000
 501         4827.75752000
 502         4852.36586000
 503         4877.09694000
 504         4901.93203000
 505         4926.88996000
 506         4951.95364000
 507         4977.11994000
 508         5002.41176000
 509         5027.80793000
 510         5053.33145000
 511         5078.95934000
 512         5104.71297000
 513         5130.55158000
 514         5156.53887000
 515         5182.63288000
 516         5208.83330000
 517         5235.16170000
 518         5261.59769000
 519         5288.14094000
 520         5314.81373000
 521         5341.61646000
 522         5368.52858000
 523         5395.54679000
 524         5422.69830000
 525         5449.97932000
 526         5477.37034000
 527         5504.87103000
 528         5532.50461000
 529         5560.27086000
 530         5588.14650000
 531         5616.13422000
 532         5644.25561000
 533         5672.51105000
 534         5700.87829000
 535         5729.37964000
 536         5757.99465000
 537         5786.74320000
 538         5815.62942000
 539         5844.62838000
 540         5873.74094000
 541         5902.98966000
 542         5932.37745000
 543         5961.87790000
 544         5991.51747000
 545         6021.29466000
 546         6051.18798000
 547         6081.21959000
 548         6111.39117000
 549         6141.67983000
 550         6172.08390000
 551         6202.65227000
 552         6233.33673000
 553         6264.14012000
 554         6295.10838000
 555         6326.19496000
 556         6357.42369000
 557         6388.77069000
 558         6420.26252000
 559         6451.89623000
 560         6483.65050000
 561         6515.57110000
 562         6547.61429000
 563         6579.77627000
 564         6612.10780000
 565         6644.56153000
 566         6677.15963000
 567         6709.88122000
 568         6742.77331000
 569         6775.78751000
 570         6808.94892000
 571         6842.23580000
 572         6875.69205000
 573         6909.27377000
 574         6943.00486000
 575         6976.88431000
 576         7010.91320000
 577         7045.06676000
 578         7079.37185000
 579         7113.85130000
 580         7148.45715000
 581         7183.19037000
 582         7218.09914000
 583         7253.16068000
 584         7288.34847000
 585         7323.69046000
 586         7359.18558000
 587         7394.83495000
 588         7430.63677000
 589         7466.59361000
 590         7502.70440000
 591         7538.94519000
 592         7575.36792000
 593         7611.91988000
 594         7648.62946000
 595         7685.52004000
 596         7722.54311000
 597         7759.72197000
 598         7797.06078000
 599         7834.58079000
 600         7872.23466000
 601         7910.04813000
 602         7948.02008000
 603         7986.15317000
 604         8024.44397000
 605         8062.89670000
 606         8101.50943000
 607         8140.28487000
 608         8179.22109000
 609         8218.31769000
 610         8257.60561000
 611         8297.02727000
 612         8336.61440000
 613         8376.39100000
 614         8416.30474000
 615         8456.40881000
 616         8496.65309000
 617         8537.08537000
 618         8577.68475000
 619         8618.45002000
 620         8659.38156000
 621         8700.48139000
 622         8741.74584000
 623         8783.20740000
 624         8824.80715000
 625         8866.60325000
 626         8908.56720000
 627         8950.70189000
 628         8993.03101000
 629         9035.50338000
 630         9078.17436000
 631         9120.98763000
 632         9164.02802000
 633         9207.21145000
 634         9250.56760000
 635         9294.12208000
 636         9337.85014000
 637         9381.75047000
 638         9425.85050000
 639         9470.09996000
 640         9514.54827000
 641         9559.20024000
 642         9604.00106000
 643         9649.00208000
 644         9694.18083000
 645         9739.56332000
 646         9785.12267000
 647         9830.85926000
 648         9876.77260000
 649         9922.89325000
 650         9969.19150000
 651        10015.69535000
 652        10062.35269000
 653        10109.24507000
 654        10156.28993000
 655        10203.54039000
 656        10251.00145000
 657        10298.64669000
 658        10346.47016000
 659        10394.47768000
 660        10442.72381000
 661        10491.12509000
 662        10539.73793000
 663        10588.53566000
 664        10637.54404000
 665        10686.76546000
 666        10736.14576000
 667        10785.76733000
 668        10835.57598000
 669        10885.57024000
 670        10935.77984000
 671        10986.17684000
 672        11036.78919000
 673        11087.59170000
 674        11138.61145000
 675        11189.84801000
 676        11241.27417000
 677        11292.91999000
 678        11344.75724000
 679        11396.81317000
 680        11449.05751000
 681        11501.52927000
 682        11554.21629000
 683        11607.09792000
 684        11660.20161000
 685        11713.52690000
 686        11767.04815000
 687        11820.79093000
 688        11874.73157000
 689        11928.92392000
 690        11983.31307000
 691        12037.89740000
 692        12092.70767000
 693        12147.74438000
 694        12203.00909000
 695        12258.50129000
 696        12314.19093000
 697        12370.11106000
 698        12426.25911000
 699        12482.60594000
 700        12539.18163000
 701        12595.99188000
 702        12653.02890000
 703        12710.29946000
 704        12767.77420000
 705        12825.47819000
 706        12883.44823000
 707        12941.58965000
 708        12999.99606000
 709        13058.63479000
 710        13117.48050000
 711        13176.58967000
 712        13235.90461000
 713        13295.46032000
 714        13355.24975000
 715        13415.27665000
 716        13475.54373000
 717        13536.04606000
 718        13596.79179000
 719        13657.74436000
 720        13718.96637000
 721        13780.42896000
 722        13842.10421000
 723        13904.05058000
 724        13966.20946000
 725        14028.64057000
 726        14091.31372000
 727        14154.20194000
 728        14217.36632000
 729        14280.77203000
 730        14344.39653000
 731        14408.29317000
 732        14472.43723000
 733        14536.83036000
 734        14601.46851000
 735        14666.38683000
 736        14731.52234000
 737        14796.90787000
 738        14862.57179000
 739        14928.45664000
 740        14994.62098000
 741        15061.03750000
 742        15127.73706000
 743        15194.65839000
 744        15261.82992000
 745        15329.28735000
 746        15397.00084000
 747        15464.96497000
 748        15533.21917000
 749        15601.69450000
 750        15670.45863000
 751        15739.51102000
 752        15808.78845000
 753        15878.35403000
 754        15948.18005000
 755        16018.26338000
 756        16088.63661000
 757        16159.27195000
 758        16230.16373000
 759        16301.35214000
 760        16372.80184000
 761        16444.51208000
 762        16516.51952000
 763        16588.78736000
 764        16661.31864000
 765        16734.14637000
 766        16807.23865000
 767        16880.62985000
 768        16954.28418000
 769        17028.24121000
 770        17102.46119000
 771        17176.98509000
 772        17251.77564000
 773        17326.83333000
 774        17402.19285000
 775        17477.85746000
 776        17553.79225000
 777        17629.99511000
 778        17706.50748000
 779        17783.31684000
 780        17860.40655000
 781        17937.79441000
 782        18015.49966000
 783        18093.46839000
 784        18171.71982000
 785        18250.27305000
 786        18329.14083000
 787        18408.31709000
 788        18487.76763000
 789        18567.53327000
 790        18647.57567000
 791        18727.93168000
 792        18808.59782000
 793        18889.58025000
 794        18970.84038000
 795        19052.41800000
 796        19134.27443000
 797        19216.48344000
 798        19298.97384000
 799        19381.78148000
 800        19464.90982000
 801        19548.31987000
 802        19632.08308000
 803        19716.13201000
 804        19800.50418000
 805        19885.19455000
 806        19970.20804000
 807        20055.50958000
 808        20141.16547000
 809        20227.11205000
 810        20313.38717000
 811        20399.98571000
 812        20486.90682000
 813        20574.15699000
 814        20661.73102000
 815        20749.63543000
 816        20837.86792000
 817        20926.42768000
 818        21015.28204000
 819        21104.49966000
 820        21194.05094000
 821        21283.93504000
 822        21374.15113000
 823        21464.69533000
 824        21555.57581000
 825        21646.79020000
 826        21738.33917000
 827        21830.22334000
 828        21922.44185000
 829        22015.03209000
 830        22107.92583000
 831        22201.19425000
 832        22294.79811000
 833        22388.74271000
 834        22483.02714000
 835        22577.65519000
 836        22672.65678000
 837        22768.00023000
 838        22863.68936000
 839        22959.71692000
 840        23056.08827000
 841        23152.84620000
 842        23249.94615000
 843        23347.42778000
 844        23445.21529000
 845        23543.39391000
 846        23641.91557000
 847        23740.82501000
 848        23840.08045000
 849        23939.69070000
 850        24039.68111000
 851        24140.03100000
 852        24240.72628000
 853        24341.81039000
 854        24443.25446000
 855        24545.08056000
 856        24647.27135000
 857        24749.84227000
 858        24852.77931000
 859        24956.06639000
 860        25059.75078000
 861        25163.82991000
 862        25268.26791000
 863        25373.10553000
 864        25478.29316000
 865        25583.85536000
 866        25689.84076000
 867        25796.19711000
 868        25902.91131000
 869        26010.03132000
 870        26117.54753000
 871        26225.43235000
 872        26333.71829000
 873        26442.40788000
 874        26551.46823000
 875        26660.92666000
 876        26770.79804000
 877        26881.03526000
 878        26991.72429000
 879        27102.73791000
 880        27214.19775000
 881        27326.07267000
 882        27438.31697000
 883        27550.97244000
 884        27664.04346000
 885        27777.48959000
 886        27891.38319000
 887        28005.65700000
 888        28120.34212000
 889        28235.44300000
 890        28350.96408000
 891        28466.89879000
 892        28583.25900000
 893        28699.99270000
 894        28817.18396000
 895        28934.76507000
 896        29052.80167000
 897        29171.25651000
 898        29290.10723000
 899        29409.40834000
 900        29529.09927000
 901        29649.25737000
 902        29769.79537000
 903        29890.80216000
 904        30012.23640000
 905        30134.10272000
 906        30256.39420000
 907        30379.11545000
 908        30502.26728000
 909        30625.85044000
 910        30749.90639000
 911        30874.35462000
 912        30999.27532000
 913        31124.63056000
 914        31250.46594000
 915        31376.68870000
 916        31503.39923000
 917        31630.53955000
 918        31758.11841000
 919        31886.17967000
 920        32014.67710000
 921        32143.61953000
 922        32273.04293000
 923        32402.86561000
 924        32533.21223000
 925        32663.96784000
 926        32795.20167000
 927        32926.92072000
 928        33059.09263000
 929        33191.70581000
 930        33324.77759000
 931        33458.36307000
 932        33592.36928000
 933        33726.86586000
 934        33861.84323000
 935        33997.28559000
 936        34133.21253000
 937        34269.60197000
 938        34406.47768000
 939        34543.81332000
 940        34681.64330000
 941        34819.97920000
 942        34958.76691000
 943        35098.05373000
 944        35237.80041000
 945        35378.04359000
 946        35518.80372000
 947        35660.01320000
 948        35801.77305000
 949        35943.95006000
 950        36086.67711000
 951        36229.90817000
 952        36373.61027000
 953        36517.81591000
 954        36662.53931000
 955        36807.71849000
 956        36953.45339000
 957        37099.66814000
 958        37246.38184000
 959        37393.62238000
 960        37541.37266000
 961        37689.63357000
 962        37838.36959000
 963        37987.67261000
 964        38137.48437000
 965        38287.77844000
 966        38438.63094000
 967        38589.96291000
 968        38741.85750000
 969        38894.27918000
 970        39047.18526000
 971        39200.64519000
 972        39354.64433000
 973        39509.15783000
 974        39664.20302000
 975        39819.77611000
 976        39975.87802000
 977        40132.50490000
 978        40289.71834000
 979        40447.45388000
 980        40605.71718000
 981        40764.52352000
 982        40923.89641000
 983        41083.76763000
 984        41244.22177000
 985        41405.20827000
 986        41566.77970000
 987        41728.88536000
 988        41891.53103000
 989        42054.76463000
 990        42218.53523000
 991        42382.84865000
 992        42547.74803000
 993        42713.19713000
 994        42879.19189000
 995        43045.77058000
 996        43212.94424000
 997        43380.66649000
 998        43548.93821000
 999        43717.79780000
1000        43887.21384000
1001        44057.21970000
1002        44227.82661000
1003        44398.98781000
1004        44570.74184000
1005        44743.06235000
1006        44915.97769000
1007        45089.49921000
1008        45263.56946000
1009        45438.24790000
1010        45613.53036000
1011        45789.37486000
1012        45965.82011000
1013        46142.88824000
1014        46320.54336000
1015        46498.78028000
1016        46677.61669000
1017        46857.08556000
1018        47037.14532000
1019        47217.82899000
1020        47399.12159000
1021        47580.98063000
1022        47763.47214000
1023        47946.60829000
1024        48130.33558000
1025        48314.66595000
1026        48499.63314000
1027        48685.19441000
1028        48871.41115000
1029        49058.22945000
1030        49245.72725000
1031        49433.80692000
1032        49622.50772000
1033        49811.84742000
1034        50001.84879000
1035        50192.48567000
1036        50383.70376000
1037        50575.60357000
1038        50768.13075000
1039        50961.33625000
1040        51155.14406000
1041        51349.62098000
1042        51544.74664000
1043        51740.50493000
1044        51936.94708000
1045        52134.02976000
1046        52331.75980000
1047        52530.11504000
1048        52729.17600000
1049        52928.87591000
1050        53129.26052000
1051        53330.30967000
1052        53531.98921000
1053        53734.36851000
1054        53937.44880000
1055        54141.18042000
1056        54345.55250000
1057        54550.63489000
1058        54756.37183000
1059        54962.80345000
1060        55169.93693000
1061        55377.72820000
1062        55586.22965000
1063        55795.38502000
1064        56005.25285000
1065        56215.82214000
1066        56427.11237000
1067        56639.04866000
1068        56851.70820000
1069        57065.03436000
1070        57279.11937000
1071        57493.86083000
1072        57709.33028000
1073        57925.47079000
1074        58142.36866000
1075        58359.99190000
1076        58578.28328000
1077        58797.30233000
1078        59017.05028000
1079        59237.50290000
1080        59458.71225000
1081        59680.62220000
1082        59903.25935000
1083        60126.63133000
1084        60350.73289000
1085        60575.57818000
1086        60801.16932000
1087        61027.47975000
1088        61254.51149000
1089        61482.32511000
1090        61710.82245000
1091        61940.11721000
1092        62170.15108000
1093        62400.92522000
1094        62632.43420000
1095        62864.71913000
1096        63097.78119000
1097        63331.56165000
1098        63566.14847000
1099        63801.43595000
1100        64037.51891000
1101        64274.38513000
1102        64512.02949000
1103        64750.39902000
1104        64989.56899000
1105        65229.52095000
1106        65470.20146000
1107        65711.76083000
1108        65953.99701000
1109        66197.07441000
1110        66440.93224000
1111        66685.57982000
1112        66931.00323000
1113        67177.20499000
1114        67424.23383000
1115        67672.07012000
1116        67920.67458000
1117        68170.08893000
1118        68420.33567000
1119        68671.34719000
1120        68923.17951000
1121        69175.83391000
1122        69429.31172000
1123        69683.55916000
1124        69938.69480000
1125        70194.60260000
1126        70451.33892000
1127        70708.91235000
1128        70967.30240000
1129        71226.49861000
1130        71486.55477000
1131        71747.46800000
1132        72009.14728000
1133        72271.72719000
1134        72535.15353000
1135        72799.36439000
1136        73064.45779000
1137        73330.39406000
1138        73597.17454000
1139        73864.84908000
1140        74133.32943000
1141        74402.65793000
1142        74672.87703000
1143        74943.96211000
1144        75215.88417000
1145        75488.72374000
1146        75762.40290000
1147        76036.94586000
1148        76312.34629000
1149        76588.66221000
1150        76865.82286000
1151        77143.89403000
1152        77422.78668000
1153        77702.64176000
1154        77983.35460000
1155        78264.94995000
1156        78547.45497000
1157        78830.82166000
1158        79115.12440000
1159        79400.34097000
1160        79686.42324000
1161        79973.38842000
1162        80261.33701000
1163        80550.15538000
1164        80839.84478000
1165        81130.53003000
1166        81422.10527000
1167        81714.58920000
1168        82007.96578000
1169        82302.31981000
1170        82597.57749000
1171        82893.78201000
1172        83190.91023000
1173        83488.98817000
1174        83787.96725000
1175        84087.90766000
1176        84388.76855000
1177        84690.61850000
1178        84993.37521000
1179        85297.14067000
1180        85601.84095000
1181        85907.46068000
1182        86214.06837000
1183        86521.64037000
1184        86830.15274000
1185        87139.65786000
1186        87450.09767000
1187        87761.56685000
1188        88073.93141000
1189        88387.31117000
1190        88701.67421000
1191        89017.03830000
1192        89333.40608000
1193        89650.69224000
1194        89969.03599000
1195        90288.27600000
1196        90608.61907000
1197        90929.87869000
1198        91252.22710000
1199        91575.49492000
1200        91899.83697000
1201        92225.12783000
1202        92551.44478000
1203        92878.81615000
1204        93207.18984000
1205        93536.59663000
1206        93866.95720000
1207        94198.42089000
1208        94530.87732000
1209        94864.37951000
1210        95198.90476000
1211        95534.44242000
1212        95871.03959000
1213        96208.70708000
1214        96547.40979000
1215        96887.12498000
1216        97227.93945000
1217        97569.78805000
1218        97912.64999000
1219        98256.66249000
1220        98601.67660000
1221        98947.74582000
1222        99294.89046000
1223        99643.16434000
1224        99992.43639000
1225       100342.77917000
1226       100694.27509000
1227       101046.81648000
1228       101400.44297000
1229       101755.15617000
1230       102110.92890000
1231       102467.84402000
1232       102825.78852000
1233       103184.91198000
1234       103545.09704000
1235       103906.39233000
1236       104268.76609000
1237       104632.33143000
1238       104996.94915000
1239       105362.68947000
1240       105729.55776000
1241       106097.53229000
1242       106466.63795000
1243       106836.91607000
1244       107208.29547000
1245       107580.81086000
1246       107954.46073000
1247       108329.24988000
1248       108705.21006000
1249       109082.26952000
1250       109460.49324000
1251       109839.89314000
1252       110220.40729000
1253       110602.14432000
1254       110984.98869000
1255       111369.02632000
1256       111754.21784000
1257       112140.58549000
1258       112528.14130000
1259       112916.84369000
1260       113306.73950000
1261       113697.83909000
1262       114090.12333000
1263       114483.58347000
1264       114878.26319000
1265       115274.09060000
1266       115671.15172000
1267       116069.36370000
1268       116468.86715000
1269       116869.51407000
1270       117271.42337000
1271       117674.50077000
1272       118078.76922000
1273       118484.32781000
1274       118891.11376000
1275       119299.07398000
1276       119708.27570000
1277       120118.78597000
1278       120530.45407000
1279       120943.37983000
1280       121357.54313000
1281       121773.00057000
1282       122189.67734000
1283       122607.55300000
1284       123026.79424000
1285       123447.23788000
1286       123868.91897000
1287       124291.86066000
1288       124716.12069000
1289       125141.66743000
1290       125568.48020000
1291       125996.53939000
1292       126425.86799000
1293       126856.51311000
1294       127288.45396000
1295       127721.70384000
1296       128156.24173000
1297       128592.09234000
1298       129029.21161000
1299       129467.67026000
1300       129907.35708000
1301       130348.43111000
1302       130790.84801000
1303       131234.52152000
1304       131679.53244000
1305       132125.90342000
1306       132573.59224000
1307       133022.61254000
1308       133472.94265000
1309       133924.64019000
1310       134377.67483000
1311       134832.04850000
1312       135287.78337000
1313       135744.89696000
1314       136203.35159000
1315       136663.16487000
1316       137124.37093000
1317       137586.91546000
1318       138050.78817000
1319       138516.09135000
1320       138982.78726000
1321       139450.80480000
1322       139920.29531000
1323       140391.12340000
1324       140863.32772000
1325       141336.98651000
1326       141811.98845000
1327       142288.42923000
1328       142766.26121000
1329       143245.53609000
1330       143726.19347000
1331       144208.31027000
1332       144691.76900000
1333       145176.74825000
1334       145663.10490000
1335       146150.87221000
1336       146640.11565000
1337       147130.78011000
1338       147622.88023000
1339       148116.43078000
1340       148611.49109000
1341       149107.96743000
1342       149605.91322000
1343       150105.27882000
1344       150606.11793000
1345       151108.45117000
1346       151612.31967000
1347       152117.53212000
1348       152624.34150000
1349       153132.56405000
1350       153642.30402000
1351       154153.56345000
1352       154666.26017000
1353       155180.52020000
1354       155696.25272000
1355       156213.53502000
1356       156732.23582000
1357       157252.51297000
1358       157774.29283000
1359       158297.59524000
1360       158822.43572000
1361       159348.84343000
1362       159876.74892000
1363       160406.18902000
1364       160937.17179000
1365       161469.67574000
1366       162003.78870000
1367       162539.40971000
1368       163076.59940000
1369       163615.39076000
1370       164155.68272000
1371       164697.59443000
1372       165241.02763000
1373       165786.09597000
1374       166332.68993000
1375       166880.91227000
1376       167430.74861000
1377       167982.11668000
1378       168535.16209000
1379       169089.74330000
1380       169645.93321000
1381       170203.73615000
1382       170763.13793000
1383       171324.21427000
1384       171886.88131000
1385       172451.18256000
1386       173017.06266000
1387       173584.67112000
1388       174153.81794000
1389       174724.68320000
1390       175297.18064000
1391       175871.34063000
1392       176447.10784000
1393       177024.55762000
1394       177603.64747000
1395       178184.41025000
1396       178766.84714000
1397       179351.00583000
1398       179936.76900000
1399       180524.30313000
1400       181113.43118000
1401       181704.30485000
1402       182296.91168000
1403       182891.16377000
1404       183487.09322000
1405       184084.82297000
1406       184684.14415000
1407       185285.28562000
1408       185888.12797000
1409       186492.67509000
1410       187098.92732000
1411       187707.02516000
1412       188316.77219000
1413       188928.21664000
1414       189541.51419000
1415       190156.52780000
1416       190773.27678000
1417       191391.74782000
1418       192012.08018000
1419       192634.10790000
1420       193257.95676000
1421       193883.52119000
1422       194510.94081000
1423       195140.12811000
1424       195771.06689000
1425       196403.85493000
1426       197038.38295000
1427       197674.72011000
1428       198312.91091000
1429       198952.89661000
1430       199594.69559000
1431       200238.34258000
1432       200883.80782000
1433       201531.02847000
1434       202180.18203000
1435       202831.17725000
1436       203484.00024000
1437       204138.58752000
1438       204795.11799000
1439       205453.48330000
1440       206113.66927000
1441       206775.77298000
1442       207439.70213000
1443       208105.55405000
1444       208773.29789000
1445       209442.95811000
1446       210114.40298000
1447       210787.79752000
1448       211463.07679000
1449       212140.31085000
1450       212819.37247000
1451       213500.43906000
1452       214183.37195000
1453       214868.25291000
1454       215554.97078000
1455       216243.75547000
1456       216934.44433000
1457       217626.97725000
1458       218321.55047000
1459       219018.03493000
1460       219716.50254000
1461       220416.88623000
1462       221119.25825000
1463       221823.64889000
1464       222529.93546000
1465       223238.24574000
1466       223948.58237000
1467       224660.80463000
1468       225375.05824000
1469       226091.29237000
1470       226809.60707000
1471       227529.86244000
1472       228252.15960000
1473       228976.50116000
1474       229702.82670000
1475       230431.12947000
1476       231161.56595000
1477       231894.04815000
1478       232628.48808000
1479       233365.00617000
1480       234103.56010000
1481       234844.22442000
1482       235586.93000000
1483       236331.69599000
1484       237078.50846000
1485       237827.39667000
1486       238578.44550000
1487       239331.51187000
1488       240086.70701000
1489       240843.96982000
1490       241603.35908000
1491       242364.82130000
1492       243128.44168000
1493       243894.11405000
1494       244662.01402000
1495       245431.93345000
1496       246203.98372000
1497       246978.30106000
1498       247754.65241000
1499       248533.11673000
1500       249313.79927000
1501       250096.70307000
1502       250881.65094000
1503       251668.87051000
1504       252458.17164000
1505       253249.65295000
1506       254043.44156000
1507       254839.33774000
1508       255637.42992000
1509       256437.74649000
1510       257240.25085000
1511       258044.94568000
1512       258851.89307000
1513       259660.99666000
1514       260472.37838000
1515       261286.02637000
1516       262101.77353000
1517       262919.93262000
1518       263740.22108000
1519       264562.82248000
1520       265387.66375000
1521       266214.82402000
1522       267044.20938000
1523       267875.83838000
1524       268709.71373000
1525       269545.94450000
1526       270384.53380000
1527       271225.25500000
1528       272068.42277000
1529       272913.83424000
1530       273761.50903000
1531       274611.56032000
1532       275464.00549000
1533       276318.61864000
1534       277175.63777000
1535       278035.08411000
1536       278896.79291000
1537       279760.84823000
1538       280627.30048000
1539       281496.08667000
1540       282367.16712000
1541       283240.77823000
1542       284116.62560000
1543       284994.90554000
1544       285875.59787000
1545       286758.66278000
1546       287644.16944000
1547       288532.05456000
1548       289422.43071000
1549       290315.10467000
1550       291210.27555000
1551       292107.83678000
1552       293007.85765000
1553       293910.31849000
1554       294815.15741000
1555       295722.55280000
1556       296632.37604000
1557       297544.62977000
1558       298459.31649000
1559       299376.59510000
1560       300296.26855000
1561       301218.40648000
1562       302143.14588000
1563       303070.28892000
1564       303999.99490000
1565       304932.19990000
1566       305866.95222000
1567       306804.16450000
1568       307743.95312000
1569       308686.18380000
1570       309631.04264000
1571       310578.44060000
1572       311528.31312000
1573       312480.89128000
1574       313435.92727000
1575       314393.58353000
1576       315353.72640000
1577       316316.56536000
1578       317281.94147000
1579       318249.85964000
1580       319220.46076000
1581       320193.65220000
1582       321169.44201000
1583       322147.85423000
1584       323128.80058000
1585       324112.49075000
1586       325098.81301000
1587       326087.72295000
1588       327079.33909000
1589       328073.48076000
1590       329070.45463000
1591       330070.02861000
1592       331072.22956000
1593       332077.08464000
1594       333084.71366000
1595       334095.09607000
1596       335108.06975000
1597       336123.73472000
1598       337142.16283000
1599       338163.33317000
1600       339187.15579000
1601       340213.70241000
1602       341243.07474000
1603       342275.05968000
1604       343309.94590000
1605       344347.42600000
1606       345387.79536000
1607       346430.90239000
1608       347476.76215000
1609       348525.39689000
1610       349576.80993000
1611       350631.02331000
1612       351688.07192000
1613       352747.90894000
1614       353810.48677000
1615       354875.96106000
1616       355944.22657000
1617       357015.33743000
1618       358089.20924000
1619       359166.05371000
1620       360245.70987000
1621       361328.23266000
1622       362413.59187000
1623       363501.79049000
1624       364592.93562000
1625       365686.90922000
1626       366783.81042000
1627       367883.56440000
1628       368986.25291000
1629       370091.87955000
1630       371200.36882000
1631       372311.80316000
1632       373426.15962000
1633       374543.49475000
1634       375663.77600000
1635       376787.04313000
1636       377913.19304000
1637       379042.25561000
1638       380174.38487000
1639       381309.48752000
1640       382447.43234000
1641       383588.45469000
1642       384732.55841000
1643       385879.62274000
1644       387029.66709000
1645       388182.66730000
1646       389338.69273000
1647       390497.87269000
1648       391660.04643000
1649       392825.24479000
1650       393993.47110000
1651       395164.86725000
1652       396339.24321000
1653       397516.68549000
1654       398697.22556000
1655       399880.78330000
1656       401067.60107000
1657       402257.44368000
1658       403450.37077000
1659       404646.32931000
1660       405845.59176000
1661       407047.83642000
1662       408253.27942000
1663       409461.89616000
1664       410673.59040000
1665       411888.50874000
1666       413106.51140000
1667       414327.80328000
1668       415552.14348000
1669       416779.79486000
1670       418010.48748000
1671       419244.51282000
1672       420481.68703000
1673       421721.94165000
1674       422965.71583000
1675       424212.47422000
1676       425462.57155000
1677       426715.89439000
1678       427972.45955000
1679       429232.34624000
1680       430495.35127000
1681       431761.81713000
1682       433031.40842000
1683       434304.43908000
1684       435580.67435000
1685       436860.22498000
1686       438143.00478000
1687       439429.25253000
1688       440718.64650000
1689       442011.53453000
1690       443307.67869000
1691       444607.20389000
1692       445910.02266000
1693       447216.24929000
1694       448525.81910000
1695       449838.88905000
1696       451155.28720000
1697       452474.93598000
1698       453798.12781000
1699       455124.63932000
1700       456454.57797000
1701       457787.96797000
1702       459124.75117000
1703       460465.03570000
1704       461808.73174000
1705       463155.86401000
1706       464506.47818000
1707       465860.64136000
1708       467218.09485000
1709       468579.16872000
1710       469943.67699000
1711       471311.69669000
1712       472683.27613000
1713       474058.33357000
1714       475436.84058000
1715       476818.97080000
1716       478204.67804000
1717       479593.82354000
1718       480986.59568000
1719       482382.81317000
1720       483782.69805000
1721       485186.18997000
1722       486593.20373000
1723       488003.84115000
1724       489418.03226000
1725       490835.92105000
1726       492257.37188000
1727       493682.40473000
1728       495111.07349000
1729       496543.42356000
1730       497979.45929000
1731       499419.05151000
1732       500862.40441000
1733       502309.35507000
1734       503760.04160000
1735       505214.44198000
1736       506672.47870000
1737       508134.16969000
1738       509599.78999000
1739       511068.96421000
1740       512541.79789000
1741       514018.50619000
1742       515498.91660000
1743       516983.10801000
1744       518471.05031000
1745       519962.74159000
1746       521458.22650000
1747       522957.44005000
1748       524460.52494000
1749       525967.34657000
1750       527478.04834000
1751       528992.53000000
1752       530510.90077000
1753       532032.91944000
1754       533558.98122000
1755       535088.87491000
1756       536622.67558000
1757       538160.10440000
1758       539701.55924000
1759       541247.08096000
1760       542796.24237000
1761       544349.47553000
1762       545906.50721000
1763       547467.54847000
1764       549032.38831000
1765       550601.32651000
1766       552174.14761000
1767       553750.85203000
1768       555331.59262000
1769       556916.34108000
1770       558505.02246000
1771       560097.57398000
1772       561694.36287000
1773       563295.02757000
1774       564899.79539000
1775       566508.48405000
1776       568121.17146000
1777       569738.01246000
1778       571358.90049000
1779       572983.80083000
1780       574612.75680000
1781       576245.80850000
1782       577882.92484000
1783       579524.26188000
1784       581169.52042000
1785       582819.04527000
1786       584472.57692000
1787       586130.27084000
1788       587792.13180000
1789       589458.08846000
1790       591128.33646000
1791       592802.65084000
1792       594481.22766000
1793       596163.87971000
1794       597850.72656000
1795       599541.81147000
1796       601237.10019000
1797       602936.71398000
1798       604640.26942000
1799       606348.39187000
1800       608060.65961000
1801       609777.15404000
1802       611497.87975000
1803       613222.91969000
1804       614952.27876000
1805       616685.76432000
1806       618423.69688000
1807       620165.84215000
1808       621912.52402000
1809       623663.34999000
1810       625418.52343000
1811       627178.08707000
1812       628942.08585000
1813       630710.32613000
1814       632482.97060000
1815       634260.06750000
1816       636041.53510000
1817       637827.46507000
1818       639617.77821000
1819       641412.40070000
1820       643211.49357000
1821       645015.06500000
1822       646823.12011000
1823       648635.62282000
1824       650452.61496000
1825       652274.06408000
1826       654100.01656000
1827       655930.26960000
1828       657765.40514000
1829       659604.84608000
1830       661448.85159000
1831       663297.33804000
1832       665150.31503000
1833       667008.03471000
1834       668870.32853000
1835       670737.12797000
1836       672608.43199000
1837       674484.41469000
1838       676364.99654000
1839       678250.26775000
1840       680140.06274000
1841       682034.46507000
1842       683933.57171000
1843       685837.33835000
1844       687745.82697000
1845       689658.89205000
1846       691576.76895000
1847       693499.11606000
1848       695426.40087000
1849       697358.20856000
1850       699294.97260000
1851       701236.34900000
1852       703182.30603000
1853       705133.31561000
1854       707088.81934000
1855       709049.21855000
1856       711014.47478000
1857       712984.49585000
1858       714959.21559000
1859       716938.84353000
1860       718923.34026000
1861       720912.49662000
1862       722906.62134000
1863       724905.64019000
1864       726909.50343000
1865       728918.26142000
1866       730931.96443000
1867       732950.26529000
1868       734973.82888000
1869       737002.09106000
1870       739035.35383000
1871       741073.50753000
1872       743116.67258000
1873       745164.85421000
1874       747217.80451000
1875       749275.92012000
1876       751338.97571000
1877       753407.12747000
1878       755480.05561000
1879       757558.21828000
1880       759641.20103000
1881       761729.47638000
1882       763822.62842000
1883       765920.86273000
1884       768024.29994000
1885       770132.64185000
1886       772246.33965000
1887       774364.93888000
1888       776488.58643000
1889       778617.65464000
1890       780751.51008000
1891       782890.83144000
1892       785035.09346000
1893       787184.64105000
1894       789339.31700000
1895       791499.35302000
1896       793664.38343000
1897       795834.49420000
1898       798010.25793000
1899       800190.83656000
1900       802376.94994000
1901       804568.01802000
1902       806764.71484000
1903       808966.62201000
1904       811173.69523000
1905       813385.98885000
1906       815603.73832000
1907       817826.76876000
1908       820055.16759000
1909       822288.94050000
1910       824527.91106000
1911       826772.46642000
1912       829022.21238000
1913       831277.50510000
1914       833538.19988000
1915       835804.25190000
1916       838075.66641000
1917       840352.60083000
1918       842635.01056000
1919       844922.67843000
1920       847215.98547000
1921       849514.61188000
1922       851818.99213000
1923       854128.56853000
1924       856443.87094000
1925       858764.74047000
1926       861091.05922000
1927       863422.95682000
1928       865760.24156000
1929       868103.30336000
1930       870451.90965000
1931       872806.07567000
1932       875165.72357000
1933       877531.25655000
1934       879902.09442000
1935       882278.86030000
1936       884661.15296000
1937       887049.09146000
1938       889443.00004000
1939       891842.40728000
1940       894247.39423000
1941       896658.10327000
1942       899074.64731000
1943       901496.81833000
1944       903924.72881000
1945       906358.38493000
1946       908797.98417000
1947       911243.25735000
1948       913694.26937000
1949       916151.24314000
1950       918613.79946000
1951       921082.30439000
1952       923556.59616000
1953       926036.68065000
1954       928522.73189000
1955       931014.58763000
1956       933512.55884000
1957       936016.21027000
1958       938525.87929000
1959       941041.54563000
1960       943562.93542000
1961       946090.44591000
1962       948623.88751000
1963       951163.15420000
1964       953708.56052000
1965       956260.00061000
1966       958817.28334000
1967       961380.63987000
1968       963950.13331000
1969       966525.71370000
1970       969107.10233000
1971       971694.70391000
1972       974288.38202000
1973       976888.22770000
1974       979494.07752000
1975       982105.87715000
1976       984724.00768000
1977       987348.33060000
1978       989978.88295000
1979       992615.40851000
1980       995258.29228000
1981       997907.24600000
1982      1000562.13553000
1983      1003223.69031000
1984      1005891.24718000
1985      1008565.16347000
1986      1011245.24311000
1987      1013931.78117000
1988      1016624.46257000
1989      1019323.49727000
1990      1022028.80565000
1991      1024740.39432000
1992      1027458.35509000
1993      1030182.48908000
1994      1032913.33302000
1995      1035650.36279000
1996      1038393.82472000
1997      1041143.53597000
1998      1043899.65713000
1999      1046662.35092000
2000      1049431.31184000
2001      1052206.94516000
2002      1054988.64947000
2003      1057777.37020000
2004      1060572.29608000
2005      1063373.88644000
2006      1066181.81635000
2007      1068996.30094000
2008      1071817.38399000
2009      1074644.99789000
2010      1077479.09977000
2011      1080319.74461000
2012      1083167.13894000
2013      1086021.25254000
2014      1088881.92924000
2015      1091749.08827000
2016      1094622.86084000
2017      1097503.34047000
2018      1100390.57305000
2019      1103284.40010000
2020      1106184.95403000
2021      1109092.28150000
2022      1112006.22246000
2023      1114926.91035000
2024      1117854.35185000
2025      1120788.68164000
2026      1123729.77879000
2027      1126677.65026000
2028      1129632.26086000
2029      1132593.52945000
2030      1135561.84997000
2031      1138537.05895000
2032      1141519.03315000
2033      1144507.95151000
2034      1147503.77866000
2035      1150506.39057000
2036      1153516.05536000
2037      1156532.51809000
2038      1159556.04789000
2039      1162586.52042000
2040      1165623.81037000
2041      1168668.18879000
2042      1171719.48566000
2043      1174777.97313000
2044      1177843.30434000
2045      1180915.75256000
2046      1183995.50146000
2047      1187081.98048000
2048      1190175.82044000
2049      1193276.49111000
2050      1196384.40294000
2051      1199499.42838000
2052      1202621.57425000
2053      1205750.80015000
2054      1208887.43230000
2055      1212030.93367000
2056      1215181.67135000
2057      1218340.06362000
2058      1221505.07028000
2059      1224677.60912000
2060      1227857.55115000
2061      1231044.53895000
2062      1234238.89493000
2063      1237440.53743000
2064      1240649.61247000
2065      1243865.84940000
2066      1247089.34344000
2067      1250320.15184000
2068      1253558.51090000
2069      1256804.33971000
2070      1260057.50539000
2071      1263317.76994000
2072      1266585.80826000
2073      1269861.24180000
2074      1273144.04019000
2075      1276434.44239000
2076      1279732.11809000
2077      1283037.41200000
2078      1286350.33235000
2079      1289670.74375000
2080      1292998.59910000
2081      1296334.04912000
2082      1299677.01142000
2083      1303027.72773000
2084      1306385.91611000
2085      1309751.58315000
2086      1313125.31782000
2087      1316506.40040000
2088      1319894.98279000
2089      1323291.36453000
2090      1326695.64381000
2091      1330107.44476000
2092      1333527.21619000
2093      1336954.31855000
2094      1340389.34899000
2095      1343832.46429000
2096      1347282.98872000
2097      1350741.40639000
2098      1354207.69352000
2099      1357681.59035000
2100      1361163.67153000
2101      1364653.52710000
2102      1368151.31446000
2103      1371656.55804000
2104      1375170.14027000
2105      1378691.43485000
2106      1382220.90372000
2107      1385758.12931000
2108      1389303.39319000
2109      1392856.64197000
2110      1396417.82103000
2111      1399986.90869000
2112      1403564.09439000
2113      1407149.60314000
2114      1410742.91798000
2115      1414344.32649000
2116      1417953.80071000
2117      1421571.47594000
2118      1425197.29614000
2119      1428831.26909000
2120      1432473.24661000
2121      1436123.45688000
2122      1439781.93474000
2123      1443448.75362000
2124      1447123.44977000
2125      1450806.43638000
2126      1454497.78787000
2127      1458197.60453000
2128      1461905.48611000
2129      1465621.53072000
2130      1469346.22426000
2131      1473078.93694000
2132      1476819.90309000
2133      1480569.47524000
2134      1484327.40923000
2135      1488093.87446000
2136      1491868.48698000
2137      1495651.97026000
2138      1499443.36196000
2139      1503243.40932000
2140      1507052.12138000
2141      1510868.85424000
2142      1514694.66561000
2143      1518528.44103000
2144      1522371.40591000
2145      1526222.32805000
2146      1530082.22172000
2147      1533950.60163000
2148      1537827.62049000
2149      1541713.23375000
2150      1545607.00416000
2151      1549510.04886000
2152      1553421.69266000
2153      1557341.96226000
2154      1561270.67898000
2155      1565208.44679000
2156      1569154.69545000
2157      1573110.08873000
2158      1577073.64058000
2159      1581046.54093000
2160      1585028.19865000
2161      1589018.71530000
2162      1593018.00595000
2163      1597025.83039000
2164      1601042.87940000
2165      1605068.82049000
2166      1609103.66196000
2167      1613147.33337000
2168      1617200.00007000
2169      1621261.51271000
2170      1625331.95837000
2171      1629411.43882000
2172      1633500.13685000
2173      1637597.96770000
2174      1641704.43004000
2175      1645820.39157000
2176      1649944.90540000
2177      1654078.85558000
2178      1658221.90028000
2179      1662373.96583000
2180      1666535.31883000
2181      1670705.53183000
2182      1674885.40455000
2183      1679074.15362000
2184      1683272.40381000
2185      1687479.64026000
2186      1691696.21752000
2187      1695921.97530000
2188      1700157.18609000
2189      1704401.67984000
2190      1708655.10384000
2191      1712918.64417000
2192      1717191.13200000
2193      1721473.03165000
2194      1725764.16991000
2195      1730064.64196000
2196      1734374.73364000
2197      1738694.36672000
2198      1743023.36035000
2199      1747361.91290000
2200      1751709.93811000
2201      1756067.35533000
2202      1760434.35203000
2203      1764811.22295000
2204      1769197.41704000
2205      1773593.22271000
2206      1777998.46243000
2207      1782413.51781000
2208      1786838.21133000
2209      1791272.73955000
2210      1795716.83184000
2211      1800170.58930000
2212      1804633.83155000
2213      1809107.22950000
2214      1813590.13042000
2215      1818082.92283000
2216      1822585.23458000
2217      1827097.54999000
2218      1831619.97532000
2219      1836151.94625000
2220      1840693.85402000
2221      1845245.61171000
2222      1849807.42119000
2223      1854378.80953000
2224      1858960.17008000
2225      1863551.89963000
2226      1868153.33106000
2227      1872764.95736000
2228      1877386.49539000
2229      1882018.24741000
2230      1886659.93168000
2231      1891311.65032000
2232      1895973.12228000
2233      1900645.03853000
2234      1905326.92274000
2235      1910019.46871000
2236      1914721.79981000
2237      1919434.02432000
2238      1924157.13923000
2239      1928889.86514000
2240      1933633.40584000
2241      1938386.77363000
2242      1943150.47326000
2243      1947924.51394000
2244      1952709.21109000
2245      1957503.86628000
2246      1962308.89082000
2247      1967124.39946000
2248      1971950.19105000
2249      1976786.98990000
2250      1981633.68434000
2251      1986490.79522000
2252      1991358.33172000
2253      1996236.40074000
2254      2001125.32510000
2255      2006024.48831000
2256      2010934.32145000
2257      2015854.41016000
2258      2020785.39462000
2259      2025726.85961000
2260      2030679.54728000
2261      2035642.22156000
2262      2040615.40314000
2263      2045599.93672000
2264      2050594.69046000
2265      2055600.49669000
2266      2060616.75043000
2267      2065643.97880000
2268      2070682.29130000
2269      2075731.29098000
2270      2080790.75958000
2271      2085861.12930000
2272      2090942.73760000
2273      2096035.05471000
2274      2101138.30313000
2275      2106251.96631000
2276      2111377.53480000
2277      2116513.10736000
2278      2121660.17813000
2279      2126818.22882000
2280      2131987.15207000
2281      2137167.50772000
2282      2142358.75553000
2283      2147561.33928000
2284      2152774.29956000
2285      2157999.26980000
2286      2163234.83205000
2287      2168481.99017000
2288      2173740.09733000
2289      2179009.38275000
2290      2184289.95487000
2291      2189581.50378000
2292      2194885.02343000
2293      2200199.41787000
2294      2205525.36181000
2295      2210862.19830000
2296      2216210.82744000
2297      2221570.24335000
2298      2226941.92124000
2299      2232324.30493000
2300      2237718.39960000
2301      2243123.89218000
2302      2248540.99167000
2303      2253969.96204000
2304      2259409.78180000
2305      2264861.69255000
2306      2270325.05297000
2307      2275800.07251000
2308      2281286.30419000
2309      2286784.11414000
2310      2292294.43058000
2311      2297815.62899000
2312      2303348.89743000
2313      2308893.75585000
2314      2314450.47614000
2315      2320018.80654000
2316      2325599.12043000
2317      2331190.83155000
2318      2336794.78004000
2319      2342410.84565000
2320      2348037.87009000
2321      2353677.63409000
2322      2359328.94429000
2323      2364992.31413000
2324      2370667.48454000
2325      2376355.17341000
2326      2382054.00958000
2327      2387765.48700000
2328      2393488.70497000
2329      2399224.38701000
2330      2404972.03174000
2331      2410731.54803000
2332      2416503.66372000
2333      2422287.19198000
2334      2428083.58256000
2335      2433891.74602000
2336      2439711.93171000
2337      2445544.77389000
2338      2451389.90258000
2339      2457247.32808000
2340      2463117.06139000
2341      2468999.21445000
2342      2474893.59548000
2343      2480800.41789000
2344      2486719.59128000
2345      2492651.47369000
2346      2498595.09184000
2347      2504551.43987000
2348      2510520.92285000
2349      2516502.02502000
2350      2522496.38737000
2351      2528503.27920000
2352      2534522.56380000
2353      2540554.39882000
2354      2546598.54490000
2355      2552655.96709000
2356      2558725.32197000
2357      2564808.02412000
2358      2570903.53609000
2359      2577011.41289000
2360      2583132.22272000
2361      2589265.67094000
2362      2595412.48078000
2363      2601571.13888000
2364      2607743.18120000
2365      2613928.36597000
2366      2620126.44971000
2367      2626336.67417000
2368      2632560.84553000
2369      2638797.53779000
2370      2645047.43123000
2371      2651309.86512000
2372      2657586.04063000
2373      2663874.62111000
2374      2670176.18886000
2375      2676491.22057000
2376      2682819.36531000
2377      2689161.15795000
2378      2695515.14275000
2379      2701883.58615000
2380      2708264.24148000
2381      2714658.43222000
2382      2721066.43578000
2383      2727486.94322000
2384      2733921.55233000
2385      2740368.68543000
2386      2746830.04936000
2387      2753304.22368000
2388      2759792.12177000
2389      2766292.95321000
2390      2772807.79989000
2391      2779335.87036000
2392      2785877.71248000
2393      2792433.34021000
2394      2799001.78828000
2395      2805583.77332000
2396      2812180.22390000
2397      2818789.79768000
2398      2825412.94415000
2399      2832050.42804000
2400      2838700.96312000
2401      2845365.31352000
2402      2852044.03990000
2403      2858735.67860000
2404      2865441.61397000
2405      2872161.41300000
2406      2878895.36389000
2407      2885642.64916000
2408      2892404.21417000
2409      2899179.86442000
2410      2905969.26417000
2411      2912771.76094000
2412      2919589.42469000
2413      2926420.87225000
2414      2933265.72870000
2415      2940125.33738000
2416      2946998.94038000
2417      2953886.75926000
2418      2960788.98404000
2419      2967705.44966000
2420      2974634.92673000
2421      2981579.80353000
2422      2988538.95721000
2423      2995511.82867000
2424      3002499.28571000
2425      3009501.05527000
2426      3016517.14917000
2427      3023547.39690000
2428      3030592.96311000
2429      3037652.02558000
2430      3044725.95992000
2431      3051814.57041000
2432      3058917.39407000
2433      3066034.25550000
2434      3073166.51817000
2435      3080313.02956000
2436      3087473.90539000
2437      3094650.33063000
2438      3101840.85248000
2439      3109045.77433000
2440      3116266.28845000
2441      3123500.34073000
2442      3130750.01205000
2443      3138014.53505000
2444      3145293.62397000
2445      3152587.58824000
2446      3159896.63341000
2447      3167220.28065000
2448      3174558.94674000
2449      3181912.83862000
2450      3189281.06750000
2451      3196664.65364000
2452      3204063.20307000
2453      3211477.24318000
2454      3218905.96990000
2455      3226350.41134000
2456      3233809.16837000
2457      3241283.66673000
2458      3248773.31176000
2459      3256277.61031000
2460      3263797.79858000
2461      3271333.17146000
2462      3278883.95506000
2463      3286449.33225000
2464      3294031.07083000
2465      3301627.64046000
2466      3309239.45784000
2467      3316867.47757000
2468      3324509.94559000
2469      3332168.84809000
2470      3339842.32833000
2471      3347531.64621000
2472      3355236.92347000
2473      3362957.75376000
2474      3370693.83498000
2475      3378446.65493000
2476      3386213.48870000
2477      3393996.98113000
2478      3401796.51640000
2479      3409610.83723000
2480      3417441.97056000
2481      3425288.23138000
2482      3433151.01572000
2483      3441029.05894000
2484      3448923.65486000
2485      3456833.10450000
2486      3464759.24206000
2487      3472701.97655000
2488      3480659.81553000
2489      3488633.63139000
2490      3496623.54517000
2491      3504629.78768000
2492      3512652.58945000
2493      3520691.20518000
2494      3528745.64642000
2495      3536816.25244000
2496      3544903.80139000
2497      3553007.32324000
2498      3561127.05140000
2499      3569263.10745000
2500      3577415.28234000
2501      3585584.69703000
2502      3593769.92651000
2503      3601971.64641000
2504      3610189.42865000
2505      3618424.28665000
2506      3626675.45104000
2507      3634942.48967000
2508      3643226.75597000
2509      3651528.26768000
2510      3659845.46462000
2511      3668179.59794000
2512      3676530.45296000
2513      3684897.93533000
2514      3693282.95492000
2515      3701683.71980000
2516      3710101.94230000
2517      3718536.38275000
2518      3726988.65349000
2519      3735456.82590000
2520      3743942.62549000
2521      3752445.27276000
2522      3760964.99962000
2523      3769502.05685000
2524      3778054.49321000
2525      3786625.32349000
2526      3795212.83311000
2527      3803817.94876000
2528      3812439.77015000
2529      3821078.87788000
2530      3829735.41682000
2531      3838409.73208000
2532      3847099.75420000
2533      3855808.28200000
2534      3864534.05814000
2535      3873276.85376000
2536      3882037.74269000
2537      3890814.96998000
2538      3899610.78529000
2539      3908423.31994000
2540      3917253.40662000
2541      3926101.77410000
2542      3934966.65216000
2543      3943849.48230000
2544      3952750.28154000
2545      3961668.34613000
2546      3970604.52013000
2547      3979558.70896000
2548      3988529.70296000
2549      3997519.82747000
2550      4006525.94627000
2551      4015551.44941000
2552      4024594.42641000
2553      4033654.63455000
2554      4042734.16955000
2555      4051830.23204000
2556      4060945.76621000
2557      4070077.85205000
2558      4079229.55504000
2559      4088397.72236000
2560      4097584.54276000
2561      4106789.44116000
2562      4116013.17409000
2563      4125254.49428000
2564      4134514.79300000
2565      4143793.07950000
2566      4153089.14425000
2567      4162404.72173000
2568      4171736.82895000
2569      4181089.23198000
2570      4190459.31872000
2571      4199847.47651000
2572      4209254.85342000
2573      4218680.06429000
2574      4228125.01830000
2575      4237586.96231000
2576      4247068.68221000
2577      4256568.67205000
2578      4266087.70959000
2579      4275624.77456000
2580      4285180.14972000
2581      4294755.49836000
2582      4304349.18874000
2583      4313962.22957000
2584      4323594.02820000
2585      4333244.43542000
2586      4342912.96483000
2587      4352602.07253000
2588      4362309.05494000
2589      4372036.15074000
2590      4381781.53899000
2591      4391545.73444000
2592      4401330.20786000
2593      4411133.01504000
2594      4420955.46138000
2595      4430796.26789000
2596      4440657.25190000
2597      4450536.62438000
2598      4460435.41447000
2599      4470354.71828000
2600      4480292.28054000
2601      4490250.39146000
2602      4500227.18770000
2603      4510223.48071000
2604      4520239.28685000
2605      4530275.53779000
2606      4540330.93254000
2607      4550404.67840000
2608      4560499.32206000
2609      4570614.18872000
2610      4580747.85362000
2611      4590901.66025000
2612      4601075.33268000
2613      4611267.95773000
2614      4621481.29403000
2615      4631714.54401000
2616      4641966.37898000
2617      4652239.91121000
2618      4662532.58257000
2619      4672846.16736000
2620      4683178.50660000
2621      4693532.20691000
2622      4703905.10357000
2623      4714299.09717000
2624      4724712.01410000
2625      4735146.06165000
2626      4745601.03276000
2627      4756074.77891000
2628      4766570.12766000
2629      4777084.88851000
2630      4787621.40466000
2631      4798176.63399000
2632      4808752.69563000
2633      4819349.29838000
2634      4829967.30679000
2635      4840605.46744000
2636      4851262.82950000
2637      4861943.58064000
2638      4872643.13853000
2639      4883363.87799000
2640      4894105.38856000
2641      4904868.11662000
2642      4915650.79039000
2643      4926455.57578000
2644      4937279.90628000
2645      4948124.77131000
2646      4958991.48404000
2647      4969879.63236000
2648      4980788.68534000
2649      4991717.58225000
2650      5002668.83586000
2651      5013640.28478000
2652      5024633.48356000
2653      5035647.34469000
2654      5046683.75503000
2655      5057740.53757000
2656      5068819.02642000
2657      5079918.47299000
2658      5091039.77665000
2659      5102181.95432000
2660      5113344.80744000
2661      5124530.78688000
2662      5135737.47507000
2663      5146965.66198000
2664      5158215.48002000
2665      5169487.72666000
2666      5180780.85937000
2667      5192095.55795000
2668      5203432.07112000
2669      5214790.30022000
2670      5226171.28268000
2671      5237572.77454000
2672      5248996.48594000
2673      5260442.66776000
2674      5271910.31249000
2675      5283400.80422000
2676      5294912.45217000
2677      5306446.06861000
2678      5318001.90302000
2679      5329580.65965000
2680      5341179.82916000
2681      5352802.99517000
2682      5364447.52689000
2683      5376114.82638000
2684      5387803.40489000
2685      5399514.78536000
2686      5411249.10466000
2687      5423005.79965000
2688      5434785.00437000
2689      5446586.61963000
2690      5458410.89581000
2691      5470256.67818000
2692      5482126.56539000
2693      5494018.10892000
2694      5505932.26509000
2695      5517870.23229000
2696      5529829.42893000
2697      5541813.30603000
2698      5553818.20316000
2699      5565847.82293000
2700      5577898.49096000
2701      5589972.96763000
2702      5602070.07265000
2703      5614190.06683000
2704      5626334.64520000
2705      5638501.30676000
2706      5650690.66518000
2707      5662903.10082000
2708      5675139.35134000
2709      5687398.71706000
2710      5699681.45100000
2711      5711987.45308000
2712      5724317.34769000
2713      5736669.68858000
2714      5749045.95814000
2715      5761445.68567000
2716      5773869.38099000
2717      5786315.70634000
2718      5798785.66018000
2719      5811279.14368000
2720      5823796.78674000
2721      5836338.23367000
2722      5848903.76201000
2723      5861492.75279000
2724      5874105.98191000
2725      5886742.59020000
2726      5899403.09289000
2727      5912088.01025000
2728      5924795.97527000
2729      5937529.39715000
2730      5950284.89410000
2731      5963066.51179000
2732      5975870.73977000
2733      5988699.73371000
2734      6001552.26220000
2735      6014429.71423000
2736      6027331.87267000
2737      6040258.36870000
2738      6053208.31725000
2739      6066183.54102000
2740      6079183.27669000
2741      6092207.02904000
2742      6105255.32952000
2743      6118328.19585000
2744      6131426.68021000
2745      6144548.73738000
2746      6157696.05444000
2747      6170867.09624000
2748      6184063.43573000
2749      6197285.61531000
2750      6210530.52879000
2751      6223801.84275000
2752      6237097.60978000
2753      6250419.42001000
2754      6263764.67015000
2755      6277136.12251000
2756      6290531.98029000
2757      6303954.08506000
2758      6317400.87277000
2759      6330871.29931000
2760      6344369.62552000
2761      6357891.62704000
2762      6371439.44688000
2763      6385012.69329000
2764      6398611.38557000
2765      6412235.00743000
2766      6425884.11139000
2767      6439559.91297000
2768      6453258.54643000
2769      6466984.87293000
2770      6480737.00243000
2771      6494515.37436000
2772      6508318.92768000
2773      6522148.22108000
2774      6536002.30572000
2775      6549883.92352000
2776      6563791.34187000
2777      6577723.17994000
2778      6591682.73868000
2779      6605667.17960000
2780      6619678.71707000
2781      6633715.41312000
2782      6647779.24947000
2783      6661868.28009000
2784      6675983.50666000
2785      6690125.62511000
2786      6704293.54526000
2787      6718488.39950000
2788      6732710.76712000
2789      6746957.88044000
2790      6761232.11048000
2791      6775532.91965000
2792      6789860.88945000
2793      6804214.91789000
2794      6818595.58549000
2795      6833002.34669000
2796      6847438.29197000
2797      6861898.67466000
2798      6876387.60018000
2799      6890901.23655000
2800      6905443.46010000
2801      6920010.99600000
2802      6934606.59348000
2803      6949229.82695000
2804      6963879.12090000
2805      6978556.66640000
2806      6993260.88449000
2807      7007992.82445000
2808      7022751.01984000
2809      7037538.13571000
2810      7052351.54536000
2811      7067192.88514000
2812      7082059.97176000
2813      7096956.89852000
2814      7111880.19316000
2815      7126831.74802000
2816      7141809.58412000
2817      7156815.84406000
2818      7171849.71878000
2819      7186912.06289000
2820      7202000.88441000
2821      7217119.39958000
2822      7232264.67671000
2823      7247439.10422000
2824      7262639.61438000
2825      7277870.03593000
2826      7293126.10215000
2827      7308413.32143000
2828      7323726.81867000
2829      7339068.65104000
2830      7354439.19345000
2831      7369838.11392000
2832      7385264.83173000
2833      7400719.24176000
2834      7416203.29859000
2835      7431715.94228000
2836      7447256.33915000
2837      7462826.57844000
2838      7478424.25226000
2839      7494050.59449000
2840      7509705.01618000
2841      7525391.33128000
2842      7541102.58483000
2843      7556845.29245000
2844      7572616.16413000
2845      7588416.08199000
2846      7604244.94386000
2847      7620102.77112000
2848      7635990.32826000
2849      7651905.15803000
2850      7667850.38063000
2851      7683822.90977000
2852      7699827.87220000
2853      7715860.80804000
2854      7731923.10723000
2855      7748014.16531000
2856      7764136.63690000
2857      7780286.65385000
2858      7796468.13495000
2859      7812676.56730000
2860      7828915.37039000
2861      7845185.07891000
2862      7861483.18256000
2863      7877812.99953000
2864      7894170.74116000
2865      7910558.33245000
2866      7926976.55992000
2867      7943425.19964000
2868      7959902.08466000
2869      7976410.19102000
2870      7992949.67142000
2871      8009517.45647000
2872      8026117.30798000
2873      8042744.85485000
2874      8059405.16439000
2875      8076093.33047000
2876      8092815.08787000
2877      8109564.08831000
2878      8126345.43055000
2879      8143156.00539000
2880      8159999.10137000
2881      8176870.28650000
2882      8193773.38434000
2883      8210707.23494000
2884      8227671.73408000
2885      8244669.79682000
2886      8261694.72007000
2887      8278751.93124000
2888      8295840.00647000
2889      8312960.55082000
2890      8330110.67744000
2891      8347291.98730000
2892      8364505.04711000
2893      8381749.33792000
2894      8399023.54187000
2895      8416330.48799000
2896      8433667.26306000
2897      8451036.95587000
2898      8468436.64401000
2899      8485869.85069000
2900      8503332.54534000
2901      8520829.61682000
2902      8538354.85661000
2903      8555915.20785000
2904      8573504.01442000
2905      8591127.86319000
2906      8608781.57222000
2907      8626466.52417000
2908      8644186.04692000
2909      8661935.61486000
2910      8679718.55922000
2911      8697531.46008000
2912      8715378.60493000
2913      8733255.30589000
2914      8751167.56247000
2915      8769110.67876000
2916      8787084.92336000
2917      8805093.54647000
2918      8823134.48646000
2919      8841207.44863000
2920      8859312.07070000
2921      8877449.32869000
2922      8895619.95090000
2923      8913824.66828000
2924      8932059.40488000
2925      8950328.28328000
2926      8968629.91959000
2927      8986964.46338000
2928      9005332.06720000
2929      9023731.20282000
2930      9042164.73888000
2931      9060631.40578000
2932      9079132.65865000
2933      9097665.78898000
2934      9116230.55823000
2935      9134831.68147000
2936      9153463.17828000
2937      9172130.23713000
2938      9190829.27891000
2939      9209562.62093000
2940      9228330.28958000
2941      9247131.45998000
2942      9265965.68337000
2943      9284832.12441000
2944      9303735.30794000
2945      9322668.56285000
2946      9341639.34921000
2947      9360641.96669000
2948      9379680.71202000
2949      9398751.32991000
2950      9417857.39379000
2951      9436996.97605000
2952      9456169.96835000
2953      9475378.61585000
2954      9494622.33607000
2955      9513897.43848000
2956      9533209.27740000
2957      9552556.13798000
2958      9571933.94980000
2959      9591349.94918000
2960      9610799.05795000
2961      9630284.29881000
2962      9649802.82169000
2963      9669353.13760000
2964      9688944.31742000
2965      9708565.82567000
2966      9728225.24288000
2967      9747918.18299000
2968      9767648.33652000
2969      9787409.14434000
2970      9807208.86960000
2971      9827043.10218000
2972      9846910.96756000
2973      9866816.44674000
2974      9886755.73651000
2975      9906731.29178000
2976      9926740.69958000
2977      9946788.09648000
2978      9966867.84774000
2979      9986986.28897000
2980     10007137.51383000
2981     10027326.58268000
2982     10047553.14319000
2983     10067813.20164000
2984     10088110.67471000
2985     10108442.59789000
2986     10128810.55579000
2987     10149215.35911000
2988     10169657.16666000
2989     10190132.59837000
2990     10210645.21389000
2991     10231194.91200000
2992     10251779.34883000
2993     10272404.88473000
2994     10293062.16831000
2995     10313758.36255000
2996     10334488.72413000
2997     10355258.05522000
2998     10376061.72715000
2999     10396902.95780000
3000     10417784.18404000
3001     10438698.21519000
3002     10459652.43185000
3003     10480641.10288000
3004     10501668.54129000
3005     10522729.66497000
3006     10543831.22982000
3007     10564968.40660000
3008     10586145.28021000
3009     10607357.68457000
3010     10628605.08495000
3011     10649893.21594000
3012     10671218.84484000
3013     10692581.86766000
3014     10713980.93091000
3015     10735419.21171000
3016     10756895.35960000
3017     10778407.48802000
3018     10799959.05303000
3019     10821546.90817000
3020     10843173.43005000
3021     10864836.41953000
3022     10886541.45572000
3023     10908279.68270000
3024     10930061.11896000
3025     10951878.99628000
3026     10973735.27021000
3027     10995629.83757000
3028     11017560.20238000
3029     11039532.40410000
3030     11061540.58430000
3031     11083589.95758000
3032     11105677.04607000
3033     11127802.00551000
3034     11149964.72667000
3035     11172168.04714000
3036     11194407.74403000
3037     11216688.81901000
3038     11239008.02594000
3039     11261367.09935000
3040     11283765.34599000
3041     11306202.65993000
3042     11328679.20265000
3043     11351193.27701000
3044     11373748.48753000
3045     11396343.00824000
3046     11418974.40051000
3047     11441648.75216000
3048     11464361.89629000
3049     11487112.85176000
3050     11509907.00302000
3051     11532737.40722000
3052     11555609.32466000
3053     11578521.03763000
3054     11601469.33057000
3055     11624462.73792000
3056     11647494.53695000
3057     11670566.37577000
3058     11693676.64964000
3059     11716828.91695000
3060     11740021.44189000
3061     11763254.38578000
3062     11786529.42159000
3063     11809840.48479000
3064     11833194.85252000
3065     11856590.64464000
3066     11880025.20911000
3067     11903498.83253000
3068     11927017.55298000
3069     11950576.29082000
3070     11974174.16957000
3071     11997814.81814000
3072     12021492.71696000
3073     12045217.33126000
3074     12068980.15388000
3075     12092783.41646000
3076     12116629.74065000
3077     12140513.69555000
3078     12164444.55320000
3079     12188411.39758000
3080     12212424.30554000
3081     12236476.90545000
3082     12260569.35221000
3083     12284707.05245000
3084     12308881.10372000
3085     12333102.45465000
3086     12357362.04483000
3087     12381667.29762000
3088     12406012.69275000
3089     12430401.96706000
3090     12454831.57023000
3091     12479303.25206000
3092     12503817.31102000
3093     12528373.64056000
3094     12552972.40649000
3095     12577614.57498000
3096     12602297.22566000
3097     12627023.47314000
3098     12651792.40703000
3099     12676604.05758000
3100     12701459.26645000
3101     12726355.49186000
3102     12751296.55328000
3103     12776278.68592000
3104     12801306.53612000
3105     12826377.55617000
3106     12851486.99695000
3107     12876645.39520000
3108     12901842.26101000
3109     12927088.16529000
3110     12952373.68154000
3111     12977697.85727000
3112     13003075.17530000
3113     13028489.27903000
3114     13053950.95165000
3115     13079452.48349000
3116     13105001.65658000
3117     13130593.78991000
3118     13156228.77479000
3119     13181907.88353000
3120     13207630.87422000
3121     13233398.04798000
3122     13259212.37947000
3123     13285068.01661000
3124     13310967.92932000
3125     13336915.10365000
3126     13362900.83460000
3127     13388937.12774000
3128     13415014.85390000
3129     13441140.25576000
3130     13467305.42738000
3131     13493517.34265000
3132     13519776.17922000
3133     13546079.84190000
3134     13572427.36310000
3135     13598819.03992000
3136     13625256.76902000
3137     13651738.71390000
3138     13678267.91796000
3139     13704842.40743000
3140     13731455.14078000
3141     13758121.42832000
3142     13784830.19288000
3143     13811587.54054000
3144     13838387.55433000
3145     13865233.16816000
3146     13892127.74599000
3147     13919064.93208000
3148     13946051.15519000
3149     13973079.28686000
3150     14000155.49834000
3151     14027276.74632000
3152     14054445.25337000
3153     14081661.05575000
3154     14108924.05320000
3155     14136225.38100000
3156     14163583.27321000
3157     14190981.61520000
3158     14218428.58910000
3159     14245926.31950000
3160     14273461.43299000
3161     14301052.72567000
3162     14328684.57482000
3163     14356365.50606000
3164     14384095.42213000
3165     14411869.38524000
3166     14439692.53803000
3167     14467561.75887000
3168     14495477.34978000
3169     14523441.17800000
3170     14551451.43884000
3171     14579509.08004000
3172     14607618.66526000
3173     14635772.51437000
3174     14663976.25378000
3175     14692222.44723000
3176     14720520.73355000
3177     14748867.94987000
3178     14777259.83745000
3179     14805703.14422000
3180     14834191.17540000
3181     14862730.70183000
3182     14891315.28557000
3183     14919951.29982000
3184     14948630.39552000
3185     14977362.21525000
3186     15006142.60000000
3187     15034971.58236000
3188     15063849.19491000
3189     15092773.42387000
3190     15121749.62531000
3191     15150771.54641000
3192     15179847.85320000
3193     15208965.40243000
3194     15238137.69097000
3195     15267356.91327000
3196     15296626.40828000
3197     15325945.24634000
3198     15355311.24233000
3199     15384729.00158000
3200     15414193.97887000
3201     15443713.01918000
3202     15473278.36722000
3203     15502893.39394000
3204     15532559.38976000
3205     15562275.27293000
3206     15592041.21665000
3207     15621857.11437000
3208     15651722.99937000
3209     15681638.05643000
3210     15711603.30403000
3211     15741620.04794000
3212     15771688.32708000
3213     15801803.63724000
3214     15831969.40856000
3215     15862189.37345000
3216     15892458.73639000
3217     15922781.23430000
3218     15953149.90471000
3219     15983572.92543000
3220     16014044.74491000
3221     16044568.55583000
3222     16075143.66721000
3223     16105769.97246000
3224     16136450.97281000
3225     16167177.45807000
3226     16197958.99171000
3227     16228788.37528000
3228     16259672.88652000
3229     16290606.75166000
3230     16321595.82771000
3231     16352631.98529000
3232     16383722.40030000
3233     16414866.97710000
3234     16446060.17266000
3235     16477307.74365000
3236     16508606.34330000
3237     16539957.18029000
3238     16571360.43053000
3239     16602817.17072000
3240     16634323.88508000
3241     16665886.81586000
3242     16697497.69015000
3243     16729162.33571000
3244     16760885.70567000
3245     16792653.66500000
3246     16824478.03663000
3247     16856357.81563000
3248     16888287.04425000
3249     16920271.89463000
3250     16952309.86307000
3251     16984398.85642000
3252     17016544.79611000
3253     17048740.61750000
3254     17080992.25519000
3255     17113296.39915000
3256     17145652.93684000
3257     17178068.12840000
3258     17210531.05439000
3259     17243050.41627000
3260     17275626.11869000
3261     17308251.13914000
3262     17340935.02634000
3263     17373670.74644000
3264     17406463.24949000
3265     17439310.11589000
3266     17472206.58254000
3267     17505162.41768000
3268     17538170.53027000
3269     17571230.80185000
3270     17604350.71528000
3271     17637523.00217000
3272     17670750.32372000
3273     17704035.07223000
3274     17737372.43220000
3275     17770766.18725000
3276     17804215.12636000
3277     17837719.42752000
3278     17871281.78644000
3279     17904893.14150000
3280     17938562.62542000
3281     17972291.54797000
3282     18006071.09975000
3283     18039907.77815000
3284     18073802.75469000
3285     18107751.27165000
3286     18141757.03465000
3287     18175816.40188000
3288     18209935.64542000
3289     18244111.26726000
3290     18278340.73649000
3291     18312629.07499000
3292     18346971.47020000
3293     18381370.38158000
3294     18415829.86357000
3295     18450340.91842000
3296     18484914.06504000
3297     18519538.84237000
3298     18554219.30641000
3299     18588963.43639000
3300     18623764.64281000
3301     18658619.18952000
3302     18693533.77682000
3303     18728503.07344000
3304     18763533.65795000
3305     18798616.68518000
3306     18833761.37326000
3307     18868961.04677000
3308     18904221.15401000
3309     18939536.60379000
3310     18974912.56925000
3311     19010343.94291000
3312     19045833.55186000
3313     19081383.94636000
3314     19116995.32257000
3315     19152662.39433000
3316     19188385.33326000
3317     19224164.16219000
3318     19260012.16724000
3319     19295911.07520000
3320     19331871.35502000
3321     19367887.81339000
3322     19403968.57032000
3323     19440101.67498000
3324     19476299.31222000
3325     19512552.20362000
3326     19548861.58297000
3327     19585238.49281000
3328     19621669.39583000
3329     19658162.63322000
3330     19694716.74379000
3331     19731327.96077000
3332     19767997.67840000
3333     19804734.01798000
3334     19841520.70335000
3335     19878374.39062000
3336     19915286.73438000
3337     19952256.67832000
3338     19989293.63361000
3339     20026381.49420000
3340     20063536.74844000
3341     20100746.82190000
3342     20138023.29359000
3343     20175358.97061000
3344     20212752.78254000
3345     20250207.40424000
3346     20287728.76692000
3347     20325308.23006000
3348     20362946.11385000
3349     20400650.88233000
3350     20438414.15012000
3351     20476235.94216000
3352     20514122.22943000
3353     20552072.77282000
3354     20590076.57991000
3355     20628147.69669000
3356     20666279.37728000
3357     20704475.77708000
3358     20742732.81869000
3359     20781050.53388000
3360     20819433.24876000
3361     20857876.86508000
3362     20896382.85057000
3363     20934951.24513000
3364     20973582.23573000
3365     21012274.42134000
3366     21051029.27721000
3367     21089848.29169000
3368     21128730.35686000
3369     21167678.26846000
3370     21206683.35991000
3371     21245754.67148000
3372     21284891.96213000
3373     21324085.51166000
3374     21363349.65008000
3375     21402672.88362000
3376     21442059.78268000
3377     21481514.64505000
3378     21521031.94227000
3379     21560608.76371000
3380     21600253.83231000
3381     21639959.96980000
3382     21679730.31088000
3383     21719567.86057000
3384     21759468.07305000
3385     21799432.91225000
3386     21839462.12317000
3387     21879560.36755000
3388     21919714.41485000
3389     21959940.57216000
3390     22000230.07050000
3391     22040578.59383000
3392     22081002.68666000
3393     22121482.87125000
3394     22162031.20651000
3395     22202644.87706000
3396     22243325.43685000
3397     22284068.53983000
3398     22324881.64784000
3399     22365756.00518000
3400     22406699.09445000
3401     22447710.96662000
3402     22488782.82231000
3403     22529922.16738000
3404     22571130.72901000
3405     22612403.96431000
3406     22653743.44543000
3407     22695144.74752000
3408     22736617.13405000
3409     22778156.18741000
3410     22819760.25851000
3411     22861429.67923000
3412     22903168.98497000
3413     22944978.23203000
3414     22986848.44819000
3415     23028787.28265000
3416     23070796.49351000
3417     23112869.89085000
3418     23155015.47245000
3419     23197222.18801000
3420     23239495.05853000
3421     23281843.39363000
3422     23324253.11301000
3423     23366735.55841000
3424     23409282.90422000
3425     23451899.77275000
3426     23494584.77914000
3427     23537339.70012000
3428     23580159.82534000
3429     23623046.77211000
3430     23666006.94704000
3431     23709034.18287000
3432     23752131.86549000
3433     23795290.28912000
3434     23838525.63945000
3435     23881828.36564000
3436     23925203.47735000
3437     23968641.22102000
3438     24012148.36161000
3439     24055729.78628000
3440     24099375.70813000
3441     24143099.40676000
3442     24186889.60785000
3443     24230742.93949000
3444     24274672.73470000
3445     24318675.65594000
3446     24362739.00809000
3447     24406875.71650000
3448     24451085.83817000
3449     24495361.53652000
3450     24539714.17831000
3451     24584134.11911000
3452     24628626.32939000
3453     24673184.26467000
3454     24717821.31151000
3455     24762519.35274000
3456     24807293.45390000
3457     24852142.01959000
3458     24897056.80020000
3459     24942046.14081000
3460     24987106.91603000
3461     25032232.64760000
3462     25077436.57221000
3463     25122715.56812000
3464     25168056.42950000
3465     25213479.15948000
3466     25258967.17742000
3467     25304523.86938000
3468     25350166.44005000
3469     25395871.03481000
3470     25441651.34182000
3471     25487500.94814000
3472     25533429.76399000
3473     25579421.16703000
3474     25625493.88599000
3475     25671637.77429000
3476     25717846.19026000
3477     25764139.51206000
3478     25810499.30125000
3479     25856935.86594000
3480     25903443.96118000
3481     25950032.53214000
3482     25996684.27014000
3483     26043423.48894000
3484     26090224.52281000
3485     26137097.74780000
3486     26184049.98561000
3487     26231076.55198000
3488     26278177.19103000
3489     26325346.87446000
3490     26372601.47657000
3491     26419923.46932000
3492     26467321.91860000
3493     26514795.12923000
3494     26562339.48200000
3495     26609962.34358000
3496     26657660.25836000
3497     26705433.11611000
3498     26753277.74115000
3499     26801204.77359000
3500     26849198.35114000
