   1           26.00659000
   2           70.02293000
   3          126.58441000
   4          193.33990000
   5          268.91751000
   6          352.38678000
   7          443.06216000
   8          540.41150000
   9          644.00555000
  10          753.48932000
  11          868.56195000
  12          988.96509000
  13         1114.47241000
  14         1244.88538000
  15         1380.02637000
  16         1519.73621000
  17         1663.87061000
  18         1812.29749000
  19         1964.89783000
  20         2121.56030000
  21         2282.18335000
  22         2446.67090000
  23         2614.93628000
  24         2786.89575000
  25         2962.47241000
  26         3141.59399000
  27         3324.19165000
  28         3510.20142000
  29         3699.56226000
  30         3892.21558000
  31         4088.10742000
  32         4287.18457000
  33         4489.39844000
  34         4694.70020000
  35         4903.04541000
  36         5114.38965000
  37         5328.69287000
  38         5545.91504000
  39         5766.01563000
  40         5988.95997000
  41         6214.71241000
  42         6443.23732000
  43         6674.50394000
  44         6908.47954000
  45         7145.13387000
  46         7384.43567000
  47         7626.35858000
  48         7870.87333000
  49         8117.95305000
  50         8367.57189000
  51         8619.70692000
  52         8874.33034000
  53         9131.42068000
  54         9390.95259000
  55         9652.90563000
  56         9917.25933000
  57        10183.98546000
  58        10453.07336000
  59        10724.49678000
  60        10998.23727000
  61        11274.27742000
  62        11552.59788000
  63        11833.17834000
  64        12116.00341000
  65        12401.05482000
  66        12688.32020000
  67        12977.77939000
  68        13269.41719000
  69        13563.21648000
  70        13859.16705000
  71        14157.24995000
  72        14457.45119000
  73        14759.76077000
  74        15064.15995000
  75        15370.64279000
  76        15679.19075000
  77        15989.79221000
  78        16302.43565000
  79        16617.11258000
  80        16933.80975000
  81        17252.51402000
  82        17573.21531000
  83        17895.90561000
  84        18220.57313000
  85        18547.21601000
  86        18875.81102000
  87        19206.36244000
  88        19538.85320000
  89        19873.28399000
  90        20209.63807000
  91        20547.91058000
  92        20888.09881000
  93        21230.18651000
  94        21574.18109000
  95        21920.06278000
  96        22267.83740000
  97        22617.49140000
  98        22969.02513000
  99        23322.43130000
 100        23677.70479000
 101        24034.84263000
 102        24393.84009000
 103        24754.70050000
 104        25117.40781000
 105        25481.97748000
 106        25848.38806000
 107        26216.64564000
 108        26586.75656000
 109        26958.70391000
 110        27332.49837000
 111        27708.13325000
 112        28085.61574000
 113        28464.93960000
 114        28846.10662000
 115        29229.11684000
 116        29613.96859000
 117        30000.67411000
 118        30389.22041000
 119        30779.62019000
 120        31171.86677000
 121        31565.97524000
 122        31961.93351000
 123        32359.75709000
 124        32759.44215000
 125        33160.98703000
 126        33564.41379000
 127        33969.70944000
 128        34376.89256000
 129        34785.95842000
 130        35196.91035000
 131        35609.76363000
 132        36024.51025000
 133        36441.16198000
 134        36859.73473000
 135        37280.22502000
 136        37702.64916000
 137        38126.99621000
 138        38553.29465000
 139        38981.52999000
 140        39411.73113000
 141        39843.89180000
 142        40278.02557000
 143        40714.13833000
 144        41152.24009000
 145        41592.35282000
 146        42034.46333000
 147        42478.59394000
 148        42924.75146000
 149        43372.95466000
 150        43823.20280000
 151        44275.49927000
 152        44729.87514000
 153        45186.32232000
 154        45644.86041000
 155        46105.50921000
 156        46568.26107000
 157        47033.15186000
 158        47500.15848000
 159        47969.33289000
 160        48440.66017000
 161        48914.15707000
 162        49389.84449000
 163        49867.73159000
 164        50347.83165000
 165        50830.14621000
 166        51314.71651000
 167        51801.51668000
 168        52290.59615000
 169        52781.94910000
 170        53275.60545000
 171        53771.55566000
 172        54269.83787000
 173        54770.45070000
 174        55273.41668000
 175        55778.75055000
 176        56286.45524000
 177        56796.56561000
 178        57309.08881000
 179        57824.03208000
 180        58341.42670000
 181        58861.26420000
 182        59383.58405000
 183        59908.39396000
 184        60435.70972000
 185        60965.54723000
 186        61497.92648000
 187        62032.85960000
 188        62570.37082000
 189        63110.45645000
 190        63653.16093000
 191        64198.48481000
 192        64746.44871000
 193        65297.07740000
 194        65850.36365000
 195        66406.35650000
 196        66965.05694000
 197        67526.49015000
 198        68090.67336000
 199        68657.61182000
 200        69227.33504000
 201        69799.86458000
 202        70375.21401000
 203        70953.38892000
 204        71534.42730000
 205        72118.35111000
 206        72705.17429000
 207        73294.89464000
 208        73887.55059000
 209        74483.16444000
 210        75081.75049000
 211        75683.33122000
 212        76287.92109000
 213        76895.54277000
 214        77506.21086000
 215        78119.94822000
 216        78736.78595000
 217        79356.73076000
 218        79979.80576000
 219        80606.02597000
 220        81235.43106000
 221        81868.03627000
 222        82503.83220000
 223        83142.86705000
 224        83785.16446000
 225        84430.73172000
 226        85079.61739000
 227        85731.77937000
 228        86387.30768000
 229        87046.20164000
 230        87708.47716000
 231        88374.14192000
 232        89043.23681000
 233        89715.79459000
 234        90391.82318000
 235        91071.33887000
 236        91754.34967000
 237        92440.92199000
 238        93131.03904000
 239        93824.74244000
 240        94522.04049000
 241        95222.95829000
 242        95927.55459000
 243        96635.81280000
 244        97347.74143000
 245        98063.41639000
 246        98782.80434000
 247        99505.96457000
 248       100232.93131000
 249       100963.69660000
 250       101698.27783000
 251       102436.74334000
 252       103179.09384000
 253       103925.33851000
 254       104675.51207000
 255       105429.62384000
 256       106187.73434000
 257       106949.85308000
 258       107715.98960000
 259       108486.17057000
 260       109260.41419000
 261       110038.77308000
 262       110821.27428000
 263       111607.89325000
 264       112398.70016000
 265       113193.71368000
 266       113992.93525000
 267       114796.41822000
 268       115604.16416000
 269       116416.20933000
 270       117232.59884000
 271       118053.34316000
 272       118878.45278000
 273       119707.94691000
 274       120541.88856000
 275       121380.27972000
 276       122223.16621000
 277       123070.55012000
 278       123922.45108000
 279       124778.94167000
 280       125640.01538000
 281       126505.70098000
 282       127376.00077000
 283       128250.98795000
 284       129130.66503000
 285       130015.07894000
 286       130904.23232000
 287       131798.14557000
 288       132696.88382000
 289       133600.43202000
 290       134508.88246000
 291       135422.17538000
 292       136340.39438000
 293       137263.56951000
 294       138191.69485000
 295       139124.82758000
 296       140062.98901000
 297       141006.20954000
 298       141954.51061000
 299       142907.92284000
 300       143866.48602000
 301       144830.17632000
 302       145799.11581000
 303       146773.27174000
 304       147752.68434000
 305       148737.38489000
 306       149727.37715000
 307       150722.75700000
 308       151723.49161000
 309       152729.62182000
 310       153741.19793000
 311       154758.23336000
 312       155780.78801000
 313       156808.85690000
 314       157842.48156000
 315       158881.65699000
 316       159926.49039000
 317       160976.99584000
 318       162033.13101000
 319       163095.00380000
 320       164162.60958000
 321       165235.98140000
 322       166315.17134000
 323       167400.19384000
 324       168491.06331000
 325       169587.85126000
 326       170690.57242000
 327       171799.26059000
 328       172913.93056000
 329       174034.63550000
 330       175161.40959000
 331       176294.26794000
 332       177433.24491000
 333       178578.35568000
 334       179729.69284000
 335       180887.27200000
 336       182051.05044000
 337       183221.17968000
 338       184397.55869000
 339       185580.33961000
 340       186769.51895000
 341       187965.15194000
 342       189167.19578000
 343       190375.74510000
 344       191590.77669000
 345       192812.46483000
 346       194040.68773000
 347       195275.56079000
 348       196517.06093000
 349       197765.30425000
 350       199020.26783000
 351       200282.02849000
 352       201550.52310000
 353       202825.92906000
 354       204108.20353000
 355       205397.36369000
 356       206693.50761000
 357       207996.59213000
 358       209306.73605000
 359       210623.91654000
 360       211948.19197000
 361       213279.62103000
 362       214618.18086000
 363       215963.95079000
 364       217316.99012000
 365       218677.29662000
 366       220044.90922000
 367       221419.88765000
 368       222802.25051000
 369       224192.01640000
 370       225589.26634000
 371       226994.04017000
 372       228406.35692000
 373       229826.25660000
 374       231253.75835000
 375       232688.94447000
 376       234131.79226000
 377       235582.40552000
 378       237040.74043000
 379       238506.96494000
 380       239980.99292000
 381       241462.95053000
 382       242952.79388000
 383       244450.64984000
 384       245956.51741000
 385       247470.43838000
 386       248992.45475000
 387       250522.58703000
 388       252060.89906000
 389       253607.43330000
 390       255162.23242000
 391       256725.33924000
 392       258296.75301000
 393       259876.60425000
 394       261464.82680000
 395       263061.55173000
 396       264666.77878000
 397       266280.48533000
 398       267902.86988000
 399       269533.86608000
 400       271173.54026000
 401       272821.91451000
 402       274479.07798000
 403       276145.07559000
 404       277819.88503000
 405       279503.59616000
 406       281196.18656000
 407       282897.81434000
 408       284608.48013000
 409       286328.20705000
 410       288057.04096000
 411       289795.02791000
 412       291542.25991000
 413       293298.69194000
 414       295064.43925000
 415       296839.47964000
 416       298623.95219000
 417       300417.83489000
 418       302221.22137000
 419       304034.13605000
 420       305856.58001000
 421       307688.64760000
 422       309530.38691000
 423       311381.86974000
 424       313243.07410000
 425       315114.00112000
 426       316994.86464000
 427       318885.59563000
 428       320786.31436000
 429       322697.02278000
 430       324617.72259000
 431       326548.53497000
 432       328489.50999000
 433       330440.64975000
 434       332401.98023000
 435       334373.62409000
 436       336355.63220000
 437       338347.95839000
 438       340350.77500000
 439       342364.10927000
 440       344387.91490000
 441       346422.31669000
 442       348467.34190000
 443       350523.04246000
 444       352589.44575000
 445       354666.67828000
 446       356754.74324000
 447       358853.69337000
 448       360963.58161000
 449       363084.43609000
 450       365216.38528000
 451       367359.38247000
 452       369513.53153000
 453       371678.83587000
 454       373855.42539000
 455       376043.40552000
 456       378242.62764000
 457       380453.29890000
 458       382675.47456000
 459       384909.15877000
 460       387154.35533000
 461       389411.24842000
 462       391679.68740000
 463       393959.98659000
 464       396252.04717000
 465       398555.97746000
 466       400871.78202000
 467       403199.54369000
 468       405539.29327000
 469       407891.19319000
 470       410255.11674000
 471       412631.22674000
 472       415019.60769000
 473       417420.31797000
 474       419833.33619000
 475       422258.77407000
 476       424696.61003000
 477       427147.09074000
 478       429610.06075000
 479       432085.71389000
 480       434574.00180000
 481       437075.06536000
 482       439588.93761000
 483       442115.76074000
 484       444655.48639000
 485       447208.12023000
 486       449773.88770000
 487       452352.76791000
 488       454944.71165000
 489       457549.97393000
 490       460168.47828000
 491       462800.34221000
 492       465445.71200000
 493       468104.48281000
 494       470776.80118000
 495       473462.67391000
 496       476162.24869000
 497       478875.56106000
 498       481602.61808000
 499       484343.48344000
 500       487098.33527000
 501       489867.12413000
 502       492649.97184000
 503       495446.88595000
 504       498257.98909000
 505       501083.34689000
 506       503922.90917000
 507       506776.91565000
 508       509645.25819000
 509       512528.11945000
 510       515425.56633000
 511       518337.66597000
 512       521264.30888000
 513       524205.79779000
 514       527162.02324000
 515       530133.29021000
 516       533119.31051000
 517       536120.44970000
 518       539136.59746000
 519       542167.94222000
 520       545214.43295000
 521       548276.31967000
 522       551353.49115000
 523       554446.13817000
 524       557554.27038000
 525       560677.89703000
 526       563817.27190000
 527       566972.09847000
 528       570142.93836000
 529       573329.55632000
 530       576532.02350000
 531       579750.47342000
 532       582985.04049000
 533       586235.73532000
 534       589502.56807000
 535       592785.61126000
 536       596085.06351000
 537       599400.87274000
 538       602733.23881000
 539       606082.04607000
 540       609447.62231000
 541       612829.78815000
 542       616228.74543000
 543       619644.63353000
 544       623077.27128000
 545       626526.99085000
 546       629993.80422000
 547       633477.65808000
 548       636978.75809000
 549       640497.24640000
 550       644033.13542000
 551       647586.24044000
 552       651157.16307000
 553       654745.58804000
 554       658351.59267000
 555       661975.32086000
 556       665616.98399000
 557       669276.46194000
 558       672953.96685000
 559       676649.57861000
 560       680363.24296000
 561       684095.30886000
 562       687845.45267000
 563       691614.15986000
 564       695401.10514000
 565       699206.77685000
 566       703030.84802000
 567       706873.94692000
 568       710735.60862000
 569       714616.12046000
 570       718515.70326000
 571       722434.16389000
 572       726371.79290000
 573       730328.53503000
 574       734304.61329000
 575       738300.11242000
 576       742314.83634000
 577       746349.36139000
 578       750403.28028000
 579       754476.88924000
 580       758570.41612000
 581       762683.66304000
 582       766817.00101000
 583       770970.23121000
 584       775143.36751000
 585       779336.99989000
 586       783551.00156000
 587       787785.17111000
 588       792039.74033000
 589       796315.01583000
 590       800610.86843000
 591       804927.46003000
 592       809264.65964000
 593       813622.99753000
 594       818002.27007000
 595       822402.49301000
 596       826823.97895000
 597       831266.74514000
 598       835730.88308000
 599       840216.33464000
 600       844723.26591000
 601       849251.91953000
 602       853802.16213000
 603       858374.31308000
 604       862968.31443000
 605       867584.33562000
 606       872222.47084000
 607       876882.50782000
 608       881565.07718000
 609       886269.89043000
 610       890997.27384000
 611       895747.01366000
 612       900519.35973000
 613       905314.56396000
 614       910132.41099000
 615       914973.38837000
 616       919837.28032000
 617       924724.42016000
 618       929634.59037000
 619       934568.12563000
 620       939525.04537000
 621       944505.44827000
 622       949509.43337000
 623       954537.18032000
 624       959588.62855000
 625       964664.11964000
 626       969763.51257000
 627       974886.90744000
 628       980034.64898000
 629       985206.51351000
 630       990402.84716000
 631       995623.67076000
 632      1000869.00456000
 633      1006139.11602000
 634      1011434.10916000
 635      1016753.92227000
 636      1022098.74200000
 637      1027468.58926000
 638      1032863.81945000
 639      1038284.03508000
 640      1043729.92861000
 641      1049201.18562000
 642      1054698.24992000
 643      1060220.97466000
 644      1065769.55137000
 645      1071344.00198000
 646      1076944.51926000
 647      1082571.21138000
 648      1088224.01444000
 649      1093903.38173000
 650      1099609.07719000
 651      1105341.38293000
 652      1111100.58346000
 653      1116886.44085000
 654      1122699.15215000
 655      1128538.91580000
 656      1134405.84342000
 657      1140299.95850000
 658      1146221.37268000
 659      1152170.28696000
 660      1158146.90375000
 661      1164151.06888000
 662      1170183.07426000
 663      1176242.94424000
 664      1182330.97334000
 665      1188446.91532000
 666      1194591.15578000
 667      1200763.81066000
 668      1206965.08762000
 669      1213194.73784000
 670      1219453.24350000
 671      1225740.44659000
 672      1232056.55584000
 673      1238402.05945000
 674      1244776.61396000
 675      1251180.15056000
 676      1257613.25292000
 677      1264075.85437000
 678      1270568.16850000
 679      1277090.12759000
 680      1283642.13488000
 681      1290224.12318000
 682      1296836.11866000
 683      1303478.62361000
 684      1310151.09306000
 685      1316854.02989000
 686      1323588.13421000
 687      1330352.47306000
 688      1337147.64981000
 689      1343973.88566000
 690      1350831.59801000
 691      1357720.03682000
 692      1364640.20428000
 693      1371591.54245000
 694      1378574.37199000
 695      1385589.21372000
 696      1392635.70223000
 697      1399714.26132000
 698      1406825.01988000
 699      1413967.70763000
 700      1421142.95177000
 701      1428350.68242000
 702      1435591.02932000
 703      1442864.12267000
 704      1450169.78903000
 705      1457508.56343000
 706      1464880.78213000
 707      1472285.96632000
 708      1479724.75841000
 709      1487196.88169000
 710      1494702.77706000
 711      1502242.26886000
 712      1509815.69693000
 713      1517423.29994000
 714      1525064.90087000
 715      1532741.05200000
 716      1540451.57630000
 717      1548196.71456000
 718      1555976.39258000
 719      1563791.27516000
 720      1571640.75973000
 721      1579525.61970000
 722      1587445.56854000
 723      1595400.95777000
 724      1603391.81963000
 725      1611418.61648000
 726      1619480.84258000
 727      1627579.28531000
 728      1635713.87076000
 729      1643884.63192000
 730      1652091.71033000
 731      1660335.46720000
 732      1668615.38728000
 733      1676932.71220000
 734      1685286.37481000
 735      1693677.73400000
 736      1702105.93896000
 737      1710571.68931000
 738      1719074.57297000
 739      1727615.85467000
 740      1736194.56238000
 741      1744811.17841000
 742      1753465.73682000
 743      1762158.83833000
 744      1770890.06494000
 745      1779660.01999000
 746      1788468.62565000
 747      1797315.91674000
 748      1806202.38789000
 749      1815127.72975000
 750      1824092.67059000
 751      1833096.90040000
 752      1842140.91979000
 753      1851224.18233000
 754      1860347.89174000
 755      1869511.14898000
 756      1878714.81128000
 757      1887959.15352000
 758      1897243.38546000
 759      1906568.84656000
 760      1915934.38640000
 761      1925341.71011000
 762      1934789.66276000
 763      1944278.99927000
 764      1953809.75820000
 765      1963382.09823000
 766      1972996.17855000
 767      1982652.15884000
 768      1992350.56549000
 769      2002090.46074000
 770      2011873.47263000
 771      2021698.53812000
 772      2031566.43261000
 773      2041477.19616000
 774      2051431.11631000
 775      2061428.10887000
 776      2071468.33716000
 777      2081552.59144000
 778      2091679.65938000
 779      2101851.46349000
 780      2112066.91417000
 781      2122326.68216000
 782      2132630.17343000
 783      2142978.69795000
 784      2153372.04524000
 785      2163809.48799000
 786      2174292.98968000
 787      2184820.92387000
 788      2195394.74815000
 789      2206013.60056000
 790      2216678.42915000
 791      2227388.62571000
 792      2238145.66734000
 793      2248948.15951000
 794      2259797.05921000
 795      2270693.06912000
 796      2281635.57472000
 797      2292625.01501000
 798      2303661.03368000
 799      2314744.60425000
 800      2325875.90650000
 801      2337054.31479000
 802      2348280.81132000
 803      2359555.30734000
 804      2370877.98255000
 805      2382248.20185000
 806      2393667.77443000
 807      2405135.52196000
 808      2416652.71830000
 809      2428218.45093000
 810      2439833.44971000
 811      2451497.34520000
 812      2463211.42629000
 813      2474975.04816000
 814      2486788.95176000
 815      2498652.76595000
 816      2510566.67490000
 817      2522531.14474000
 818      2534546.36323000
 819      2546612.51871000
 820      2558729.51625000
 821      2570897.54291000
 822      2583117.64285000
 823      2595388.86638000
 824      2607712.26134000
 825      2620087.44611000
 826      2632514.32185000
 827      2644993.94564000
 828      2657526.80421000
 829      2670111.64011000
 830      2682749.22506000
 831      2695440.63114000
 832      2708185.17787000
 833      2720982.76466000
 834      2733834.47052000
 835      2746740.19947000
 836      2759699.55544000
 837      2772713.92512000
 838      2785782.61634000
 839      2798905.22708000
 840      2812083.45442000
 841      2825316.29860000
 842      2838604.86419000
 843      2851948.74990000
 844      2865348.76512000
 845      2878804.20114000
 846      2892316.17555000
 847      2905883.97558000
 848      2919508.72536000
 849      2933189.70808000
 850      2946927.43525000
 851      2960722.73306000
 852      2974575.50135000
 853      2988485.63699000
 854      3002453.03393000
 855      3016479.46763000
 856      3030562.95236000
 857      3044705.58442000
 858      3058906.63118000
 859      3073165.66746000
 860      3087484.81062000
 861      3101862.68538000
 862      3116299.82169000
 863      3130796.75385000
 864      3145353.69812000
 865      3159969.90163000
 866      3174647.84307000
 867      3189385.15073000
 868      3204182.68447000
 869      3219042.62040000
 870      3233962.89426000
 871      3248944.70523000
 872      3263987.61517000
 873      3279093.16389000
 874      3294259.58940000
 875      3309489.43292000
 876      3324780.59155000
 877      3340134.95193000
 878      3355553.07817000
 879      3371032.84634000
 880      3386577.16926000
 881      3402184.25222000
 882      3417855.67278000
 883      3433590.98195000
 884      3449390.40652000
 885      3465253.83152000
 886      3481182.51238000
 887      3497175.99503000
 888      3513234.50899000
 889      3529358.63084000
 890      3545548.24706000
 891      3561804.28599000
 892      3578125.23900000
 893      3594513.78271000
 894      3610967.70311000
 895      3627488.63507000
 896      3644077.52350000
 897      3660732.48672000
 898      3677455.88468000
 899      3694246.53786000
 900      3711105.39603000
 901      3728031.62530000
 902      3745027.25648000
 903      3762090.73595000
 904      3779224.10624000
 905      3796426.16752000
 906      3813697.15879000
 907      3831038.41394000
 908      3848448.71971000
 909      3865930.51501000
 910      3883481.48234000
 911      3901103.70257000
 912      3918795.94855000
 913      3936560.31631000
 914      3954395.20279000
 915      3972302.71606000
 916      3990281.61815000
 917      4008332.15596000
 918      4026455.70623000
 919      4044651.01717000
 920      4062919.84874000
 921      4081261.32163000
 922      4099676.82848000
 923      4118165.10319000
 924      4136727.54312000
 925      4155364.40759000
 926      4174075.18651000
 927      4192860.90644000
 928      4211721.05442000
 929      4230657.43968000
 930      4249668.38453000
 931      4268754.92406000
 932      4287917.31956000
 933      4307155.83310000
 934      4326471.51540000
 935      4345863.45154000
 936      4365332.69493000
 937      4384878.32208000
 938      4404501.78748000
 939      4424203.36120000
 940      4443983.31408000
 941      4463840.71212000
 942      4483777.02653000
 943      4503792.12634000
 944      4523885.47146000
 945      4544059.76514000
 946      4564312.43994000
 947      4584646.21108000
 948      4605059.31294000
 949      4625553.65748000
 950      4646127.05326000
 951      4666782.65650000
 952      4687519.51071000
 953      4708337.47773000
 954      4729238.08344000
 955      4750219.52331000
 956      4771285.42163000
 957      4792431.87154000
 958      4813662.93257000
 959      4834975.51796000
 960      4856372.44148000
 961      4877853.56907000
 962      4899417.48304000
 963      4921067.45256000
 964      4942800.77586000
 965      4964620.31053000
 966      4986523.76723000
 967      5008513.15450000
 968      5030588.33197000
 969      5052749.59027000
 970      5074998.09350000
 971      5097331.51608000
 972      5119754.08539000
 973      5142261.71369000
 974      5164857.76606000
 975      5187541.21804000
 976      5210313.69368000
 977      5233174.16271000
 978      5256123.36583000
 979      5279161.15448000
 980      5302288.72235000
 981      5325505.92385000
 982      5348813.06053000
 983      5372210.43479000
 984      5395697.44210000
 985      5419276.65477000
 986      5442945.65055000
 987      5466707.47017000
 988      5490559.67771000
 989      5514503.48974000
 990      5538541.05730000
 991      5562670.84965000
 992      5586894.56572000
 993      5611209.73115000
 994      5635619.44324000
 995      5660122.14997000
 996      5684720.50450000
 997      5709412.95003000
 998      5734199.32586000
 999      5759081.36072000
1000      5784057.95140000
1001      5809131.31244000
1002      5834301.29334000
1003      5859567.26039000
1004      5884928.56999000
1005      5910388.90212000
1006      5935945.21558000
1007      5961599.75842000
1008      5987352.37347000
1009      6013202.89906000
1010      6039151.65721000
1011      6065200.92949000
1012      6091348.11000000
1013      6117594.99247000
1014      6143942.40043000
1015      6170389.67839000
1016      6196938.14688000
1017      6223587.14673000
1018      6250336.50785000
1019      6277189.56065000
1020      6304142.64011000
1021      6331198.58332000
1022      6358356.72175000
1023      6385618.40195000
1024      6412983.45939000
1025      6440451.72482000
1026      6468023.53486000
1027      6495699.22705000
1028      6523481.70720000
1029      6551367.21695000
1030      6579359.18180000
1031      6607455.36705000
1032      6635659.74083000
1033      6663967.98193000
1034      6692384.59405000
1035      6720907.84535000
1036      6749537.55678000
1037      6778275.65039000
1038      6807120.89893000
1039      6836076.82347000
1040      6865139.54856000
1041      6894312.60603000
1042      6923593.69153000
1043      6952986.36097000
1044      6982487.22790000
1045      7012099.32518000
1046      7041824.09700000
1047      7071657.58719000
1048      7101604.47793000
1049      7131661.33535000
1050      7161832.87215000
1051      7192115.63985000
1052      7222511.63743000
1053      7253022.33264000
1054      7283644.23903000
1055      7314382.13034000
1056      7345233.61528000
1057      7376201.28173000
1058      7407282.72046000
1059      7438481.08866000
1060      7469794.52487000
1061      7501224.52021000
1062      7532770.88635000
1063      7564434.56146000
1064      7596216.49095000
1065      7628115.35160000
1066      7660132.65514000
1067      7692269.35478000
1068      7724524.11620000
1069      7756897.88832000
1070      7789393.35811000
1071      7822006.87566000
1072      7854741.12840000
1073      7887597.66692000
1074      7920572.80612000
1075      7953671.59040000
1076      7986891.49206000
1077      8020235.83345000
1078      8053700.89339000
1079      8087290.59416000
1080      8121002.96806000
1081      8154839.59022000
1082      8188800.85729000
1083      8222885.37328000
1084      8257097.11952000
1085      8291432.30224000
1086      8325896.72829000
1087      8360484.77930000
1088      8395200.47053000
1089      8430042.38755000
1090      8465013.36362000
1091      8500111.37027000
1092      8535338.03054000
1093      8570693.13833000
1094      8606176.48186000
1095      8641792.16913000
1096      8677535.05557000
1097      8713409.87774000
1098      8749414.56762000
1099      8785551.40413000
1100      8821818.92914000
1101      8858218.80583000
1102      8894752.08233000
1103      8931417.91997000
1104      8968216.73406000
1105      9005147.67086000
1106      9042215.59501000
1107      9079416.48140000
1108      9116751.37957000
1109      9154223.91521000
1110      9191830.02472000
1111      9229573.34303000
1112      9267453.01019000
1113      9305470.74956000
1114      9343623.74389000
1115      9381917.62564000
1116      9420347.61483000
1117      9458919.37462000
1118      9497626.12493000
1119      9536474.20340000
1120      9575464.05923000
1121      9614592.16264000
1122      9653862.25863000
1123      9693273.46055000
1124      9732826.87483000
1125      9772521.60445000
1126      9812360.10117000
1127      9852340.79420000
1128      9892466.14856000
1129      9932735.26272000
1130      9973146.54187000
1131     10013707.23131000
1132     10054409.61498000
1133     10095259.59571000
1134     10136254.89060000
1135     10177397.32249000
1136     10218686.65752000
1137     10260123.34834000
1138     10301709.23810000
1139     10343442.00686000
1140     10385324.19479000
1141     10427356.96525000
1142     10469539.38364000
1143     10511870.50145000
1144     10554355.00436000
1145     10596988.42172000
1146     10639776.16863000
1147     10682713.75012000
1148     10725803.04197000
1149     10769048.08341000
1150     10812445.06027000
1151     10855998.74723000
1152     10899703.86650000
1153     10943565.20679000
1154     10987583.25267000
1155     11031755.58079000
1156     11076084.11325000
1157     11120570.05781000
1158     11165215.36452000
1159     11210015.38394000
1160     11254974.99545000
1161     11300093.21411000
1162     11345371.26371000
1163     11390808.89101000
1164     11436407.32625000
1165     11482165.56759000
1166     11528084.84576000
1167     11574167.15188000
1168     11620410.72868000
1169     11666816.06144000
1170     11713386.66553000
1171     11760120.77534000
1172     11807017.36344000
1173     11854081.49387000
1174     11901306.80049000
1175     11948699.89081000
1176     11996258.97504000
1177     12043986.09765000
1178     12091879.45293000
1179     12139939.53864000
1180     12188169.18707000
1181     12236566.57770000
1182     12285135.33977000
1183     12333870.51308000
1184     12382777.29955000
1185     12431854.64698000
1186     12481103.06832000
1187     12530524.66266000
1188     12580116.78006000
1189     12629883.90797000
1190     12679821.79090000
1191     12729935.73467000
1192     12780221.46088000
1193     12830685.10874000
1194     12881321.57592000
1195     12932132.98677000
1196     12983124.73074000
1197     13034289.22935000
1198     13085636.77061000
1199     13137157.29399000
1200     13188859.49503000
1201     13240738.17487000
1202     13292797.97133000
1203     13345036.95215000
1204     13397458.13465000
1205     13450058.74482000
1206     13502840.97574000
1207     13555807.87523000
1208     13608954.13965000
1209     13662287.84717000
1210     13715801.99437000
1211     13769504.70218000
1212     13823388.08293000
1213     13877458.59556000
1214     13931715.95232000
1215     13986159.00427000
1216     14040790.00927000
1217     14095607.81209000
1218     14150614.68238000
1219     14205807.73322000
1220     14261195.28720000
1221     14316768.40539000
1222     14372534.57100000
1223     14428491.75170000
1224     14484638.76312000
1225     14540978.78615000
1226     14597513.27321000
1227     14654240.16305000
1228     14711160.90168000
1229     14768276.06003000
1230     14825586.21046000
1231     14883090.14587000
1232     14940793.78397000
1233     14998690.56856000
1234     15056788.22923000
1235     15115081.07481000
1236     15173575.07813000
1237     15232265.41530000
1238     15291156.27648000
1239     15350246.43526000
1240     15409538.29449000
1241     15469036.10590000
1242     15528729.49648000
1243     15588630.03401000
1244     15648729.13336000
1245     15709036.58988000
1246     15769543.77309000
1247     15830262.38685000
1248     15891180.04548000
1249     15952306.63247000
1250     16013639.02705000
1251     16075179.70120000
1252     16136929.26630000
1253     16198886.44857000
1254     16261051.84755000
1255     16323427.96081000
1256     16386015.40567000
1257     16448812.89450000
1258     16511822.94419000
1259     16575042.34369000
1260     16638475.52925000
1261     16702125.05221000
1262     16765985.75950000
1263     16830060.18536000
1264     16894350.88565000
1265     16958862.38463000
1266     17023583.63474000
1267     17088526.95002000
1268     17153685.14880000
1269     17219062.77163000
1270     17284660.45709000
1271     17350474.89073000
1272     17416510.64830000
1273     17482770.36060000
1274     17549248.70959000
1275     17615948.30852000
1276     17682875.79916000
1277     17750019.81200000
1278     17817393.01699000
1279     17884990.04158000
1280     17952811.52425000
1281     18020860.13424000
1282     18089132.45971000
1283     18157635.24741000
1284     18226367.12848000
1285     18295326.71452000
1286     18364512.59749000
1287     18433927.47173000
1288     18503578.18722000
1289     18573453.01380000
1290     18643569.17416000
1291     18713912.82679000
1292     18784490.86012000
1293     18855299.76237000
1294     18926348.57227000
1295     18997627.47971000
1296     19069145.55369000
1297     19140899.26173000
1298     19212889.27034000
1299     19285120.49946000
1300     19357585.12596000
1301     19430294.47273000
1302     19503238.55004000
1303     19576428.73899000
1304     19649854.99797000
1305     19723526.60752000
1306     19797439.95106000
1307     19871593.53930000
1308     19945996.74097000
1309     20020641.56512000
1310     20095530.86764000
1311     20170667.52843000
1312     20246054.45159000
1313     20321683.54612000
1314     20397564.30846000
1315     20473693.03608000
1316     20550068.20362000
1317     20626697.17090000
1318     20703576.20633000
1319     20780706.01036000
1320     20858089.52885000
1321     20935725.23325000
1322     21013618.33950000
1323     21091765.06723000
1324     21170161.59151000
1325     21248817.67852000
1326     21327731.79667000
1327     21406900.10863000
1328     21486330.18265000
1329     21566018.17896000
1330     21645962.51450000
1331     21726168.50755000
1332     21806639.21149000
1333     21887363.78793000
1334     21968359.18729000
1335     22049616.88237000
1336     22131135.26481000
1337     22212917.39065000
1338     22294966.34149000
1339     22377280.51400000
1340     22459865.36645000
1341     22542716.93779000
1342     22625835.96727000
1343     22709220.81645000
1344     22792876.98059000
1345     22876805.22219000
1346     22961003.90802000
1347     23045478.59313000
1348     23130225.24427000
1349     23215239.78106000
1350     23300532.60772000
1351     23386099.65961000
1352     23471941.69325000
1353     23558061.90740000
1354     23644461.08066000
1355     23731137.54056000
1356     23818089.59163000
1357     23905330.30708000
1358     23992840.75645000
1359     24080638.97833000
1360     24168715.86339000
1361     24257074.65562000
1362     24345721.12255000
1363     24434651.07205000
1364     24523865.28195000
1365     24613364.53183000
1366     24703157.16911000
1367     24793223.80722000
1368     24883590.48314000
1369     24974240.29133000
1370     25065179.07715000
1371     25156415.29294000
1372     25247939.54709000
1373     25339757.74811000
1374     25431862.99120000
1375     25524268.93439000
1376     25616963.50390000
1377     25709957.83345000
1378     25803250.16594000
1379     25896836.11419000
1380     25990721.69038000
1381     26084902.48483000
1382     26179387.16522000
1383     26274171.31905000
1384     26369255.76061000
1385     26464641.30603000
1386     26560334.07748000
1387     26656324.29970000
1388     26752620.75071000
1389     26849224.27410000
1390     26946133.03659000
1391     27043347.86555000
1392     27140872.28241000
1393     27238707.13851000
1394     27336845.16987000
1395     27435300.73338000
1396     27534061.13031000
1397     27633138.06301000
1398     27732526.94707000
1399     27832225.88524000
1400     27932243.94119000
1401     28032570.98851000
1402     28133221.63586000
1403     28234188.49366000
1404     28335469.63987000
1405     28437071.46986000
1406     28538992.07234000
1407     28641232.30516000
1408     28743795.82999000
1409     28846686.33838000
1410     28949887.84067000
1411     29053423.70158000
1412     29157280.72327000
1413     29261465.42812000
1414     29365973.02073000
1415     29470810.05553000
1416     29575974.57096000
1417     29681470.30967000
1418     29787295.29995000
1419     29893447.54358000
1420     29999939.44914000
1421     30106757.49709000
1422     30213917.03680000
1423     30321401.57292000
1424     30429223.59358000
1425     30537386.93630000
1426     30645877.89022000
1427     30754717.84740000
1428     30863893.07210000
1429     30973407.39548000
1430     31083261.72081000
1431     31193462.88604000
1432     31303996.97407000
1433     31414885.69532000
1434     31526112.11907000
1435     31637686.10182000
1436     31749605.57797000
1437     31861868.45437000
1438     31974487.70033000
1439     32087446.15149000
1440     32200765.89489000
1441     32314432.74373000
1442     32428447.60331000
1443     32542817.49170000
1444     32657543.36327000
1445     32772616.96305000
1446     32888051.49386000
1447     33003841.76785000
1448     33119991.81833000
1449     33236502.61032000
1450     33353362.67718000
1451     33470591.59310000
1452     33588177.88036000
1453     33706128.72935000
1454     33824441.97665000
1455     33943115.43022000
1456     34062159.48733000
1457     34181565.66649000
1458     34301344.41562000
1459     34421487.21111000
1460     34542001.36612000
1461     34662884.67811000
1462     34784134.91544000
1463     34905756.23537000
1464     35027752.82857000
1465     35150132.14411000
1466     35272879.06777000
1467     35396001.01363000
1468     35519498.96409000
1469     35643370.64730000
1470     35767633.34796000
1471     35892271.78880000
1472     36017280.37633000
1473     36142679.76182000
1474     36268457.82727000
1475     36394628.76377000
1476     36521177.08123000
1477     36648107.05379000
1478     36775436.30435000
1479     36903149.25282000
1480     37031240.19375000
1481     37159733.53554000
1482     37288610.22200000
1483     37417881.32725000
1484     37547541.13812000
1485     37677604.19242000
1486     37808061.40405000
1487     37938903.59046000
1488     38070148.75589000
1489     38201791.14087000
1490     38333838.63014000
1491     38466271.69438000
1492     38599122.26196000
1493     38732370.78319000
1494     38866007.89153000
1495     39000069.21613000
1496     39134535.08907000
1497     39269396.10011000
1498     39404663.70421000
1499     39540342.45475000
1500     39676440.45224000
1501     39812930.67291000
1502     39949845.79871000
1503     40087172.84588000
1504     40224916.42185000
1505     40363059.84902000
1506     40501629.02664000
1507     40640621.53040000
1508     40780024.16600000
1509     40919845.13160000
1510     41060092.69668000
1511     41200753.57033000
1512     41341836.00933000
1513     41483348.34220000
1514     41625288.07519000
1515     41767645.40175000
1516     41910432.30635000
1517     42053642.59226000
1518     42197291.99398000
1519     42341366.98653000
1520     42485864.95882000
1521     42630805.42472000
1522     42776182.16435000
1523     42921974.04630000
1524     43068219.24288000
1525     43214896.62737000
1526     43362011.02427000
1527     43509556.05659000
1528     43657555.32185000
1529     43805983.69727000
1530     43954857.31904000
1531     44104173.55724000
1532     44253941.12302000
1533     44404157.40049000
1534     44554800.69119000
1535     44705914.00143000
1536     44857464.18090000
1537     45009467.63609000
1538     45161913.99794000
1539     45314827.48930000
1540     45468182.31483000
1541     45621995.03713000
1542     45776270.71924000
1543     45930998.89398000
1544     46086188.49414000
1545     46241821.15202000
1546     46397933.20094000
1547     46554502.36715000
1548     46711529.78958000
1549     46869028.45476000
1550     47026979.80178000
1551     47185416.65819000
1552     47344300.57549000
1553     47503660.49419000
1554     47663497.65277000
1555     47823805.28225000
1556     47984564.49646000
1557     48145820.60724000
1558     48307546.74225000
1559     48469740.02391000
1560     48632417.80289000
1561     48795577.27363000
1562     48959207.45061000
1563     49123317.64383000
1564     49287917.24294000
1565     49452991.11104000
1566     49618556.84511000
1567     49784611.59740000
1568     49951135.96283000
1569     50118172.44434000
1570     50285676.79190000
1571     50453675.04115000
1572     50622176.78767000
1573     50791166.63257000
1574     50960633.21118000
1575     51130619.63066000
1576     51301093.63480000
1577     51472056.40430000
1578     51643530.26657000
1579     51815508.07884000
1580     51987982.62143000
1581     52160942.33843000
1582     52334431.05130000
1583     52508411.68623000
1584     52682906.85601000
1585     52857892.08767000
1586     53033407.30622000
1587     53209419.37511000
1588     53385946.78984000
1589     53562990.85233000
1590     53740548.51742000
1591     53918625.42198000
1592     54097205.39501000
1593     54276307.14852000
1594     54455940.77961000
1595     54636085.66268000
1596     54816747.43745000
1597     54997945.05271000
1598     55179657.73635000
1599     55361900.05180000
1600     55544664.42517000
1601     55727961.05533000
1602     55911791.27972000
1603     56096138.50159000
1604     56281030.90655000
1605     56466460.89281000
1606     56652402.71437000
1607     56838902.79589000
1608     57025935.39680000
1609     57213510.90547000
1610     57401607.89119000
1611     57590264.10673000
1612     57779467.27496000
1613     57969191.22373000
1614     58159478.53820000
1615     58350316.85395000
1616     58541689.05870000
1617     58733614.93463000
1618     58926100.50757000
1619     59119128.57666000
1620     59312719.09391000
1621     59506854.77756000
1622     59701555.67179000
1623     59896804.41361000
1624     60092611.72189000
1625     60288993.12537000
1626     60485921.70985000
1627     60683422.46043000
1628     60881487.31512000
1629     61080108.12686000
1630     61279314.86182000
1631     61479065.96557000
1632     61679410.63097000
1633     61880307.14320000
1634     62081795.31746000
1635     62283847.70249000
1636     62486470.47326000
1637     62689679.55767000
1638     62893466.70097000
1639     63097833.31206000
1640     63302775.91620000
1641     63508305.68977000
1642     63714404.44765000
1643     63921107.95140000
1644     64128393.10127000
1645     64336271.17571000
1646     64544718.86495000
1647     64753782.15804000
1648     64963427.81901000
1649     65173677.17260000
1650     65384501.72582000
1651     65595937.86771000
1652     65807967.05447000
1653     66020590.70082000
1654     66233830.41075000
1655     66447667.51092000
1656     66662108.49454000
1657     66877139.57823000
1658     67092802.86641000
1659     67309069.37208000
1660     67525920.06375000
1661     67743412.65006000
1662     67961507.69749001
1663     68180222.06999999
1664     68399536.62995000
1665     68619478.63344000
1666     68840049.63925000
1667     69061230.41222000
1668     69283022.37478000
1669     69505463.51402999
1670     69728518.86322001
1671     69952184.60637000
1672     70176493.69566999
1673     70401437.20576000
1674     70627000.83520000
1675     70853191.32168999
1676     71080031.37599000
1677     71307506.66967000
1678     71535597.40046000
1679     71764347.69932000
1680     71993737.81865001
1681     72223753.18719999
1682     72454416.75255001
1683     72685740.87582000
1684     72917694.78025000
1685     73150306.98670000
1686     73383557.39924000
1687     73617463.82108000
1688     73852027.84389000
1689     74087234.66238999
1690     74323102.20029999
1691     74559637.55038001
1692     74796820.33814999
1693     75034657.57540999
1694     75273167.38511001
1695     75512340.33547001
1696     75752172.45178001
1697     75992670.84570999
1698     76233842.68245000
1699     76475683.99668001
1700     76718179.56608000
1701     76961370.19401000
1702     77205229.48023000
1703     77449764.63106000
1704     77694965.93973000
1705     77940863.27997001
1706     78187435.65265000
1707     78434673.24512000
1708     78682611.80137999
1709     78931247.33789000
1710     79180558.62440000
1711     79430535.71866000
1712     79681237.68336000
1713     79932625.98285000
1714     80184696.42998999
1715     80437462.18217000
1716     80690930.69332001
1717     80945103.64895999
1718     81199953.55208001
1719     81455522.85002001
1720     81711801.59014000
1721     81968797.34797999
1722     82226458.85613000
1723     82484852.43729000
1724     82743962.17016000
1725     83003766.04790001
1726     83264295.34164999
1727     83525539.89737000
1728     83787513.33684000
1729     84050175.54338001
1730     84313575.97763000
1731     84577704.43229000
1732     84842562.64315000
1733     85108116.12687001
1734     85374420.83826999
1735     85641454.38834000
1736     85909200.25247000
1737     86177690.47711000
1738     86446914.64918000
1739     86716880.60598999
1740     86987571.71345000
1741     87259001.90686999
1742     87531179.07470000
1743     87804092.64300001
1744     88077769.05543000
1745     88352160.56530000
1746     88627324.64286999
1747     88903232.05521999
1748     89179878.26683000
1749     89457289.97358000
1750     89735462.74405999
1751     90014379.52519999
1752     90294054.59305000
1753     90574502.33901000
1754     90855692.98269001
1755     91137659.87469999
1756     91420398.52082001
1757     91703891.63567001
1758     91988153.68413000
1759     92273192.85020000
1760     92558998.14302000
1761     92845584.16531000
1762     93132939.87625000
1763     93421079.94248000
1764     93709986.80411001
1765     93999688.11541000
1766     94290172.77809000
1767     94581436.09445000
1768     94873486.36551000
1769     95166318.87157001
1770     95459948.50484000
1771     95754383.70709001
1772     96049586.89019001
1773     96345605.90849000
1774     96642416.27725001
1775     96940039.68009000
1776     97238431.54983000
1777     97537660.09275000
1778     97837680.67546000
1779     98138515.12771000
1780     98440131.84430000
1781     98742572.81179000
1782     99045846.71770000
1783     99349915.08803999
1784     99654799.94733000
1785     99960509.94970000
1786    100267047.02148999
1787    100574379.06227000
1788    100882548.70760000
1789    101191557.93979999
1790    101501374.48921999
1791    101812041.31743000
1792    102123526.05670001
1793    102435844.31619000
1794    102748991.09469999
1795    103062989.04135001
1796    103377819.33887000
1797    103693504.73503000
1798    104010005.41085000
1799    104327372.02704000
1800    104645571.63751000
1801    104964613.10488001
1802    105284533.49276000
1803    105605299.68224999
1804    105926899.44451000
1805    106249355.83227000
1806    106572692.08758000
1807    106896881.86262999
1808    107221934.19976000
1809    107547836.77948000
1810    107874627.26853999
1811    108202271.91141000
1812    108530779.78052001
1813    108860160.01454000
1814    109190429.03969000
1815    109521574.46499000
1816    109853583.77711000
1817    110186480.68200000
1818    110520252.65791000
1819    110854908.96044999
1820    111190466.22864000
1821    111526889.90851000
1822    111864233.30701999
1823    112202432.35800000
1824    112541547.88378000
1825    112881552.47000000
1826    113222462.92256001
1827    113564259.03815000
1828    113906965.09080000
1829    114250590.63080999
1830    114595085.46180999
1831    114940511.33459000
1832    115286862.93855999
1833    115634104.79915000
1834    115982246.37196000
1835    116331327.41538000
1836    116681334.99505000
1837    117032248.45827000
1838    117384077.39002000
1839    117736839.06903000
1840    118090535.62835000
1841    118445153.89040001
1842    118800688.22296999
1843    119157186.76493999
1844    119514613.27912000
1845    119872954.37107000
1846    120232242.95988999
1847    120592481.20661999
1848    120953640.18009999
1849    121315776.38420001
1850    121678860.91260000
1851    122042872.41854000
1852    122407828.56377999
1853    122773770.72403000
1854    123140646.11386000
1855    123508472.50785001
1856    123877275.72950999
1857    124247042.17877001
1858    124617781.95373000
1859    124989465.42206000
1860    125362118.52536000
1861    125735759.41989000
1862    126110382.36730000
1863    126485949.44736999
1864    126862494.81813000
1865    127240052.91769999
1866    127618553.40958001
1867    127998079.21024001
1868    128378567.84733000
1869    128760053.89679000
1870    129142515.16132000
1871    129525986.41653000
1872    129910453.60679001
1873    130295894.33708000
1874    130682343.55260000
1875    131069811.76805000
1876    131458276.54786000
1877    131847715.24878000
1878    132238196.22748999
1879    132629688.69870000
1880    133022203.23363000
1881    133415708.75375000
1882    133810232.43946999
1883    134205793.30856000
1884    134602351.73554999
1885    134999951.90678999
1886    135398570.89502001
1887    135798210.91925001
1888    136198899.61436000
1889    136600622.39256999
1890    137003373.03266999
1891    137407170.81994000
1892    137811975.38718000
1893    138217848.74344999
1894    138624793.35494000
1895    139032699.92074001
1896    139441725.29339999
1897    139851803.15151000
1898    140262918.50874999
1899    140675090.92085001
1900    141088305.33609000
1901    141502598.80827001
1902    141917938.87775999
1903    142334354.00946000
1904    142751846.60365000
1905    143170410.28275001
1906    143590020.99704000
1907    144010733.85431001
1908    144432524.86938000
1909    144855369.83711001
1910    145279297.58688000
1911    145704319.38806000
1912    146130446.58969000
1913    146557645.95864999
1914    146985919.76943001
1915    147415306.18165001
1916    147845798.71616000
1917    148277363.79764000
1918    148710039.76931000
1919    149143829.09775999
1920    149578707.05759999
1921    150014703.20629001
1922    150451810.92004001
1923    150890014.37972000
1924    151329343.32824999
1925    151769800.25911999
1926    152211378.48953000
1927    152654089.66448000
1928    153097871.75341001
1929    153542819.25152001
1930    153988907.07409000
1931    154436100.62966999
1932    154884439.39984000
1933    155333916.59718999
1934    155784544.03415999
1935    156236296.18055001
1936    156689212.90739000
1937    157143259.23877001
1938    157598456.38099000
1939    158054806.83206999
1940    158512322.54964000
1941    158970987.15033999
1942    159430793.59132999
1943    159891782.32824999
1944    160353936.93178001
1945    160817259.92710000
1946    161281734.69444001
1947    161747363.64768001
1948    162214226.12404999
1949    162682209.40854001
1950    163151412.23829001
1951    163621779.35545999
1952    164093332.58704001
1953    164566055.06270999
1954    165039988.17166001
1955    165515134.60648000
1956    165991438.40303999
1957    166468941.08601999
1958    166947664.87549001
1959    167427592.80673999
1960    167908707.75591001
1961    168391012.19811001
1962    168874568.01291999
1963    169359358.21404999
1964    169845286.12450999
1965    170332493.33353001
1966    170820883.00762999
1967    171310497.53834000
1968    171801379.65415001
1969    172293451.87858000
1970    172786797.13100001
1971    173281317.43634000
1972    173777095.93193001
1973    174274135.39794999
1974    174772418.31948999
1975    175271906.67570001
1976    175772664.03604999
1977    176274672.77355999
1978    176777915.09696999
1979    177282455.09729999
1980    177788213.49963999
1981    178295233.93496001
1982    178803519.10025999
1983    179313092.37976000
1984    179823935.88327000
1985    180336031.55419001
1986    180849381.97999999
1987    181364031.46103001
1988    181879982.85235000
1989    182397176.19242001
1990    182915676.90899000
1991    183435445.81775001
1992    183956527.67504999
1993    184478883.13282999
1994    185002578.28881001
1995    185527531.35854000
1996    186053723.59922001
1997    186581327.69857001
1998    187110197.75771999
1999    187640379.04640999
2000    188171852.92767000
2001    188704664.98848000
2002    189238796.64579001
2003    189774250.69845000
2004    190311008.35223001
2005    190849093.92502999
2006    191388488.54330999
2007    191929260.08655000
2008    192471346.31707001
2009    193014771.75027999
2010    193559539.21950001
2011    194105629.65226001
2012    194653067.71270999
2013    195201856.24893999
2014    195752020.16005999
2015    196303540.34861001
2016    196856353.26831001
2017    197410616.65264001
2018    197966200.55548000
2019    198523129.85523999
2020    199081451.93544999
2021    199641169.82133001
2022    200202174.49336001
2023    200764625.49133000
2024    201328481.12781000
2025    201893654.25801000
2026    202460260.35087001
2027    203028189.40103999
2028    203597602.72101000
2029    204168321.93314001
2030    204740486.08985999
2031    205314075.58306000
2032    205889002.00760999
2033    206465382.48774999
2034    207043174.32659999
2035    207622357.47126999
2036    208202957.80524999
2037    208784932.08546999
2038    209368421.92517999
2039    209953268.46548000
2040    210539544.01058000
2041    211127298.14102000
2042    211716417.42383000
2043    212306974.60293001
2044    212899042.99669999
2045    213492532.10383999
2046    214087444.79798001
2047    214683760.37674999
2048    215281599.72286999
2049    215880871.59316999
2050    216481578.88106999
2051    217083724.48473999
2052    217687382.77024999
2053    218292509.34141001
2054    218899011.58579999
2055    219507107.68121001
2056    220116633.32082000
2057    220727639.41418001
2058    221340080.81654999
2059    221954081.12436000
2060    222569547.02805999
2061    223186457.21768999
2062    223804911.73094001
2063    224424840.89746001
2064    225046247.68110999
2065    225669159.50606999
2066    226293628.50385001
2067    226919584.43542999
2068    227547030.28516999
2069    228175944.38880000
2070    228806477.81095999
2071    229438485.77914000
2072    230072020.75461999
2073    230707085.89703000
2074    231343709.27450001
2075    231981794.39515001
2076    232621443.99684000
2077    233262686.46527001
2078    233905399.76853001
2079    234549687.26356000
2080    235195527.09417999
2081    235842922.46347001
2082    236491876.58000001
2083    237142367.30028999
2084    237794448.50816000
2085    238448098.12200001
2086    239103268.35119000
2087    239760038.81022999
2088    240418387.28108001
2089    241078342.67522001
2090    241739805.53582999
2091    242402933.26234999
2092    243067600.48704001
2093    243733887.78167000
2094    244401746.73098999
2095    245071232.40886000
2096    245742296.20401001
2097    246414889.09472999
2098    247089222.95465001
2099    247765118.58837000
2100    248442605.22604001
2101    249121686.02432001
2102    249802443.16585001
2103    250484801.11230001
2104    251168789.48210999
2105    251854411.61158001
2106    252541697.39394999
2107    253230570.52320999
2108    253921034.03472999
2109    254613277.94112000
2110    255307092.29595000
2111    256002560.44117999
2112    256699658.88242999
2113    257398471.61243001
2114    258098867.45274001
2115    258801011.50036001
2116    259504799.29809999
2117    260210234.08936000
2118    260917346.31546000
2119    261626084.89890999
2120    262336589.44104001
2121    263048754.43652001
2122    263762610.56545001
2123    264478133.80318999
2124    265195382.46790001
2125    265914305.02805999
2126    266634904.77627999
2127    267357268.05761001
2128    268081287.72005999
2129    268807078.07690001
2130    269534531.54894000
2131    270263734.99848002
2132    270994636.16720003
2133    271727266.39954001
2134    272461601.13016999
2135    273197728.07321000
2136    273935566.53838003
2137    274675091.64442003
2138    275416419.74733001
2139    276159498.02074999
2140    276904301.60038000
2141    277650833.86255997
2142    278399155.21928000
2143    279149269.39523000
2144    279901065.61066997
2145    280654661.66276997
2146    281410118.77626997
2147    282167239.45905000
2148    282926142.03351998
2149    283686859.00225002
2150    284449394.13362998
2151    285213693.15287000
2152    285979759.49887002
2153    286747654.89450002
2154    287517295.54386997
2155    288288772.49251002
2156    289062060.23514003
2157    289837191.78078002
2158    290614112.09517998
2159    291392795.17295998
2160    292173303.40990001
2161    292955729.27086997
2162    293739928.65635997
2163    294525964.32748002
2164    295313810.19186997
2165    296103559.26275998
2166    296895036.23530000
2167    297688453.75975001
2168    298483726.04356003
2169    299280856.80002999
2170    300079789.49564999
2171    300880618.05874002
2172    301683285.90877002
2173    302487857.21333998
2174    303294275.16816002
2175    304102573.76766002
2176    304912787.24966002
2177    305724827.93164998
2178    306538729.82558000
2179    307354619.16908002
2180    308172377.39972001
2181    308991977.34516001
2182    309813545.80030000
2183    310636994.22399002
2184    311462326.24186999
2185    312289576.50630999
2186    313118779.91714001
2187    313949909.33863002
2188    314782937.39951998
2189    315617930.28192002
2190    316454798.03959000
2191    317293606.92747003
2192    318134392.24778003
2193    318977126.53918999
2194    319821813.67085999
2195    320668425.88862002
2196    321516935.19893998
2197    322367503.88436002
2198    323220009.13602000
2199    324074486.54601997
2200    324930908.08379000
2201    325789309.47715998
2202    326649630.52228999
2203    327512067.51691997
2204    328376399.83627999
2205    329242759.85367000
2206    330111087.07981002
2207    330981450.02658999
2208    331853755.53166002
2209    332728072.18185002
2210    333604436.51020998
2211    334482885.30818999
2212    335363259.49930000
2213    336245628.00889999
2214    337130060.27315998
2215    338016593.36347997
2216    338905066.96539998
2217    339795583.53860003
2218    340688180.17483002
2219    341582827.96315002
2220    342479497.74431998
2221    343378160.10968000
2222    344278985.34535003
2223    345181877.91971999
2224    346086741.53802001
2225    346993747.27605999
2226    347902866.01498997
2227    348813967.44664001
2228    349727122.50036001
2229    350642470.18059999
2230    351559845.97009999
2231    352479355.30567002
2232    353400968.52758002
2233    354324587.65003002
2234    355250454.92523003
2235    356178301.93781000
2236    357108337.43984997
2237    358040497.37764001
2238    358974785.90732998
2239    359911172.76190001
2240    360849661.91303998
2241    361790326.46278000
2242    362733101.53579998
2243    363678060.51214999
2244    364625173.02630001
2245    365574408.45403999
2246    366525735.91141999
2247    367479334.01959997
2248    368435067.49184000
2249    369392940.35797000
2250    370353026.97784001
2251    371315296.56774998
2252    372279682.78593999
2253    373246224.84969002
2254    374215033.11456001
2255    375186076.75806999
2256    376159217.99506998
2257    377134603.03856999
2258    378112272.08636999
2259    379092015.22251999
2260    380074015.12875998
2261    381058276.32195997
2262    382044731.37589997
2263    383033456.49939001
2264    384024347.89414001
2265    385017481.85079998
2266    386012898.96631002
2267    387010567.48250002
2268    388010491.76064998
2269    389012639.71192998
2270    390017052.03030998
2271    391023696.50204998
2272    392032613.97311997
2273    393043808.83937001
2274    394057285.50375003
2275    395073085.25077999
2276    396091138.81852001
2277    397111450.42133999
2278    398134024.28005999
2279    399159013.24175000
2280    400186236.25810999
2281    401215771.95085001
2282    402247587.41301000
2283    403281761.77348000
2284    404318262.21022999
2285    405357018.04623002
2286    406398146.29351002
2287    407441651.66030997
2288    408487463.27762997
2289    409535547.57700998
2290    410586060.38804001
2291    411638892.64229000
2292    412694086.73452997
2293    413751609.05199999
2294    414811540.36961001
2295    415873885.45586002
2296    416938495.61881000
2297    418005566.97210997
2298    419074950.47661000
2299    420146727.44753999
2300    421220979.78746998
2301    422297557.60911000
2302    423376542.68431997
2303    424457978.49927002
2304    425541753.04404002
2305    426627948.54892999
2306    427716608.74160999
2307    428807620.97457999
2308    429901185.66697001
2309    430997111.55385000
2310    432095481.63502997
2311    433196300.57950997
2312    434299454.44867003
2313    435405224.54632998
2314    436513298.95969999
2315    437623959.82362002
2316    438737053.17084998
2317    439852663.31203002
2318    440970555.28062999
2319    442091013.10298002
2320    443214122.23394001
2321    444339526.42467999
2322    445467511.29699999
2323    446597960.97746998
2324    447731001.31450999
2325    448866394.46191001
2326    450004347.23092002
2327    451144864.63617003
2328    452287951.70056999
2329    453433450.19231999
2330    454581568.69620001
2331    455732189.58271003
2332    456885276.40342999
2333    458040998.01727003
2334    459199318.52623999
2335    460360036.63476002
2336    461523363.03479999
2337    462689385.67773998
2338    463857861.09243000
2339    465028959.79579997
2340    466202520.26287001
2341    467378797.11956000
2342    468557628.70143998
2343    469739019.68444997
2344    470923058.69493997
2345    472109708.84132999
2346    473298932.92789000
2347    474490693.45349997
2348    475685164.03334999
2349    476882223.00364000
2350    478081917.53301001
2351    479284337.63279003
2352    480489233.15789998
2353    481696821.53893000
2354    482907108.00628000
2355    484120054.96205997
2356    485335624.49937999
2357    486553864.39266998
2358    487774779.66665000
2359    488998375.35389000
2360    490224526.78961003
2361    491453454.87743998
2362    492685078.36287999
2363    493919445.78518999
2364    495156475.34544998
2365    496396084.60926998
2366    497638583.95775002
2367    498883716.66756999
2368    500131487.35716999
2369    501382032.53065002
2370    502635357.54970998
2371    503891467.78478003
2372    505150191.80080998
2373    506411711.14775997
2374    507675942.48736000
2375    508942935.18142998
2376    510212694.39626998
2377    511485269.91868001
2378    512760533.09364998
2379    514038578.17211998
2380    515319500.07093000
2381    516603034.84025002
2382    517889456.85044003
2383    519178681.60526001
2384    520470714.33525002
2385    521765515.00568002
2386    523063133.97035998
2387    524363621.92369002
2388    525666802.28542000
2389    526972953.21604002
2390    528281806.60347998
2391    529593550.07862997
2392    530908189.18801999
2393    532225683.54465997
2394    533545900.38011998
2395    534869028.69966000
2396    536195027.88827002
2397    537523810.72124004
2398    538855613.85891998
2399    540190257.61731005
2400    541527747.10230005
2401    542868180.66727996
2402    544211470.53424001
2403    545557621.83236003
2404    546906686.57456994
2405    548258670.16215003
2406    549613625.05238998
2407    550971462.65374005
2408    552332140.91497004
2409    553695853.97718000
2410    555062465.62386000
2411    556432076.00443995
2412    557804500.57687998
2413    559180029.94105995
2414    560558479.39856005
2415    561939806.34749997
2416    563324159.49731004
2417    564711496.61020994
2418    566101775.10806000
2419    567495048.42154002
2420    568891370.33973002
2421    570290649.95915997
2422    571692940.99820006
2423    573098200.48169994
2424    574506579.55007005
2425    575917840.78505003
2426    577332135.34329998
2427    578749468.80973995
2428    580169944.71621001
2429    581593422.02391005
2430    583019856.93011999
2431    584449402.22826004
2432    585882063.81361997
2433    587317600.51602995
2434    588756363.43797004
2435    590198160.66222000
2436    591643047.26566994
2437    593091028.91887999
2438    594542061.43684995
2439    595996250.14567995
2440    597453450.87808001
2441    598913718.93154001
2442    600377260.65151000
2443    601843830.99228001
2444    603313535.95525002
2445    604786330.78081000
2446    606262423.30399001
2447    607741516.01433003
2448    609223664.62772000
2449    610709077.82697999
2450    612197660.03178000
2451    613689519.13044000
2452    615184303.49248004
2453    616682427.40614998
2454    618183640.89421999
2455    619688000.64611995
2456    621195718.25931001
2457    622706542.39750004
2458    624220633.44408000
2459    625737790.38424003
2460    627258381.42433000
2461    628782049.73512006
2462    630308956.57091999
2463    631839003.50346005
2464    633372404.90067995
2465    634909114.88955998
2466    636448982.34324002
2467    637992117.70622003
2468    639538526.91951001
2469    641088268.66029000
2470    642641190.70612001
2471    644197298.45692003
2472    645756862.37698996
2473    647319623.77419996
2474    648885800.87916005
2475    650455187.07923996
2476    652027947.99219000
2477    653603929.46211004
2478    655183190.52920997
2479    656765951.66396999
2480    658351950.89971995
2481    659941193.71758997
2482    661534009.41611004
2483    663130134.90382004
2484    664729413.49214005
2485    666332175.66360998
2486    667938265.03614998
2487    669547850.78720999
2488    671160721.42290998
2489    672776991.78349996
2490    674396668.00805998
2491    676019701.40294003
2492    677646262.65167999
2493    679276138.35736001
2494    680909444.37960005
2495    682546131.66919994
2496    684186261.45766997
2497    685829950.81008995
2498    687476928.88232005
2499    689127479.15017998
2500    690781441.25546002
2501    692438932.79488003
2502    694099624.76012003
2503    695764026.14779997
2504    697431863.79456997
2505    699103199.90371001
2506    700778040.76194000
2507    702456336.24074996
2508    704138092.34511006
2509    705823315.08852994
2510    707512123.94432998
2511    709204582.37311995
2512    710900526.54087996
2513    712599848.44164002
2514    714302839.17270994
2515    716009448.48111999
2516    717719511.05637002
2517    719433090.11273003
2518    721150249.27895999
2519    722870937.32632005
2520    724595333.58257997
2521    726323213.72375000
2522    728054873.28903997
2523    729789971.37256002
2524    731528687.95232999
2525    733271087.74432003
2526    735016944.11631000
2527    736766496.45324004
2528    738519692.99751997
2529    740276657.57930005
2530    742037221.03123999
2531    743801212.95343995
2532    745568992.47982001
2533    747340566.77468002
2534    749115647.10042000
2535    750894416.94096994
2536    752676942.25776005
2537    754463170.44827998
2538    756252929.30007005
2539    758046582.70284998
2540    759843898.96721995
2541    761644884.39673996
2542    763449545.30384004
2543    765257948.13676000
2544    767070280.24065006
2545    768886066.51743996
2546    770705795.60125995
2547    772529172.37017000
2548    774356445.50127995
2549    776187440.03915000
2550    778022040.63057005
2551    779860557.91515005
2552    781702938.17557001
2553    783548943.70501006
2554    785398825.47704005
2555    787252590.56853998
2556    789110061.52757001
2557    790971490.96710002
2558    792836701.13237000
2559    794705574.82070994
2560    796578427.58899999
2561    798455080.74038994
2562    800335602.93589997
2563    802220063.28042996
2564    804108281.80566001
2565    806000514.66696000
2566    807896518.99166000
2567    809796300.99852002
2568    811700180.99818003
2569    813607915.16512001
2570    815519510.07451999
2571    817435035.45696998
2572    819354561.49282002
2573    821277905.34704995
2574    823205200.25593996
2575    825136389.58565998
2576    827071607.36521995
2577    829010860.90137994
2578    830953965.75001001
2579    832901120.33464003
2580    834852139.56385005
2581    836807286.80349004
2582    838766376.64829004
2583    840729351.31942999
2584    842696346.37168002
2585    844667304.15681005
2586    846642490.66515994
2587    848621654.27236998
2588    850604866.76797998
2589    852592004.94088995
2590    854583205.75360000
2591    856578541.70281005
2592    858577692.78716004
2593    860581189.63954997
2594    862588712.16595995
2595    864600333.01812005
2596    866615927.46632004
2597    868635700.19389999
2598    870659592.55472004
2599    872687611.74804997
2600    874719698.57658994
2601    876755726.87171996
2602    878796235.92488003
2603    880840700.68510997
2604    882889261.10149002
2605    884942058.05535996
2606    886999166.26454997
2607    889060123.20123994
2608    891125473.06765997
2609    893194886.97482002
2610    895268439.10215998
2611    897346339.46524000
2612    899428528.30128002
2613    901514741.64946997
2614    903605189.90660000
2615    905699880.43844998
2616    907798957.15377998
2617    909902154.61031997
2618    912009410.99849999
2619    914121144.38247001
2620    916237088.29236996
2621    918357249.80318999
2622    920481773.94869006
2623    922610599.44207001
2624    924743664.53301001
2625    926881045.66797996
2626    929022819.77989995
2627    931168716.44219995
2628    933319020.84029996
2629    935473601.22988999
2630    937632534.70550001
2631    939795968.90024996
2632    941963631.40661001
2633    944135599.35010004
2634    946312020.75713003
2635    948492903.56871998
2636    950677761.17753994
2637    952867448.27644002
2638    955061336.61320996
2639    957259645.76428998
2640    959462312.22574997
2641    961669628.31079996
2642    963881174.48777997
2643    966097100.32992995
2644    968317556.39684999
2645    970542478.99531996
2646    972771875.82378995
2647    975005682.59871995
2648    977243978.78766000
2649    979486772.12172997
2650    981733925.61778998
2651    983985881.20502996
2652    986242067.25207996
2653    988502853.71781003
2654    990767957.32836998
2655    993037749.67357004
2656    995312166.20021999
2657    997590995.40752006
2658    999874464.44555998
2659   1002162508.04916000
2660   1004454986.85860002
2661   1006752202.91176999
2662   1009053721.69361997
2663   1011360067.46121001
2664   1013670878.69985998
2665   1015986385.26556003
2666   1018306521.09465003
2667   1020631219.63019001
2668   1022960488.43409002
2669   1025294484.55984998
2670   1027633216.35161996
2671   1029976317.19200003
2672   1032324169.15075004
2673   1034676855.85627997
2674   1037034009.19631004
2675   1039395938.06142998
2676   1041762650.86626005
2677   1044134004.51495004
2678   1046509930.78673995
2679   1048890665.03084004
2680   1051276063.41468000
2681   1053666286.19157004
2682   1056061265.44219995
2683   1058460779.67296004
2684   1060865295.82603002
2685   1063274439.23090005
2686   1065688371.10125005
2687   1068107176.64672995
2688   1070530555.68852997
2689   1072958901.80536997
2690   1075391836.74388003
2691   1077829832.98544002
2692   1080272589.09260011
2693   1082720190.73538995
2694   1085172490.21079993
2695   1087629651.18000007
2696   1090091994.83363008
2697   1092558669.01075006
2698   1095030464.19169998
2699   1097507153.97111011
2700   1099988667.89246011
2701   1102475092.76939988
2702   1104966357.90278006
2703   1107462787.87556005
2704   1109963837.18182993
2705   1112469830.29394007
2706   1114981014.26872993
2707   1117497000.22330999
2708   1120017636.09587002
2709   1122543568.38944006
2710   1125074406.65019989
2711   1127610158.90846992
2712   1130150913.57191992
2713   1132696840.10038996
2714   1135247625.22640991
2715   1137803195.84746003
2716   1140363963.77426004
2717   1142929776.23711991
2718   1145500560.57251000
2719   1148076487.53059006
2720   1150657403.15600991
2721   1153243478.76733994
2722   1155834314.71349001
2723   1158430572.82151008
2724   1161031853.32768011
2725   1163638082.28394008
2726   1166249349.75039005
2727   1168865828.75863004
2728   1171487445.80690002
2729   1174114374.91575003
2730   1176746045.79595995
2731   1179383045.78904009
2732   1182025301.30542994
2733   1184672571.73240995
2734   1187325031.70338988
2735   1189982773.45589995
2736   1192645555.16206002
2737   1195313468.52578998
2738   1197986689.75826001
2739   1200665312.12345004
2740   1203348839.93086004
2741   1206037870.79931998
2742   1208731907.79996991
2743   1211431381.68250990
2744   1214136047.77608991
2745   1216845829.57499003
2746   1219560990.27377009
2747   1222281453.95490003
2748   1225006973.45335007
2749   1227738069.31347990
2750   1230474580.45145011
2751   1233216087.33997011
2752   1235963026.77466011
2753   1238715408.11993003
2754   1241473068.35030007
2755   1244235756.96363997
2756   1247004259.60847998
2757   1249778067.63118005
2758   1252557102.82449007
2759   1255341547.17536998
2760   1258131583.83423996
2761   1260926786.66205001
2762   1263727338.11226010
2763   1266533596.80034995
2764   1269345222.53319001
2765   1272162048.38630009
2766   1274984433.88156009
2767   1277812388.56478000
2768   1280645745.54692006
2769   1283484425.15525007
2770   1286328878.24288988
2771   1289178671.97182989
2772   1292033992.25512004
2773   1294894670.36518002
2774   1297761160.13433003
2775   1300632847.34307003
2776   1303510186.43595004
2777   1306393276.63552999
2778   1309281769.30275989
2779   1312175852.49382997
2780   1315075355.50255990
2781   1317980647.27652001
2782   1320891647.71834993
2783   1323808004.84390998
2784   1326729817.22133994
2785   1329657546.96054006
2786   1332590932.10435009
2787   1335529708.91609001
2788   1338474341.33675003
2789   1341424565.65423012
2790   1344380482.30152011
2791   1347342009.05767989
2792   1350309430.25005007
2793   1353282296.54506993
2794   1356260984.38136005
2795   1359245134.72478008
2796   1362235310.02552009
2797   1365231150.97280002
2798   1368232666.61399007
2799   1371240051.69911003
2800   1374253130.21789002
2801   1377272004.40481997
2802   1380296497.20783997
2803   1383326991.10123992
2804   1386363028.53642011
2805   1389405180.30361009
2806   1392452893.89130998
2807   1395506553.81654000
2808   1398566170.17294002
2809   1401631469.93212008
2810   1404702650.89276004
2811   1407779722.72586989
2812   1410862789.95868993
2813   1413951482.76167989
2814   1417045999.75500989
2815   1420146731.43095994
2816   1423253116.13803005
2817   1426365544.70625997
2818   1429483931.58934999
2819   1432608382.49684000
2820   1435738427.23747993
2821   1438874747.46131992
2822   1442016968.78004003
2823   1445165293.67406988
2824   1448319152.14515996
2825   1451479326.69655991
2826   1454645537.51279998
2827   1457817697.28326988
2828   1460995815.42837000
2829   1464180193.90961003
2830   1467370550.59570003
2831   1470566797.11815000
2832   1473769236.43053007
2833   1476977780.82621002
2834   1480192145.36300993
2835   1483412830.91950989
2836   1486639651.20523000
2837   1489872616.23566008
2838   1493111637.09313011
2839   1496356822.44555998
2840   1499608083.08014989
2841   1502865726.87178993
2842   1506129266.91571999
2843   1509399011.11284995
2844   1512674969.57229996
2845   1515956952.26339006
2846   1519245469.54417992
2847   1522540031.01840997
2848   1525840947.56739998
2849   1529148028.40258002
2850   1532461283.22597003
2851   1535780822.80609012
2852   1539106657.36087990
2853   1542438695.74061990
2854   1545777150.78983998
2855   1549121829.84050989
2856   1552472640.79794002
2857   1555830001.11698008
2858   1559193819.88253999
2859   1562563800.79644990
2860   1565939953.19514990
2861   1569322697.22833991
2862   1572711838.51285005
2863   1576107181.35326004
2864   1579508941.53285003
2865   1582917129.44788003
2866   1586331651.97645998
2867   1589752726.44027996
2868   1593180156.04590011
2869   1596614158.81120992
2870   1600054537.30193996
2871   1603501197.12544990
2872   1606954565.91767001
2873   1610414341.07753992
2874   1613880532.62160993
2875   1617353360.66624999
2876   1620832520.63028002
2877   1624318232.82589006
2878   1627810402.27874994
2879   1631309250.51315999
2880   1634814894.53497005
2881   1638326709.61731005
2882   1641845235.50908995
2883   1645370483.36925006
2884   1648902357.79907990
2885   1652440442.49769998
2886   1655985173.76325989
2887   1659536990.64824009
2888   1663095155.11704993
2889   1666659783.78680992
2890   1670231424.38829994
2891   1673809765.90555000
2892   1677394495.26815009
2893   1680985946.07530999
2894   1684584237.42501998
2895   1688189380.65500998
2896   1691800843.90796995
2897   1695419071.20904994
2898   1699044400.38853002
2899   1702676188.90196991
2900   1706314883.42548990
2901   1709960385.87261009
2902   1713612487.78326011
2903   1717271528.63203001
2904   1720937409.85162997
2905   1724610032.18759990
2906   1728289626.87179995
2907   1731975652.58197999
2908   1735668782.67376995
2909   1739368918.30337000
2910   1743075737.73972988
2911   1746789696.07095003
2912   1750510248.15819001
2913   1754237961.63451004
2914   1757972401.42333007
2915   1761713801.53646994
2916   1765462285.25964999
2917   1769217639.57602000
2918   1772979650.05391002
2919   1776749002.45793009
2920   1780525258.05446005
2921   1784308314.43824005
2922   1788098634.70212007
2923   1791895777.46515989
2924   1795700093.68755007
2925   1799511367.59935999
2926   1803329837.85101008
2927   1807155173.83652997
2928   1810987500.09067011
2929   1814827056.39284992
2930   1818673739.92551994
2931   1822527447.15948009
2932   1826388419.00916004
2933   1830256321.68739009
2934   1834131511.73730993
2935   1838013769.90616989
2936   1841903107.05995011
2937   1845799881.98078990
2938   1849703642.61057997
2939   1853614515.64176011
2940   1857532511.99645996
2941   1861458109.42595005
2942   1865390619.76478004
2943   1869330404.09003997
2944   1873277591.19449997
2945   1877231958.29545999
2946   1881193516.40116000
2947   1885162512.16516995
2948   1889138839.73844004
2949   1893122392.54296994
2950   1897113300.01951003
2951   1901111455.24637008
2952   1905116513.07016993
2953   1909129553.34147000
2954   1913149756.68811989
2955   1917177610.93314004
2956   1921212650.91984010
2957   1925255006.93909001
2958   1929304929.92634010
2959   1933362072.01056004
2960   1937426684.34529996
2961   1941498899.16698003
2962   1945578246.31316996
2963   1949665340.02050996
2964   1953759951.23715997
2965   1957861970.61160994
2966   1961971288.04524994
2967   1966088279.03664994
2968   1970212834.27956009
2969   1974344965.68844008
2970   1978484563.03239012
2971   1982632004.74017000
2972   1986786813.74505997
2973   1990948509.91996002
2974   1995118576.95160007
2975   1999296291.57696009
2976   2003481419.18666005
2977   2007674464.69869995
2978   2011874946.51443005
2979   2016083123.33594990
2980   2020298759.06468010
2981   2024521988.92087007
2982   2028753446.84051991
2983   2032992149.88565993
2984   2037238607.34750009
2985   2041492956.45474005
2986   2045755084.70995998
2987   2050025004.30768991
2988   2054302224.83897996
2989   2058587511.28004003
2990   2062880877.05085993
2991   2067181830.60963988
2992   2071490635.93184996
2993   2075807305.30626011
2994   2080131597.36174011
2995   2084463650.26659989
2996   2088803475.76109004
2997   2093151722.76500010
2998   2097507512.60755992
2999   2101871495.03677011
3000   2106243043.49587011
3001   2110622937.98494005
3002   2115009908.43387008
3003   2119405506.64973998
3004   2123808975.11518002
3005   2128220583.77045012
3006   2132639958.01684999
3007   2137067109.15920997
3008   2141502437.42043996
3009   2145946085.78412008
3010   2150397157.74970007
3011   2154856704.78780985
3012   2159324219.53593016
3013   2163799975.28602982
3014   2168283723.57153988
3015   2172775607.47558022
3016   2177275377.14124012
3017   2181783175.47788000
3018   2186299146.22467995
3019   2190823565.82211018
3020   2195355787.84984016
3021   2199896616.87147999
3022   2204445537.55059004
3023   2209002429.35190010
3024   2213567303.82697010
3025   2218140971.14600992
3026   2222722380.14289999
3027   2227312475.77072001
3028   2231910604.13720989
3029   2236517178.65074015
3030   2241131676.27654982
3031   2245754242.38913012
3032   2250385695.95872021
3033   2255025378.61982012
3034   2259673302.69683981
3035   2264329615.70501995
3036   2268994330.62585020
3037   2273667460.45757008
3038   2278348882.41165018
3039   2283038336.86384010
3040   2287736652.31154013
3041   2292443434.40873003
3042   2297158422.94812012
3043   2301881903.47302008
3044   2306613889.09683990
3045   2311354392.94984007
3046   2316103153.20025015
3047   2320860181.74030018
3048   2325626317.95802021
3049   2330401025.09346008
3050   2335184316.36151981
3051   2339975650.78565979
3052   2344775871.64724016
3053   2349584159.61611986
3054   2354401360.56459999
3055   2359227210.25839996
3056   2364061722.01120996
3057   2368905188.82647991
3058   2373757065.13670015
3059   2378617363.01677990
3060   2383486375.51983023
3061   2388364116.04344988
3062   2393250879.83069992
3063   2398146117.08959007
3064   2403049839.97083998
3065   2407962626.89588022
3066   2412883925.52418995
3067   2417813748.05144978
3068   2422752675.55437994
3069   2427700722.87343979
3070   2432657334.25689983
3071   2437622521.96287012
3072   2442596870.62658978
3073   2447580108.54457998
3074   2452571962.27825022
3075   2457572156.64824009
3076   2462581854.42173004
3077   2467600495.15169001
3078   2472627803.70594978
3079   2477664081.72713995
3080   2482709632.64148998
3081   2487764181.36921978
3082   2492826869.89523983
3083   2497898872.13938999
3084   2502980203.22380018
3085   2508070586.36651993
3086   2513170035.39431000
3087   2518277978.51710987
3088   2523395306.70768023
3089   2528521154.04979992
3090   2533656708.38935995
3091   2538801102.50294018
3092   2543954644.03132010
3093   2549117642.42875004
3094   2554289521.09538984
3095   2559470589.07113981
3096   2564660266.63559008
3097   2569859754.34330988
3098   2575068175.64748001
3099   2580285841.46004009
3100   2585512765.85051012
3101   2590748962.90625000
3102   2595994147.15092993
3103   2601248631.37803984
3104   2606512129.23352003
3105   2611785556.35450983
3106   2617068025.43613005
3107   2622359549.29944992
3108   2627660745.42759991
3109   2632971023.85929012
3110   2638291307.19021988
3111   2643619790.22825003
3112   2648958306.71009016
3113   2654306264.44996977
3114   2659663372.67819977
3115   2665030255.44192982
3116   2670406316.45679998
3117   2675791875.17990017
3118   2681186639.05832005
3119   2686591235.91553020
3120   2692005065.82773018
3121   2697428450.17690992
3122   2702862021.03109980
3123   2708304558.58447981
3124   2713756694.00811005
3125   2719217821.39939022
3126   2724688884.50788021
3127   2730169899.28959990
3128   2735659946.87037992
3129   2741160287.36503983
3130   2746670000.52518988
3131   2752189412.59030008
3132   2757717911.19171000
3133   2763256450.08217001
3134   2768805359.80887985
3135   2774363083.28149986
3136   2779931207.94703007
3137   2785508487.88055992
3138   2791095567.68229008
3139   2796692778.94864988
3140   2802299185.97355986
3141   2807915754.05109978
3142   2813542181.17285013
3143   2819178482.17927980
3144   2824824671.92944002
3145   2830480445.59665012
3146   2836146457.00489998
3147   2841821760.51079988
3148   2847507331.60282993
3149   2853202543.41345978
3150   2858908053.69364023
3151   2864623233.68141985
3152   2870348420.01442003
3153   2876083951.28699017
3154   2881828547.77335978
3155   2887583842.87322998
3156   2893349204.52566004
3157   2899124322.31139994
3158   2904909861.89659977
3159   2910704860.39580011
3160   2916510310.98337984
3161   2922325575.34940004
3162   2928151323.14659977
3163   2933986914.14165020
3164   2939832362.08774996
3165   2945688669.08365011
3166   2951554533.60654020
3167   2957431289.70247984
3168   2963317631.93943024
3169   2969213904.09146023
3170   2975120783.84458017
3171   2981038288.04589987
3172   2986965767.74464989
3173   2992903570.25521994
3174   2998851710.99447012
3175   3004809870.99289989
3176   3010777394.39638996
3177   3016756304.60798979
3178   3022745613.90284014
3179   3028745337.79205990
3180   3034755491.80603981
3181   3040775754.08160019
3182   3046806814.51004982
3183   3052847674.92903996
3184   3058899364.69318008
3185   3064961222.08108997
3186   3071033941.09200001
3187   3077117198.46493006
3188   3083210668.93326998
3189   3089314366.67638016
3190   3095428305.88927984
3191   3101553528.20900011
3192   3107689023.49405003
3193   3113835492.98340988
3194   3119992265.99354982
3195   3126159701.32579994
3196   3132337469.78536987
3197   3138525931.23226976
3198   3144725447.59662008
3199   3150934996.59989977
3200   3157155979.41178989
3201   3163387372.25046015
3202   3169629189.52111006
3203   3175882142.91396999
3204   3182145551.66654015
3205   3188419430.23552990
3206   3194704493.47111988
3207   3201000408.26985979
3208   3207307190.70009995
3209   3213625208.59886980
3210   3219953070.55754995
3211   3226292551.96889019
3212   3232642258.85361004
3213   3239003265.75374985
3214   3245374881.70103979
3215   3251757121.32743979
3216   3258151065.51581001
3217   3264556021.78802013
3218   3270971649.94566011
3219   3277397607.70167017
3220   3283835338.26871014
3221   3290283786.99510002
3222   3296743685.79041004
3223   3303214334.39324999
3224   3309696107.23311996
3225   3316188660.54432011
3226   3322692730.55327988
3227   3329207612.83364010
3228   3335733322.24892998
3229   3342270598.27666998
3230   3348819096.18599987
3231   3355378832.49838018
3232   3361949823.75553989
3233   3368531722.07907009
3234   3375124177.46266985
3235   3381729396.37195015
3236   3388344839.50944996
3237   3394971985.03963995
3238   3401610116.97680998
3239   3408259985.72739983
3240   3414920873.18770981
3241   3421592794.45570993
3242   3428276133.94361019
3243   3434970908.41143990
3244   3441677505.02430010
3245   3448395200.35850000
3246   3455124381.07646990
3247   3461865064.02040005
3248   3468616893.48687983
3249   3475380257.83127022
3250   3482155547.61649990
3251   3488942407.20104980
3252   3495740478.77170992
3253   3502550152.95341015
3254   3509371070.87208986
3255   3516203247.87973022
3256   3523047453.26833010
3257   3529903328.22399998
3258   3536770889.81237984
3259   3543650155.11990023
3260   3550541141.25382996
3261   3557443865.34225988
3262   3564357583.96060991
3263   3571283453.46932983
3264   3578221492.72683001
3265   3585170574.74095011
3266   3592131478.42685986
3267   3599104604.11052990
3268   3606088819.83297014
3269   3613085292.11506987
3270   3620093655.19280005
3271   3627113926.39970016
3272   3634145737.20699978
3273   3641189489.74680996
3274   3648245201.41382980
3275   3655313277.19956017
3276   3662392571.81383991
3277   3669483876.73447990
3278   3676587209.43868017
3279   3683703367.10867023
3280   3690830418.62286997
3281   3697970331.30131006
3282   3705121168.37796021
3283   3712284510.78177023
3284   3719459592.44597006
3285   3726648002.32729006
3286   3733847400.21421003
3287   3741058981.84205008
3288   3748283949.84124994
3289   3755519953.75383997
3290   3762768194.53148985
3291   3770028293.21715021
3292   3777301060.42035007
3293   3784586117.80294991
3294   3791883483.17959023
3295   3799192775.36829996
3296   3806514010.48835993
3297   3813848805.38770008
3298   3821195179.39738989
3299   3828552745.61209011
3300   3835923928.26884985
3301   3843307140.54945993
3302   3850702801.77742004
3303   3858111737.30526018
3304   3865531543.11662006
3305   3872964659.30273008
3306   3880410296.58597994
3307   3887867661.02084017
3308   3895337987.01299000
3309   3902820887.26428986
3310   3910315972.14504004
3311   3917824074.81169987
3312   3925344806.26772022
3313   3932876956.06162024
3314   3940422587.85386992
3315   3947981312.71795988
3316   3955552328.04655981
3317   3963135650.36485004
3318   3970732121.26777983
3319   3978340934.64731979
3320   3985961693.36744022
3321   3993596069.50007010
3322   4001243255.21566010
3323   4008902853.43792009
3324   4016575713.05144978
3325   4024260604.19799995
3326   4031959211.02857018
3327   4039670301.92854023
3328   4047393475.12035990
3329   4055129583.79393005
3330   4062879485.98363018
3331   4070641942.93696022
3332   4078416971.47203016
3333   4086206274.58726978
3334   4094007343.53388023
3335   4101821037.05724001
3336   4109648218.77799988
3337   4117488485.29026985
3338   4125341430.77603006
3339   4133207497.38254023
3340   4141086703.91639996
3341   4148979495.62214994
3342   4156884612.10476017
3343   4164803779.12644005
3344   4172734877.98766994
3345   4180679637.55837011
3346   4188638508.10903978
3347   4196609361.78668022
3348   4204594365.62531996
3349   4212591385.64903021
3350   4220602163.14762020
3351   4228627151.60297012
3352   4236664207.83037996
3353   4244715080.60877991
3354   4252779356.48123980
3355   4260856619.52870989
3356   4268946887.04618979
3357   4277051048.96164989
3358   4285168689.42225981
3359   4293299827.65848017
3360   4301445359.29026031
3361   4309603113.30408955
3362   4317774421.66858006
3363   4325959743.76961994
3364   4334157338.05667973
3365   4342369424.85414028
3366   4350594701.46308041
3367   4358833627.98816013
3368   4367086223.86198044
3369   4375352508.54014969
3370   4383633390.47239971
3371   4391925777.12763977
3372   4400233244.54852009
3373   4408554478.82660007
3374   4416888605.47803974
3375   4425237430.93276978
3376   4433599633.72350025
3377   4441975231.57431984
3378   4450364242.22801018
3379   4458768034.11297989
3380   4467184827.32637978
3381   4475616443.77019978
3382   4484061550.60669994
3383   4492519712.89192009
3384   4500993213.74046993
3385   4509478900.20779991
3386   4517979512.75502968
3387   4526494164.37744999
3388   4535022874.96613979
3389   4543565664.43570042
3390   4552122095.40606022
3391   4560692643.85762978
3392   4569277329.77330017
3393   4577875713.88992977
3394   4586488274.20314980
3395   4595114570.18990993
3396   4603755542.42049980
3397   4612410751.07196999
3398   4621080678.80420971
3399   4629764421.34422970
3400   4638461069.19394016
3401   4647173423.67508984
3402   4655899650.25899029
3403   4664640233.03460026
3404   4673394725.77985001
3405   4682164081.09000969
3406   4690947853.45057964
3407   4699744657.78925991
3408   4708557792.42024994
3409   4717383997.11460972
3410   4726224227.22014999
3411   4735079914.54244995
3412   4743949668.15054989
3413   4752833978.97782993
3414   4761731921.26945019
3415   4770645406.71434021
3416   4779573036.47727013
3417   4788516254.51951027
3418   4797473182.23836994
3419   4806444312.70069027
3420   4815430618.82662964
3421   4824431167.65314007
3422   4833446456.34241962
3423   4842476505.60441017
3424   4851520376.48005962
3425   4860580007.76163006
3426   4869654461.88992023
3427   4878744241.55043030
3428   4887847439.38241005
3429   4896966003.07472992
3430   4906099471.62691021
3431   4915247381.34274960
3432   4924410721.66394997
3433   4933588543.66104031
3434   4942780866.25872993
3435   4951989170.39603043
3436   4961211529.13720989
3437   4970448936.82087040
3438   4979701903.90579033
3439   4988968983.31626987
3440   4998251664.33985043
3441   5007549478.72964001
3442   5016862447.65316963
3443   5026189606.62994003
3444   5035532453.31072044
3445   5044891011.00996971
3446   5054264313.24372005
3447   5063652874.82884026
3448   5073056220.77560043
3449   5082475364.33310986
3450   5091907840.47332001
3451   5101358147.75370979
3452   5110822325.31968021
3453   5120301887.69147015
3454   5129796355.83646965
3455   5139307753.90046024
3456   5148833600.23867035
3457   5158374917.36503029
3458   5167930720.24046993
3459   5177502538.23122025
3460   5187089890.34757042
3461   5196692798.22012997
3462   5206311789.62425041
3463   5215945367.88195992
3464   5225595580.59331036
3465   5235259404.27612972
3466   5244939905.89527035
3467   5254636601.82425976
3468   5264348495.24971008
3469   5274075094.77830982
3470   5283818465.19274998
3471   5293577095.10531998
3472   5303349977.81618977
3473   5313140726.43612003
3474   5322947312.85883999
3475   5332768728.30613995
3476   5342606538.77085972
3477   5352459217.98606014
3478   5362328336.29963017
3479   5372212363.17640972
3480   5382113392.30883026
3481   5392029371.34895039
3482   5401962399.81268978
3483   5411911461.92228985
3484   5421876058.01035976
3485   5431855162.93237972
3486   5441851409.03598022
3487   5451863774.85171986
3488   5461892282.68383980
3489   5471936954.86231995
3490   5481997287.50162029
3491   5492073827.76282978
3492   5502167125.75450039
3493   5512276677.66856003
3494   5522400918.45466995
3495   5532543043.41357994
3496   5542699897.82954979
3497   5552874154.49112988
3498   5563064244.03845024
3499   5573270186.84449005
3500   5583493070.47947025
