   1            0.78474000
   2            2.02411000
   3            3.60061000
   4            5.45473000
   5            7.54993000
   6            9.86113000
   7           12.36979000
   8           15.06144000
   9           17.92442000
  10           20.94903000
  11           24.12709000
  12           27.45152000
  13           30.91615000
  14           34.51556000
  15           38.24488000
  16           42.09974000
  17           46.07621000
  18           50.17068000
  19           54.37988000
  20           58.70075000
  21           63.13050000
  22           67.66653000
  23           72.30643000
  24           77.04791000
  25           81.88889000
  26           86.82734000
  27           91.86142000
  28           96.98934000
  29          102.20942000
  30          107.52009000
  31          112.91982000
  32          118.40721000
  33          123.98086000
  34          129.63948000
  35          135.38182000
  36          141.20668000
  37          147.11295000
  38          153.09952000
  39          159.16528000
  40          165.30931000
  41          171.53056000
  42          177.82817000
  43          184.20119000
  44          190.64871000
  45          197.16995000
  46          203.76407000
  47          210.43030000
  48          217.16786000
  49          223.97603000
  50          230.85405000
  51          237.80127000
  52          244.81700000
  53          251.90063000
  54          259.05145000
  55          266.26889000
  56          273.55234000
  57          280.90121000
  58          288.31494000
  59          295.79300000
  60          303.33478000
  61          310.93982000
  62          318.60751000
  63          326.33755000
  64          334.12927000
  65          341.98221000
  66          349.89600000
  67          357.87006000
  68          365.90402000
  69          373.99744000
  70          382.14996000
  71          390.36099000
  72          398.63028000
  73          406.95740000
  74          415.34186000
  75          423.78345000
  76          432.28162000
  77          440.83609000
  78          449.44647000
  79          458.11249000
  80          466.83371000
  81          475.60977000
  82          484.44046000
  83          493.33028000
  84          502.26918000
  85          511.26161000
  86          520.30739000
  87          529.40605000
  88          538.55739000
  89          547.76116000
  90          557.01711000
  91          566.33042000
  92          575.68967000
  93          585.10020000
  94          594.56176000
  95          604.07397000
  96          613.64280000
  97          623.25576000
  98          632.91871000
  99          642.63770000
 100          652.39987000
 101          662.21780000
 102          672.07822000
 103          681.99411000
 104          691.95186000
 105          701.96490000
 106          712.01902000
 107          722.12820000
 108          732.28514000
 109          742.48971000
 110          752.74160000
 111          763.04071000
 112          773.38691000
 113          783.77975000
 114          794.21910000
 115          804.70490000
 116          815.23671000
 117          825.81464000
 118          836.44680000
 119          847.11621000
 120          857.83953000
 121          868.60840000
 122          879.41365000
 123          890.27271000
 124          901.17676000
 125          912.12553000
 126          923.11886000
 127          934.16594000
 128          945.24796000
 129          956.38369000
 130          967.55377000
 131          978.77756000
 132          990.04512000
 133         1001.35625000
 134         1012.71097000
 135         1024.10900000
 136         1035.56056000
 137         1047.04496000
 138         1058.58290000
 139         1070.16390000
 140         1081.78760000
 141         1093.45413000
 142         1105.17417000
 143         1116.92576000
 144         1128.73098000
 145         1140.57868000
 146         1152.46837000
 147         1164.40043000
 148         1176.37448000
 149         1188.40218000
 150         1200.47202000
 151         1212.58363000
 152         1224.73714000
 153         1236.93207000
 154         1249.18116000
 155         1261.47167000
 156         1273.80376000
 157         1286.17730000
 158         1298.59206000
 159         1311.06136000
 160         1323.57179000
 161         1336.12334000
 162         1348.72949000
 163         1361.36319000
 164         1374.05151000
 165         1386.78100000
 166         1399.56526000
 167         1412.37651000
 168         1425.24269000
 169         1438.16406000
 170         1451.11208000
 171         1464.11520000
 172         1477.15946000
 173         1490.24428000
 174         1503.36965000
 175         1516.55083000
 176         1529.77260000
 177         1543.05048000
 178         1556.35374000
 179         1569.71303000
 180         1583.12875000
 181         1596.56928000
 182         1610.06642000
 183         1623.60403000
 184         1637.19857000
 185         1650.83402000
 186         1664.51002000
 187         1678.22648000
 188         1692.00035000
 189         1705.81497000
 190         1719.68734000
 191         1733.58316000
 192         1747.53704000
 193         1761.54902000
 194         1775.60177000
 195         1789.69532000
 196         1803.83017000
 197         1818.02341000
 198         1832.25728000
 199         1846.55026000
 200         1860.88468000
 201         1875.25970000
 202         1889.67584000
 203         1904.15150000
 204         1918.68739000
 205         1933.24536000
 206         1947.88282000
 207         1962.54239000
 208         1977.26250000
 209         1992.02425000
 210         2006.84689000
 211         2021.69098000
 212         2036.61671000
 213         2051.58401000
 214         2066.59287000
 215         2081.64320000
 216         2096.75604000
 217         2111.91044000
 218         2127.12747000
 219         2142.38690000
 220         2157.68778000
 221         2173.05209000
 222         2188.48031000
 223         2203.92937000
 224         2219.44194000
 225         2235.01898000
 226         2250.63827000
 227         2266.30010000
 228         2282.02721000
 229         2297.79647000
 230         2313.63143000
 231         2329.50938000
 232         2345.43012000
 233         2361.41690000
 234         2377.44683000
 235         2393.54348000
 236         2409.68338000
 237         2425.86658000
 238         2442.11709000
 239         2458.43517000
 240         2474.79700000
 241         2491.20287000
 242         2507.65205000
 243         2524.19461000
 244         2540.75676000
 245         2557.38771000
 246         2574.08847000
 247         2590.80776000
 248         2607.62302000
 249         2624.45691000
 250         2641.38725000
 251         2658.33654000
 252         2675.35666000
 253         2692.44785000
 254         2709.58443000
 255         2726.76640000
 256         2744.02037000
 257         2761.34682000
 258         2778.69184000
 259         2796.13701000
 260         2813.60108000
 261         2831.13825000
 262         2848.74929000
 263         2866.40733000
 264         2884.13922000
 265         2901.88932000
 266         2919.74303000
 267         2937.64381000
 268         2955.59094000
 269         2973.61408000
 270         2991.68448000
 271         3009.83188000
 272         3028.02621000
 273         3046.29776000
 274         3064.61692000
 275         3082.98447000
 276         3101.42945000
 277         3119.95365000
 278         3138.52552000
 279         3157.14639000
 280         3175.84567000
 281         3194.59412000
 282         3213.42250000
 283         3232.29997000
 284         3251.25761000
 285         3270.26528000
 286         3289.35339000
 287         3308.49196000
 288         3327.71198000
 289         3346.98163000
 290         3366.30273000
 291         3385.70552000
 292         3405.19157000
 293         3424.72811000
 294         3444.31597000
 295         3463.98785000
 296         3483.71020000
 297         3503.51760000
 298         3523.41034000
 299         3543.32111000
 300         3563.35115000
 301         3583.39933000
 302         3603.53383000
 303         3623.75473000
 304         3644.02920000
 305         3664.39034000
 306         3684.80449000
 307         3705.27169000
 308         3725.82685000
 309         3746.47158000
 310         3767.16947000
 311         3787.92132000
 312         3808.76250000
 313         3829.65812000
 314         3850.64415000
 315         3871.72114000
 316         3892.81644000
 317         3914.04012000
 318         3935.28145000
 319         3956.65233000
 320         3978.04177000
 321         3999.52351000
 322         4021.09895000
 323         4042.73041000
 324         4064.45613000
 325         4086.23758000
 326         4108.07587000
 327         4130.01000000
 328         4152.00015000
 329         4174.08595000
 330         4196.26853000
 331         4218.50933000
 332         4240.80686000
 333         4263.20199000
 334         4285.65537000
 335         4308.20695000
 336         4330.81623000
 337         4353.48432000
 338         4376.29238000
 339         4399.11926000
 340         4422.04524000
 341         4445.07172000
 342         4468.15792000
 343         4491.30443000
 344         4514.55255000
 345         4537.90238000
 346         4561.27026000
 347         4584.78268000
 348         4608.35685000
 349         4631.99178000
 350         4655.73042000
 351         4679.53035000
 352         4703.43484000
 353         4727.40165000
 354         4751.43032000
 355         4775.56419000
 356         4799.80440000
 357         4824.10743000
 358         4848.47388000
 359         4872.94676000
 360         4897.52778000
 361         4922.17265000
 362         4946.88090000
 363         4971.69791000
 364         4996.57939000
 365         5021.57050000
 366         5046.62606000
 367         5071.74612000
 368         5097.02326000
 369         5122.31992000
 370         5147.72777000
 371         5173.24747000
 372         5198.83373000
 373         5224.48554000
 374         5250.25092000
 375         5276.08293000
 376         5302.02833000
 377         5328.04145000
 378         5354.16943000
 379         5380.36459000
 380         5406.67551000
 381         5433.05414000
 382         5459.50112000
 383         5486.06452000
 384         5512.74556000
 385         5539.49594000
 386         5566.31465000
 387         5593.25221000
 388         5620.25920000
 389         5647.38542000
 390         5674.58162000
 391         5701.89909000
 392         5729.28600000
 393         5756.74352000
 394         5784.32188000
 395         5812.02285000
 396         5839.79493000
 397         5867.63873000
 398         5895.60526000
 399         5923.64354000
 400         5951.80661000
 401         5980.04143000
 402         6008.34863000
 403         6036.83433000
 404         6065.34016000
 405         6093.97187000
 406         6122.67711000
 407         6151.50974000
 408         6180.46993000
 409         6209.44990000
 410         6238.61296000
 411         6267.79654000
 412         6297.10863000
 413         6326.55106000
 414         6356.06873000
 415         6385.66115000
 416         6415.38517000
 417         6445.24148000
 418         6475.11817000
 419         6505.18282000
 420         6535.26801000
 421         6565.48592000
 422         6595.83783000
 423         6626.26738000
 424         6656.77411000
 425         6687.41609000
 426         6718.19350000
 427         6749.05028000
 428         6779.98426000
 429         6810.99724000
 430         6842.20683000
 431         6873.43602000
 432         6904.80435000
 433         6936.25173000
 434         6967.83865000
 435         6999.56416000
 436         7031.31181000
 437         7063.25967000
 438         7095.22756000
 439         7127.33735000
 440         7159.58917000
 441         7191.92299000
 442         7224.33717000
 443         7256.89583000
 444         7289.53664000
 445         7322.32237000
 446         7355.19027000
 447         7388.20355000
 448         7421.29956000
 449         7454.47959000
 450         7487.80692000
 451         7521.21712000
 452         7554.77449000
 453         7588.41649000
 454         7622.20670000
 455         7656.08334000
 456         7690.04415000
 457         7724.15452000
 458         7758.41575000
 459         7792.69835000
 460         7827.19658000
 461         7861.71637000
 462         7896.38870000
 463         7931.21252000
 464         7966.12476000
 465         8001.12433000
 466         8036.27675000
 467         8071.51830000
 468         8106.91496000
 469         8142.40018000
 470         8177.97289000
 471         8213.70266000
 472         8249.59023000
 473         8285.49892000
 474         8321.63319000
 475         8357.78937000
 476         8394.10384000
 477         8430.57797000
 478         8467.14270000
 479         8503.79812000
 480         8540.61459000
 481         8577.52238000
 482         8614.59167000
 483         8651.75354000
 484         8689.07860000
 485         8726.42554000
 486         8764.00543000
 487         8801.67857000
 488         8839.44689000
 489         8877.30744000
 490         8915.33338000
 491         8953.52606000
 492         8991.81216000
 493         9030.19424000
 494         9068.74263000
 495         9107.38704000
 496         9146.19886000
 497         9185.10735000
 498         9224.11136000
 499         9263.28668000
 500         9302.55755000
 501         9341.99835000
 502         9381.53662000
 503         9421.24713000
 504         9461.05452000
 505         9500.96076000
 506         9541.03943000
 507         9581.21700000
 508         9621.56747000
 509         9662.01875000
 510         9702.56841000
 511         9743.29433000
 512         9784.11929000
 513         9825.12099000
 514         9866.22303000
 515         9907.50292000
 516         9948.88319000
 517         9990.36521000
 518        10032.02588000
 519        10073.78835000
 520        10115.73124000
 521        10157.77595000
 522        10200.00285000
 523        10242.25303000
 524        10284.76360000
 525        10327.37795000
 526        10370.09751000
 527        10412.92044000
 528        10455.92595000
 529        10499.11608000
 530        10542.41277000
 531        10585.81290000
 532        10629.31853000
 533        10673.09210000
 534        10716.88993000
 535        10760.87664000
 536        10804.96763000
 537        10849.24929000
 538        10893.63590000
 539        10938.21433000
 540        10982.89839000
 541        11027.69079000
 542        11072.67455000
 543        11117.76736000
 544        11163.05138000
 545        11208.44381000
 546        11253.94738000
 547        11299.64366000
 548        11345.44785000
 549        11391.44853000
 550        11437.56046000
 551        11483.86607000
 552        11530.28361000
 553        11576.81451000
 554        11623.54061000
 555        11670.37947000
 556        11717.32985000
 557        11764.47695000
 558        11811.82424000
 559        11859.28568000
 560        11906.86003000
 561        11954.54876000
 562        12002.43690000
 563        12050.52793000
 564        12098.73330000
 565        12147.05311000
 566        12195.57737000
 567        12244.21543000
 568        12292.97010000
 569        12341.92941000
 570        12391.09416000
 571        12440.28577000
 572        12489.68490000
 573        12539.28967000
 574        12589.01185000
 575        12638.85154000
 576        12688.90115000
 577        12739.06898000
 578        12789.44518000
 579        12839.94033000
 580        12890.55593000
 581        12941.38282000
 582        12992.32812000
 583        13043.48591000
 584        13094.76559000
 585        13146.16315000
 586        13197.77475000
 587        13249.50909000
 588        13301.45729000
 589        13353.52758000
 590        13405.81573000
 591        13458.22390000
 592        13510.75638000
 593        13563.50411000
 594        13616.37829000
 595        13669.37346000
 596        13722.58964000
 597        13776.02349000
 598        13829.48766000
 599        13883.17162000
 600        13937.07765000
 601        13991.10964000
 602        14045.26492000
 603        14099.64525000
 604        14154.15100000
 605        14208.88163000
 606        14263.73984000
 607        14318.72433000
 608        14373.93388000
 609        14429.27185000
 610        14484.83755000
 611        14540.52957000
 612        14596.35089000
 613        14652.40155000
 614        14708.58081000
 615        14764.98919000
 616        14821.52693000
 617        14878.29791000
 618        14935.09644000
 619        14992.22887000
 620        15049.39055000
 621        15106.78458000
 622        15164.41181000
 623        15222.17223000
 624        15280.06596000
 625        15338.19305000
 626        15396.45423000
 627        15454.84811000
 628        15513.47848000
 629        15572.34618000
 630        15631.24388000
 631        15690.37968000
 632        15749.75590000
 633        15809.26714000
 634        15868.91496000
 635        15928.80045000
 636        15988.82330000
 637        16049.08801000
 638        16109.48938000
 639        16170.02750000
 640        16230.81063000
 641        16291.72981000
 642        16352.89377000
 643        16414.08867000
 644        16475.63673000
 645        16537.32384000
 646        16599.15166000
 647        16661.11581000
 648        16723.32955000
 649        16785.79077000
 650        16848.39272000
 651        16911.13704000
 652        16974.13049000
 653        17037.26560000
 654        17100.54096000
 655        17164.07165000
 656        17227.74187000
 657        17291.66569000
 658        17355.73435000
 659        17419.94343000
 660        17484.40777000
 661        17549.01941000
 662        17613.88302000
 663        17678.89164000
 664        17744.15965000
 665        17809.45897000
 666        17875.13014000
 667        17940.83289000
 668        18006.79556000
 669        18073.01754000
 670        18139.38546000
 671        18205.90413000
 672        18272.68067000
 673        18339.60876000
 674        18406.68072000
 675        18474.02006000
 676        18541.61985000
 677        18609.25673000
 678        18677.27117000
 679        18745.32295000
 680        18813.64043000
 681        18882.10428000
 682        18950.83982000
 683        19019.72410000
 684        19088.87825000
 685        19158.18508000
 686        19227.64153000
 687        19297.37119000
 688        19367.25286000
 689        19437.40588000
 690        19507.71329000
 691        19578.17047000
 692        19648.90389000
 693        19719.79267000
 694        19790.95263000
 695        19862.27033000
 696        19933.74434000
 697        20005.49285000
 698        20077.39685000
 699        20149.57989000
 700        20221.91923000
 701        20294.41500000
 702        20367.18832000
 703        20440.12213000
 704        20513.33645000
 705        20586.70883000
 706        20660.36305000
 707        20734.04891000
 708        20808.14654000
 709        20882.27774000
 710        20956.81931000
 711        21031.39472000
 712        21106.25713000
 713        21181.27699000
 714        21256.58519000
 715        21332.05828000
 716        21407.81776000
 717        21483.73798000
 718        21559.82238000
 719        21636.19493000
 720        21712.73251000
 721        21789.43190000
 722        21866.42454000
 723        21943.70802000
 724        22021.02803000
 725        22098.77012000
 726        22176.54902000
 727        22254.62263000
 728        22332.99020000
 729        22411.39642000
 730        22490.22754000
 731        22569.09592000
 732        22648.26212000
 733        22727.72714000
 734        22807.22789000
 735        22887.16140000
 736        22967.13093000
 737        23047.40147000
 738        23127.97397000
 739        23208.71344000
 740        23289.62859000
 741        23370.84065000
 742        23452.22925000
 743        23533.78250000
 744        23615.64990000
 745        23697.68106000
 746        23780.02262000
 747        23862.53391000
 748        23945.35529000
 749        24028.34722000
 750        24111.51855000
 751        24194.99307000
 752        24278.64611000
 753        24362.60547000
 754        24446.74416000
 755        24531.06066000
 756        24615.68351000
 757        24700.48496000
 758        24785.59767000
 759        24870.89160000
 760        24956.35989000
 761        25042.14650000
 762        25128.10478000
 763        25214.38635000
 764        25300.84392000
 765        25387.48125000
 766        25474.43479000
 767        25561.71448000
 768        25649.02606000
 769        25736.80362000
 770        25824.61869000
 771        25912.75860000
 772        26001.07558000
 773        26089.72241000
 774        26178.54356000
 775        26267.69598000
 776        26357.02716000
 777        26446.54446000
 778        26536.38406000
 779        26626.41427000
 780        26716.76458000
 781        26807.30457000
 782        26898.03256000
 783        26989.08065000
 784        27080.46986000
 785        27171.89066000
 786        27263.65165000
 787        27355.73734000
 788        27448.01368000
 789        27540.47713000
 790        27633.27631000
 791        27726.26164000
 792        27819.58414000
 793        27912.94801000
 794        28006.79583000
 795        28100.83337000
 796        28195.06080000
 797        28289.62686000
 798        28384.38550000
 799        28479.33319000
 800        28574.62326000
 801        28670.10509000
 802        28765.92887000
 803        28861.94342000
 804        28958.15266000
 805        29054.70383000
 806        29151.60171000
 807        29248.69400000
 808        29345.98462000
 809        29443.46619000
 810        29541.29302000
 811        29639.46992000
 812        29737.68837000
 813        29836.41091000
 814        29935.17535000
 815        30034.29600000
 816        30133.75861000
 817        30233.42905000
 818        30333.28639000
 819        30433.50867000
 820        30533.92256000
 821        30634.69324000
 822        30735.66217000
 823        30836.83724000
 824        30938.35945000
 825        31040.09061000
 826        31142.17618000
 827        31244.46191000
 828        31346.95186000
 829        31449.80393000
 830        31552.85141000
 831        31656.26832000
 832        31759.88344000
 833        31863.86559000
 834        31968.04489000
 835        32072.43714000
 836        32177.19446000
 837        32282.14602000
 838        32387.47591000
 839        32493.00482000
 840        32598.74480000
 841        32704.84531000
 842        32811.15976000
 843        32917.84019000
 844        33024.73350000
 845        33131.99027000
 846        33239.46283000
 847        33347.13937000
 848        33455.19529000
 849        33563.45408000
 850        33672.08973000
 851        33780.93315000
 852        33889.99655000
 853        33999.42672000
 854        34109.24080000
 855        34219.09309000
 856        34329.49987000
 857        34439.94515000
 858        34550.77679000
 859        34661.98367000
 860        34773.24547000
 861        34885.04642000
 862        34996.89854000
 863        35109.30413000
 864        35221.75716000
 865        35334.59339000
 866        35447.64534000
 867        35561.08614000
 868        35674.73942000
 869        35788.78720000
 870        35903.04014000
 871        36017.69319000
 872        36132.39026000
 873        36247.65075000
 874        36363.12646000
 875        36478.83004000
 876        36594.74919000
 877        36711.06418000
 878        36827.76775000
 879        36944.69687000
 880        37061.84338000
 881        37179.39301000
 882        37297.16092000
 883        37415.15569000
 884        37533.53876000
 885        37652.32801000
 886        37771.16290000
 887        37890.57550000
 888        38010.03828000
 889        38129.90129000
 890        38250.16984000
 891        38370.66052000
 892        38491.38200000
 893        38612.50248000
 894        38733.85474000
 895        38855.60753000
 896        38977.59729000
 897        39099.98484000
 898        39222.43655000
 899        39345.46105000
 900        39468.72442000
 901        39592.21396000
 902        39715.93846000
 903        39840.24424000
 904        39964.61097000
 905        40089.38531000
 906        40214.39647000
 907        40339.81676000
 908        40465.47924000
 909        40591.54363000
 910        40717.85553000
 911        40844.39327000
 912        40971.35241000
 913        41098.72530000
 914        41226.16476000
 915        41354.19331000
 916        41482.28000000
 917        41610.79174000
 918        41739.71636000
 919        41868.88377000
 920        41998.28526000
 921        42128.11941000
 922        42258.18418000
 923        42388.49749000
 924        42519.41367000
 925        42650.38927000
 926        42781.78777000
 927        42913.43680000
 928        43045.50132000
 929        43177.82182000
 930        43310.56387000
 931        43443.55391000
 932        43576.78310000
 933        43710.44939000
 934        43844.54481000
 935        43978.89018000
 936        44113.47660000
 937        44248.30881000
 938        44383.76747000
 939        44519.28292000
 940        44655.23160000
 941        44791.44168000
 942        44928.07284000
 943        45064.96181000
 944        45202.29176000
 945        45339.87135000
 946        45477.89351000
 947        45616.15705000
 948        45754.68060000
 949        45893.63955000
 950        46032.85951000
 951        46172.51642000
 952        46312.43070000
 953        46452.78350000
 954        46593.40398000
 955        46734.26436000
 956        46875.58400000
 957        47017.34526000
 958        47159.17515000
 959        47301.64440000
 960        47444.17322000
 961        47587.16036000
 962        47730.59747000
 963        47874.28771000
 964        48018.24063000
 965        48162.65038000
 966        48307.31911000
 967        48452.43680000
 968        48597.82391000
 969        48743.66156000
 970        48889.76493000
 971        49036.13420000
 972        49182.95130000
 973        49330.03529000
 974        49477.58305000
 975        49625.39393000
 976        49773.66057000
 977        49922.19612000
 978        50071.19867000
 979        50220.46633000
 980        50369.99926000
 981        50519.99649000
 982        50670.25516000
 983        50820.99428000
 984        50971.98610000
 985        51123.46001000
 986        51275.19732000
 987        51427.19824000
 988        51579.67365000
 989        51732.62959000
 990        51885.63950000
 991        52039.34272000
 992        52193.09533000
 993        52347.53860000
 994        52502.04635000
 995        52657.02911000
 996        52812.48799000
 997        52968.23518000
 998        53124.24120000
 999        53280.73537000
1000        53437.49925000
1001        53594.74300000
1002        53752.26744000
1003        53910.05273000
1004        54068.34002000
1005        54227.10047000
1006        54386.15366000
1007        54545.46465000
1008        54705.28104000
1009        54865.36124000
1010        55025.93340000
1011        55186.79053000
1012        55347.92270000
1013        55509.54395000
1014        55671.66049000
1015        55834.05897000
1016        55996.73962000
1017        56159.91263000
1018        56323.36878000
1019        56487.31386000
1020        56651.55334000
1021        56816.27825000
1022        56981.30375000
1023        57146.59413000
1024        57312.40289000
1025        57478.70548000
1026        57645.07732000
1027        57812.16751000
1028        57979.32732000
1029        58147.20777000
1030        58315.15819000
1031        58483.61715000
1032        58652.58057000
1033        58821.83455000
1034        58991.37405000
1035        59161.42540000
1036        59331.98456000
1037        59502.61472000
1038        59673.98086000
1039        59845.41318000
1040        60017.35599000
1041        60189.82627000
1042        60362.57030000
1043        60535.62525000
1044        60709.17820000
1045        60883.26731000
1046        61057.63747000
1047        61232.31012000
1048        61407.49464000
1049        61582.98799000
1050        61758.98421000
1051        61935.29572000
1052        62111.90128000
1053        62289.02262000
1054        62466.67692000
1055        62644.61642000
1056        62822.86819000
1057        63001.63367000
1058        63180.71788000
1059        63360.31745000
1060        63540.22065000
1061        63720.65708000
1062        63901.38735000
1063        64082.42792000
1064        64264.00400000
1065        64446.10038000
1066        64628.51448000
1067        64811.21916000
1068        64994.47372000
1069        65178.02533000
1070        65362.11761000
1071        65546.51347000
1072        65731.44617000
1073        65916.68902000
1074        66102.48147000
1075        66288.56305000
1076        66474.97264000
1077        66661.91749000
1078        66849.40430000
1079        67036.97463000
1080        67225.30701000
1081        67413.97051000
1082        67602.93747000
1083        67792.21365000
1084        67982.27331000
1085        68172.42333000
1086        68363.10471000
1087        68554.35229000
1088        68745.90646000
1089        68937.77861000
1090        69130.20239000
1091        69323.19028000
1092        69516.47550000
1093        69710.09219000
1094        69904.26393000
1095        70098.75124000
1096        70293.79535000
1097        70489.16743000
1098        70684.84494000
1099        70881.33494000
1100        71077.90113000
1101        71275.02807000
1102        71472.71700000
1103        71670.74298000
1104        71869.06594000
1105        72067.97617000
1106        72267.20749000
1107        72467.00482000
1108        72667.11850000
1109        72867.80567000
1110        73068.82185000
1111        73270.39592000
1112        73472.31165000
1113        73674.79866000
1114        73877.61097000
1115        74080.74300000
1116        74284.46022000
1117        74488.74630000
1118        74693.36574000
1119        74898.31287000
1120        75103.84877000
1121        75309.70164000
1122        75516.13917000
1123        75722.90654000
1124        75930.26626000
1125        76137.95098000
1126        76346.21799000
1127        76554.81697000
1128        76763.76005000
1129        76973.53396000
1130        77183.38929000
1131        77393.83094000
1132        77604.87213000
1133        77816.24858000
1134        78027.94848000
1135        78240.25624000
1136        78452.88853000
1137        78666.13054000
1138        78879.69810000
1139        79093.85910000
1140        79308.36480000
1141        79523.47178000
1142        79738.91250000
1143        79954.95016000
1144        80171.33481000
1145        80388.32427000
1146        80605.64963000
1147        80823.32938000
1148        81041.59187000
1149        81260.47500000
1150        81479.69621000
1151        81699.26792000
1152        81919.44427000
1153        82140.22033000
1154        82361.08819000
1155        82582.83024000
1156        82804.91361000
1157        83027.35703000
1158        83250.39188000
1159        83473.79406000
1160        83697.80809000
1161        83922.16575000
1162        84146.88599000
1163        84372.47173000
1164        84598.15140000
1165        84824.44075000
1166        85051.36606000
1167        85278.63204000
1168        85506.25772000
1169        85734.50291000
1170        85963.36256000
1171        86192.58398000
1172        86422.16732000
1173        86652.36746000
1174        86883.20466000
1175        87114.11888000
1176        87345.92687000
1177        87578.10001000
1178        87810.63846000
1179        88043.79914000
1180        88277.32626000
1181        88511.47739000
1182        88746.00250000
1183        88981.13417000
1184        89216.65383000
1185        89452.80107000
1186        89689.31820000
1187        89926.19899000
1188        90163.70971000
1189        90401.87103000
1190        90640.38508000
1191        90879.53860000
1192        91119.05891000
1193        91358.95927000
1194        91599.48844000
1195        91840.67379000
1196        92082.22166000
1197        92324.14538000
1198        92566.70807000
1199        92809.92406000
1200        93053.49825000
1201        93297.45715000
1202        93542.05863000
1203        93787.04593000
1204        94032.67109000
1205        94278.68326000
1206        94525.33507000
1207        94772.37501000
1208        95020.06306000
1209        95268.41372000
1210        95516.84120000
1211        95766.22628000
1212        96015.69525000
1213        96266.12448000
1214        96516.64470000
1215        96767.81898000
1216        97019.66204000
1217        97271.87904000
1218        97524.76666000
1219        97778.02936000
1220        98031.96453000
1221        98286.27590000
1222        98541.26838000
1223        98796.63144000
1224        99052.37876000
1225        99308.79609000
1226        99565.89157000
1227        99823.36662000
1228       100081.24188000
1229       100340.06422000
1230       100598.99451000
1231       100858.59362000
1232       101118.88330000
1233       101379.54914000
1234       101640.61184000
1235       101902.34706000
1236       102164.77667000
1237       102427.57777000
1238       102690.79187000
1239       102954.67530000
1240       103218.95912000
1241       103483.92794000
1242       103749.57608000
1243       104015.63373000
1244       104282.06633000
1245       104549.20155000
1246       104817.01988000
1247       105084.94965000
1248       105353.84341000
1249       105623.15725000
1250       105892.85633000
1251       106163.26384000
1252       106434.06480000
1253       106705.56199000
1254       106977.75679000
1255       107250.35411000
1256       107523.34719000
1257       107797.05446000
1258       108071.15149000
1259       108345.95758000
1260       108621.16166000
1261       108897.07671000
1262       109173.68975000
1263       109450.71715000
1264       109728.13775000
1265       110006.28029000
1266       110284.82433000
1267       110564.07785000
1268       110843.74840000
1269       111124.11598000
1270       111404.90174000
1271       111686.39362000
1272       111968.60734000
1273       112251.24142000
1274       112534.28170000
1275       112818.02458000
1276       113102.19650000
1277       113387.07293000
1278       113672.37235000
1279       113958.38543000
1280       114244.83004000
1281       114531.97554000
1282       114819.85982000
1283       115108.15588000
1284       115396.87121000
1285       115686.30584000
1286       115976.17568000
1287       116266.75941000
1288       116557.77216000
1289       116849.50065000
1290       117141.97575000
1291       117434.86727000
1292       117728.18286000
1293       118022.22537000
1294       118316.70053000
1295       118611.91948000
1296       118907.85365000
1297       119203.91863000
1298       119501.01936000
1299       119798.57118000
1300       120096.52935000
1301       120395.23710000
1302       120694.68074000
1303       120994.55540000
1304       121294.85375000
1305       121595.91311000
1306       121897.69707000
1307       122199.93715000
1308       122502.58818000
1309       122806.00414000
1310       123110.14848000
1311       123414.75147000
1312       123719.76766000
1313       124025.55281000
1314       124332.09297000
1315       124639.07144000
1316       124946.46536000
1317       125254.63222000
1318       125563.55039000
1319       125872.90914000
1320       126183.02112000
1321       126493.58267000
1322       126804.58631000
1323       127116.65907000
1324       127428.86986000
1325       127741.84610000
1326       128055.58136000
1327       128369.74660000
1328       128684.68827000
1329       129000.06892000
1330       129316.22804000
1331       129632.82726000
1332       129950.19917000
1333       130268.01237000
1334       130586.60801000
1335       130905.66191000
1336       131225.47669000
1337       131546.06151000
1338       131866.78012000
1339       132188.58917000
1340       132510.86782000
1341       132833.58473000
1342       133157.09203000
1343       133481.03873000
1344       133805.80166000
1345       134131.31867000
1346       134457.29315000
1347       134783.72536000
1348       135110.94599000
1349       135438.95641000
1350       135767.41077000
1351       136096.34139000
1352       136426.06437000
1353       136756.56501000
1354       137087.52814000
1355       137419.28697000
1356       137751.49335000
1357       138084.51351000
1358       138417.98247000
1359       138752.28353000
1360       139087.00211000
1361       139422.21954000
1362       139758.54245000
1363       140095.34999000
1364       140432.60989000
1365       140770.69175000
1366       141109.24354000
1367       141448.58668000
1368       141788.38450000
1369       142129.00841000
1370       142470.42691000
1371       142812.33525000
1372       143154.70071000
1373       143497.89638000
1374       143841.89062000
1375       144186.36071000
1376       144531.30691000
1377       144877.03768000
1378       145223.62064000
1379       145570.68201000
1380       145918.54787000
1381       146266.87670000
1382       146616.04526000
1383       146965.67802000
1384       147316.13585000
1385       147667.09255000
1386       148018.85965000
1387       148371.09340000
1388       148724.17302000
1389       149078.04952000
1390       149432.44539000
1391       149787.31029000
1392       150143.00835000
1393       150499.52412000
1394       150856.54499000
1395       151214.03731000
1396       151572.38388000
1397       151931.53510000
1398       152291.19397000
1399       152651.67651000
1400       153012.66808000
1401       153374.48527000
1402       153736.79573000
1403       154099.95085000
1404       154463.58339000
1405       154828.06264000
1406       155193.39006000
1407       155559.23149000
1408       155925.53553000
1409       156292.70763000
1410       156660.71474000
1411       157029.22113000
1412       157398.22714000
1413       157768.08809000
1414       158138.78796000
1415       158509.98977000
1416       158882.06731000
1417       159254.63064000
1418       159628.03692000
1419       160001.96508000
1420       160376.72078000
1421       160752.01720000
1422       161128.16062000
1423       161505.15237000
1424       161882.65221000
1425       162260.66027000
1426       162639.55464000
1427       163019.30142000
1428       163399.52346000
1429       163780.65295000
1430       164162.29437000
1431       164544.77446000
1432       164927.78553000
1433       165311.65504000
1434       165696.03900000
1435       166081.30121000
1436       166467.44315000
1437       166854.08403000
1438       167241.24194000
1439       167629.30024000
1440       168018.22442000
1441       168407.63208000
1442       168797.59531000
1443       169188.79374000
1444       169580.14691000
1445       169972.73806000
1446       170365.50251000
1447       170759.48963000
1448       171154.03729000
1449       171549.07330000
1450       171945.00352000
1451       172341.82934000
1452       172739.20032000
1453       173137.06203000
1454       173536.19303000
1455       173935.48201000
1456       174335.68971000
1457       174736.78107000
1458       175138.73898000
1459       175540.89264000
1460       175944.30588000
1461       176348.25231000
1462       176752.69524000
1463       177158.08330000
1464       177564.36250000
1465       177971.17751000
1466       178378.86712000
1467       178787.14956000
1468       179196.29010000
1469       179605.96899000
1470       180016.56382000
1471       180427.71701000
1472       180839.75090000
1473       181252.72289000
1474       181666.19955000
1475       182080.25610000
1476       182495.21611000
1477       182911.08094000
1478       183327.49054000
1479       183744.82591000
1480       184162.72626000
1481       184581.49780000
1482       185001.23645000
1483       185421.50468000
1484       185842.30269000
1485       186264.03275000
1486       186686.69636000
1487       187109.93013000
1488       187534.04244000
1489       187958.74528000
1490       188384.34775000
1491       188810.54221000
1492       189237.61916000
1493       189665.28955000
1494       190093.86357000
1495       190523.40026000
1496       190953.47523000
1497       191384.49583000
1498       191816.03666000
1499       192248.58310000
1500       192681.65109000
1501       193115.64957000
1502       193550.20957000
1503       193985.76033000
1504       194422.20636000
1505       194859.21621000
1506       195297.16218000
1507       195735.73188000
1508       196175.20075000
1509       196615.23622000
1510       197056.27073000
1511       197497.81440000
1512       197940.30046000
1513       198383.78915000
1514       198827.84833000
1515       199272.43877000
1516       199718.39081000
1517       200164.50010000
1518       200612.01352000
1519       201060.04175000
1520       201508.68395000
1521       201958.25852000
1522       202408.82651000
1523       202859.97134000
1524       203311.65347000
1525       203764.69098000
1526       204217.98817000
1527       204672.58378000
1528       205127.73995000
1529       205583.51706000
1530       206040.27633000
1531       206497.95906000
1532       206956.26520000
1533       207415.11474000
1534       207875.39363000
1535       208335.81499000
1536       208797.62832000
1537       209260.02881000
1538       209723.01677000
1539       210186.95645000
1540       210651.88981000
1541       211117.45371000
1542       211583.97288000
1543       212051.04254000
1544       212519.15102000
1545       212988.25915000
1546       213457.92007000
1547       213928.19542000
1548       214399.43220000
1549       214871.71399000
1550       215344.55117000
1551       215818.37382000
1552       216292.79425000
1553       216768.28486000
1554       217244.70273000
1555       217721.72085000
1556       218199.77158000
1557       218678.40330000
1558       219158.02843000
1559       219638.27728000
1560       220119.50093000
1561       220601.37062000
1562       221084.21713000
1563       221568.06285000
1564       222052.55724000
1565       222538.05295000
1566       223024.11506000
1567       223511.18051000
1568       223999.35596000
1569       224488.05806000
1570       224977.35012000
1571       225468.13062000
1572       225959.08533000
1573       226451.48940000
1574       226944.06824000
1575       227438.05701000
1576       227932.74663000
1577       228428.38759000
1578       228924.64597000
1579       229421.54323000
1580       229919.87955000
1581       230418.81442000
1582       230918.39079000
1583       231418.96732000
1584       231920.63101000
1585       232422.87454000
1586       232926.12175000
1587       233430.03590000
1588       233934.99892000
1589       234440.54434000
1590       234947.16234000
1591       235454.81133000
1592       235963.08832000
1593       236472.39841000
1594       236982.29454000
1595       237493.33441000
1596       238005.34599000
1597       238517.98938000
1598       239031.28669000
1599       239545.64552000
1600       240061.04554000
1601       240577.46633000
1602       241094.52285000
1603       241612.25934000
1604       242130.99748000
1605       242650.80450000
1606       243171.27216000
1607       243692.81102000
1608       244214.96789000
1609       244738.15411000
1610       245262.41525000
1611       245787.36320000
1612       246313.32194000
1613       246839.94679000
1614       247367.62890000
1615       247895.95639000
1616       248425.80156000
1617       248955.81345000
1618       249486.95385000
1619       250019.13514000
1620       250552.38101000
1621       251085.86167000
1622       251620.86925000
1623       252156.48391000
1624       252693.21248000
1625       253230.52697000
1626       253769.02514000
1627       254308.08807000
1628       254848.24692000
1629       255389.52593000
1630       255931.46226000
1631       256474.45314000
1632       257018.10270000
1633       257562.80895000
1634       258108.70967000
1635       258655.18079000
1636       259202.78052000
1637       259750.99736000
1638       260300.39086000
1639       260850.35716000
1640       261401.43378000
1641       261953.64522000
1642       262506.50049000
1643       263060.47002000
1644       263615.08468000
1645       264170.81586000
1646       264727.66513000
1647       265285.13894000
1648       265843.75619000
1649       266403.04568000
1650       266963.41141000
1651       267524.90129000
1652       268087.04271000
1653       268649.92895000
1654       269214.30109000
1655       269778.92170000
1656       270345.07764000
1657       270911.95911000
1658       271479.94978000
1659       272048.57395000
1660       272618.35635000
1661       273188.82045000
1662       273760.39825000
1663       274333.06771000
1664       274906.42143000
1665       275480.96326000
1666       276056.12008000
1667       276632.44382000
1668       277209.40739000
1669       277788.02194000
1670       278366.82019000
1671       278947.20148000
1672       279528.34492000
1673       280110.08462000
1674       280692.99984000
1675       281277.02075000
1676       281861.78319000
1677       282447.65349000
1678       283034.63309000
1679       283622.35708000
1680       284210.77782000
1681       284800.79803000
1682       285391.46927000
1683       285982.86393000
1684       286575.39865000
1685       287169.07486000
1686       287763.47730000
1687       288358.97524000
1688       288955.27340000
1689       289552.64511000
1690       290151.21295000
1691       290750.43827000
1692       291350.88650000
1693       291952.46188000
1694       292554.69725000
1695       293157.69044000
1696       293762.30758000
1697       294367.16621000
1698       294973.62738000
1699       295580.85052000
1700       296189.18434000
1701       296798.25710000
1702       297408.46741000
1703       298019.44273000
1704       298631.55780000
1705       299244.83879000
1706       299858.83825000
1707       300474.05540000
1708       301089.94293000
1709       301707.00100000
1710       302325.28072000
1711       302944.28312000
1712       303564.43500000
1713       304185.76267000
1714       304807.84057000
1715       305431.12163000
1716       306055.07951000
1717       306680.24283000
1718       307306.10933000
1719       307933.23377000
1720       308561.49247000
1721       309190.48195000
1722       309820.65808000
1723       310452.12318000
1724       311084.19578000
1725       311717.53457000
1726       312351.60850000
1727       312986.84992000
1728       313623.28567000
1729       314260.45908000
1730       314898.42138000
1731       315537.98923000
1732       316178.34839000
1733       316819.37180000
1734       317462.20973000
1735       318105.17703000
1736       318749.88552000
1737       319395.31301000
1738       320042.02406000
1739       320689.40433000
1740       321338.04504000
1741       321987.35611000
1742       322638.00730000
1743       323289.76842000
1744       323942.33135000
1745       324596.05780000
1746       325251.13043000
1747       325906.85259000
1748       326563.79376000
1749       327221.51541000
1750       327880.48448000
1751       328540.67662000
1752       329201.59995000
1753       329863.82683000
1754       330526.70817000
1755       331190.86938000
1756       331856.23368000
1757       332522.43793000
1758       333189.82146000
1759       333857.96789000
1760       334527.81892000
1761       335198.01682000
1762       335869.89619000
1763       336542.54237000
1764       337215.90298000
1765       337890.60945000
1766       338566.47837000
1767       339243.67006000
1768       339921.55341000
1769       340600.28774000
1770       341280.69017000
1771       341961.91956000
1772       342643.84326000
1773       343327.12403000
1774       344011.57671000
1775       344696.83295000
1776       345383.31679000
1777       346071.19052000
1778       346759.70988000
1779       347449.54115000
1780       348140.65925000
1781       348832.53285000
1782       349525.13524000
1783       350219.56140000
1784       350914.77266000
1785       351610.74238000
1786       352307.95202000
1787       353006.51140000
1788       353706.31393000
1789       354406.90582000
1790       355108.23311000
1791       355811.39838000
1792       356515.35586000
1793       357220.07860000
1794       357926.05125000
1795       358633.35737000
1796       359341.97140000
1797       360051.35454000
1798       360761.45212000
1799       361473.42951000
1800       362186.20610000
1801       362899.75486000
1802       363614.53603000
1803       364330.68899000
1804       365047.64442000
1805       365766.38026000
1806       366485.37623000
1807       367205.77686000
1808       367927.36223000
1809       368650.32802000
1810       369374.01831000
1811       370099.11939000
1812       370824.94633000
1813       371552.10308000
1814       372280.56339000
1815       373009.89181000
1816       373740.44221000
1817       374472.35619000
1818       375205.08513000
1819       375939.15216000
1820       376674.50269000
1821       377410.64282000
1822       378147.62918000
1823       378886.45479000
1824       379626.07272000
1825       380366.48319000
1826       381108.76651000
1827       381851.34696000
1828       382595.80358000
1829       383340.99999000
1830       384087.57757000
1831       384834.98160000
1832       385583.74101000
1833       386333.77181000
1834       387084.71755000
1835       387836.90848000
1836       388590.48905000
1837       389344.81578000
1838       390100.62071000
1839       390857.20193000
1840       391615.59509000
1841       392374.32062000
1842       393134.94750000
1843       393896.38331000
1844       394658.59942000
1845       395422.75122000
1846       396187.74361000
1847       396953.54798000
1848       397720.64209000
1849       398489.17265000
1850       399259.08344000
1851       400029.81008000
1852       400801.29474000
1853       401574.75872000
1854       402349.09985000
1855       403124.14298000
1856       403901.17126000
1857       404678.99155000
1858       405457.75076000
1859       406238.29553000
1860       407019.21152000
1861       407802.03374000
1862       408585.71098000
1863       409370.69746000
1864       410156.59952000
1865       410943.87215000
1866       411732.51713000
1867       412522.02146000
1868       413312.84130000
1869       414105.18569000
1870       414898.24404000
1871       415692.74053000
1872       416488.58770000
1873       417285.41912000
1874       418083.51417000
1875       418882.50585000
1876       419682.88284000
1877       420484.70657000
1878       421287.34019000
1879       422091.33310000
1880       422896.77705000
1881       423703.09352000
1882       424510.80355000
1883       425319.87861000
1884       426129.85910000
1885       426941.26741000
1886       427754.07516000
1887       428567.73082000
1888       429382.81857000
1889       430198.75587000
1890       431016.62136000
1891       431834.81433000
1892       432655.02997000
1893       433476.09926000
1894       434298.51753000
1895       435121.88234000
1896       435946.72079000
1897       436772.85109000
1898       437599.93100000
1899       438428.36623000
1900       439258.37310000
1901       440089.11780000
1902       440921.37544000
1903       441754.43365000
1904       442589.59904000
1905       443425.59831000
1906       444262.40081000
1907       445100.72328000
1908       445940.47492000
1909       446781.65724000
1910       447623.67757000
1911       448466.62916000
1912       449311.67238000
1913       450157.46309000
1914       451004.75337000
1915       451852.94823000
1916       452702.58289000
1917       453553.62778000
1918       454405.61142000
1919       455259.10173000
1920       456113.94368000
1921       456969.72737000
1922       457826.92777000
1923       458685.70389000
1924       459545.23589000
1925       460406.31465000
1926       461268.84758000
1927       462132.29668000
1928       462997.20236000
1929       463862.93084000
1930       464730.78586000
1931       465598.95668000
1932       466469.19411000
1933       467340.32191000
1934       468212.85090000
1935       469087.00576000
1936       469961.92617000
1937       470838.37953000
1938       471715.69552000
1939       472594.64308000
1940       473474.96799000
1941       474356.15826000
1942       475239.56279000
1943       476123.16040000
1944       477008.87956000
1945       477895.46805000
1946       478783.66716000
1947       479672.70503000
1948       480563.19478000
1949       481455.23515000
1950       482348.18146000
1951       483242.64857000
1952       484138.60597000
1953       485035.43961000
1954       485933.89607000
1955       486833.74930000
1956       487735.13111000
1957       488637.42592000
1958       489540.73189000
1959       490446.09054000
1960       491352.29949000
1961       492259.52277000
1962       493168.83684000
1963       494079.10254000
1964       494990.25432000
1965       495903.50251000
1966       496817.77110000
1967       497732.86264000
1968       498650.12215000
1969       499568.40522000
1970       500488.07167000
1971       501408.73030000
1972       502330.87385000
1973       503254.66986000
1974       504179.29520000
1975       505105.50932000
1976       506033.24757000
1977       506961.95093000
1978       507892.14756000
1979       508823.87243000
1980       509756.56539000
1981       510690.92298000
1982       511626.64599000
1983       512563.40689000
1984       513501.63585000
1985       514441.53601000
1986       515382.34298000
1987       516324.65579000
1988       517268.54337000
1989       518213.40791000
1990       519159.81627000
1991       520107.80387000
1992       521057.27100000
1993       522007.82098000
1994       522959.21706000
1995       523912.83395000
1996       524867.50320000
1997       525823.59047000
1998       526780.69772000
1999       527739.29336000
2000       528699.61791000
2001       529660.82912000
2002       530624.17267000
2003       531587.93586000
2004       532553.86914000
2005       533520.79573000
2006       534489.28930000
2007       535458.67477000
2008       536430.41025000
2009       537402.36225000
2010       538376.56469000
2011       539351.76638000
2012       540328.54376000
2013       541306.89846000
2014       542286.18623000
2015       543267.12313000
2016       544249.13363000
2017       545233.16560000
2018       546218.27376000
2019       547204.38912000
2020       548192.70542000
2021       549181.38199000
2022       550172.19309000
2023       551164.77095000
2024       552158.25681000
2025       553152.68578000
2026       554149.39715000
2027       555147.08931000
2028       556145.79779000
2029       557146.68919000
2030       558148.56414000
2031       559152.14816000
2032       560156.68239000
2033       561162.75178000
2034       562170.53483000
2035       563179.92735000
2036       564190.30948000
2037       565202.30361000
2038       566215.25339000
2039       567230.61838000
2040       568246.79951000
2041       569264.08148000
2042       570282.98253000
2043       571303.53987000
2044       572325.71984000
2045       573349.52410000
2046       574374.25639000
2047       575400.16788000
2048       576428.19085000
2049       577457.32428000
2050       578488.16082000
2051       579519.85790000
2052       580553.26074000
2053       581588.33521000
2054       582625.04709000
2055       583662.80380000
2056       584702.09196000
2057       585742.49882000
2058       586785.28909000
2059       587828.94728000
2060       588873.69127000
2061       589920.71556000
2062       590968.79216000
2063       592017.88512000
2064       593069.19113000
2065       594121.62544000
2066       595175.78795000
2067       596230.82467000
2068       597287.59208000
2069       598346.05543000
2070       599406.21671000
2071       600467.36617000
2072       601530.14244000
2073       602594.01881000
2074       603660.31165000
2075       604727.48621000
2076       605795.76400000
2077       606866.42751000
2078       607938.01218000
2079       609011.34522000
2080       610085.63787000
2081       611161.79295000
2082       612239.55281000
2083       613318.91880000
2084       614399.43448000
2085       615481.70789000
2086       616565.51737000
2087       617650.44239000
2088       618737.09249000
2089       619825.43210000
2090       620914.85323000
2091       622005.85397000
2092       623098.66110000
2093       624193.27674000
2094       625288.75279000
2095       626386.04012000
2096       627484.41515000
2097       628585.10407000
2098       629686.88355000
2099       630789.71611000
2100       631894.86826000
2101       633001.18972000
2102       634109.10662000
2103       635218.19471000
2104       636329.07058000
2105       637441.46991000
2106       638555.73668000
2107       639671.02728000
2108       640788.11216000
2109       641906.87870000
2110       643026.67182000
2111       644148.22562000
2112       645271.61854000
2113       646396.62269000
2114       647522.73433000
2115       648650.61305000
2116       649779.52433000
2117       650910.86547000
2118       652043.31880000
2119       653176.80751000
2120       654312.80949000
2121       655449.84955000
2122       656588.51302000
2123       657728.37081000
2124       658870.08728000
2125       660013.35373000
2126       661158.48242000
2127       662304.73282000
2128       663452.69281000
2129       664602.44201000
2130       665753.98234000
2131       666906.57099000
2132       668060.95339000
2133       669216.46385000
2134       670373.61435000
2135       671532.72013000
2136       672693.39096000
2137       673855.94238000
2138       675019.62779000
2139       676184.36882000
2140       677351.58697000
2141       678519.94220000
2142       679689.94928000
2143       680861.92578000
2144       682034.96358000
2145       683209.65741000
2146       684386.24650000
2147       685564.65374000
2148       686744.12647000
2149       687925.34044000
2150       689107.78067000
2151       690292.64138000
2152       691478.57186000
2153       692665.73195000
2154       693855.23848000
2155       695045.97771000
2156       696238.46882000
2157       697432.71358000
2158       698628.27476000
2159       699825.51208000
2160       701024.50761000
2161       702224.66207000
2162       703426.73847000
2163       704630.49693000
2164       705836.10047000
2165       707042.86764000
2166       708251.48271000
2167       709461.86674000
2168       710673.33657000
2169       711887.34408000
2170       713101.91690000
2171       714318.86874000
2172       715536.99209000
2173       716756.97452000
2174       717978.81808000
2175       719202.44299000
2176       720427.24401000
2177       721653.82909000
2178       722881.67393000
2179       724111.99571000
2180       725343.33426000
2181       726575.93601000
2182       727811.18476000
2183       729047.37093000
2184       730285.51626000
2185       731525.54074000
2186       732766.66992000
2187       734009.59832000
2188       735254.49299000
2189       736501.19042000
2190       737749.07996000
2191       738998.77487000
2192       740249.58059000
2193       741503.14057000
2194       742757.73093000
2195       744014.13307000
2196       745271.73361000
2197       746532.01422000
2198       747793.32923000
2199       749056.54584000
2200       750320.96550000
2201       751587.37344000
2202       752855.43647000
2203       754125.49157000
2204       755396.67037000
2205       756669.76039000
2206       757944.76328000
2207       759221.59698000
2208       760499.55887000
2209       761779.60716000
2210       763061.40635000
2211       764344.33678000
2212       765629.27423000
2213       766916.13617000
2214       768204.67021000
2215       769494.50932000
2216       770786.36264000
2217       772079.97707000
2218       773374.81524000
2219       774672.29707000
2220       775970.92018000
2221       777270.77034000
2222       778573.27043000
2223       779876.82929000
2224       781182.50191000
2225       782490.03353000
2226       783798.62673000
2227       785109.25297000
2228       786421.82848000
2229       787735.46850000
2230       789051.86193000
2231       790369.40837000
2232       791688.19476000
2233       793009.56821000
2234       794332.18431000
2235       795656.76124000
2236       796983.21422000
2237       798310.91307000
2238       799640.57746000
2239       800972.12270000
2240       802305.63718000
2241       803640.31539000
2242       804976.87863000
2243       806315.59052000
2244       807655.38195000
2245       808997.78560000
2246       810341.53361000
2247       811686.53902000
2248       813033.98764000
2249       814382.87171000
2250       815733.65390000
2251       817086.33575000
2252       818440.28124000
2253       819796.21718000
2254       821154.14590000
2255       822513.98078000
2256       823874.99570000
2257       825238.00785000
2258       826602.93083000
2259       827969.30255000
2260       829338.22938000
2261       830708.25324000
2262       832080.46065000
2263       833453.94483000
2264       834829.17075000
2265       836206.49669000
2266       837585.92471000
2267       838967.09979000
2268       840349.64682000
2269       841734.21156000
2270       843120.06105000
2271       844508.48756000
2272       845898.20140000
2273       847289.93968000
2274       848683.70465000
2275       850078.67038000
2276       851475.66556000
2277       852874.51173000
2278       854275.57158000
2279       855677.83699000
2280       857082.04809000
2281       858488.20688000
2282       859896.58698000
2283       861306.08627000
2284       862717.44710000
2285       864131.03449000
2286       865545.92583000
2287       866963.33571000
2288       868382.14334000
2289       869803.00276000
2290       871225.07958000
2291       872649.21121000
2292       874075.39967000
2293       875503.64689000
2294       876933.77156000
2295       878365.21107000
2296       879798.71420000
2297       881234.19106000
2298       882671.07821000
2299       884110.59938000
2300       885551.44172000
2301       886993.69815000
2302       888438.59464000
2303       889884.81573000
2304       891333.02142000
2305       892783.39913000
2306       894235.76548000
2307       895689.36857000
2308       897145.05587000
2309       898602.92241000
2310       900061.84276000
2311       901522.94527000
2312       902986.13887000
2313       904451.42585000
2314       905918.62090000
2315       907387.15536000
2316       908857.78774000
2317       910330.52010000
2318       911804.50158000
2319       913280.58595000
2320       914758.68141000
2321       916238.88369000
2322       917721.19484000
2323       919204.76105000
2324       920690.34472000
2325       922178.13660000
2326       923667.18660000
2327       925158.92797000
2328       926652.30873000
2329       928147.52623000
2330       929644.19600000
2331       931142.70472000
2332       932644.39027000
2333       934146.48096000
2334       935651.37240000
2335       937157.62765000
2336       938666.11090000
2337       940176.63349000
2338       941689.10175000
2339       943202.93854000
2340       944719.10649000
2341       946237.12876000
2342       947757.29447000
2343       949278.83377000
2344       950802.51987000
2345       952328.25826000
2346       953856.14731000
2347       955386.28548000
2348       956917.41792000
2349       958450.89898000
2350       959985.66536000
2351       961523.36636000
2352       963062.45258000
2353       964603.60437000
2354       966146.82379000
2355       967691.43174000
2356       969238.98574000
2357       970787.93129000
2358       972338.75640000
2359       973891.26713000
2360       975445.75748000
2361       977003.20560000
2362       978561.07455000
2363       980122.10093000
2364       981684.42937000
2365       983249.52852000
2366       984816.03053000
2367       986384.13232000
2368       987955.01116000
2369       989527.09960000
2370       991101.47903000
2371       992678.15169000
2372       994255.93841000
2373       995835.92254000
2374       997418.30420000
2375       999002.68975000
2376      1000589.08097000
2377      1002177.08663000
2378      1003767.20003000
2379      1005359.52219000
2380      1006953.75689000
2381      1008549.61184000
2382      1010147.68077000
2383      1011747.76608000
2384      1013350.06920000
2385      1014953.79882000
2386      1016560.54321000
2387      1018168.51697000
2388      1019778.02064000
2389      1021390.44570000
2390      1023004.30355000
2391      1024620.29103000
2392      1026238.51041000
2393      1027858.86325000
2394      1029480.65384000
2395      1031105.48024000
2396      1032731.64677000
2397      1034359.25474000
2398      1035989.90505000
2399      1037621.89877000
2400      1039256.03732000
2401      1040892.42407000
2402      1042530.25883000
2403      1044171.04607000
2404      1045813.28421000
2405      1047457.77791000
2406      1049104.42715000
2407      1050752.53099000
2408      1052402.69113000
2409      1054055.31803000
2410      1055710.00496000
2411      1057366.95830000
2412      1059025.16808000
2413      1060685.95486000
2414      1062348.70567000
2415      1064013.83282000
2416      1065680.11776000
2417      1067348.98791000
2418      1069019.93119000
2419      1070692.94886000
2420      1072367.64424000
2421      1074045.33231000
2422      1075724.49480000
2423      1077405.63486000
2424      1079088.45828000
2425      1080774.38685000
2426      1082461.69143000
2427      1084151.08340000
2428      1085842.98023000
2429      1087536.15230000
2430      1089232.44119000
2431      1090930.11205000
2432      1092630.19148000
2433      1094331.65488000
2434      1096036.03526000
2435      1097741.90672000
2436      1099450.29914000
2437      1101160.79574000
2438      1102872.57724000
2439      1104587.60159000
2440      1106304.22890000
2441      1108023.07210000
2442      1109743.92230000
2443      1111466.48439000
2444      1113191.37261000
2445      1114918.27215000
2446      1116647.60724000
2447      1118379.27437000
2448      1120112.55555000
2449      1121848.57481000
2450      1123586.31734000
2451      1125325.46533000
2452      1127067.78192000
2453      1128811.40058000
2454      1130557.47008000
2455      1132305.88617000
2456      1134056.54445000
2457      1135808.61574000
2458      1137563.87019000
2459      1139320.64765000
2460      1141079.67381000
2461      1142840.11810000
2462      1144603.75457000
2463      1146369.02649000
2464      1148136.33934000
2465      1149906.12476000
2466      1151677.44208000
2467      1153451.96375000
2468      1155227.80474000
2469      1157006.01802000
2470      1158785.76830000
2471      1160568.84054000
2472      1162353.01998000
2473      1164139.79570000
2474      1165928.84470000
2475      1167720.38621000
2476      1169513.14726000
2477      1171309.24516000
2478      1173106.78259000
2479      1174906.82016000
2480      1176708.08108000
2481      1178512.68858000
2482      1180318.95896000
2483      1182127.51884000
2484      1183938.15095000
2485      1185750.44954000
2486      1187566.10731000
2487      1189383.21599000
2488      1191202.51278000
2489      1193024.21956000
2490      1194847.71021000
2491      1196674.13248000
2492      1198502.01143000
2493      1200332.41782000
2494      1202165.35413000
2495      1203999.52986000
2496      1205836.97896000
2497      1207676.00207000
2498      1209517.56264000
2499      1211360.36659000
2500      1213206.56463000
2501      1215054.23063000
2502      1216904.44192000
2503      1218756.86685000
2504      1220611.72987000
2505      1222468.92165000
2506      1224327.92271000
2507      1226188.92050000
2508      1228052.58729000
2509      1229918.70188000
2510      1231786.18386000
2511      1233656.86347000
2512      1235529.13740000
2513      1237404.09093000
2514      1239280.30386000
2515      1241159.72358000
2516      1243040.85534000
2517      1244924.44968000
2518      1246810.39566000
2519      1248698.69546000
2520      1250589.46403000
2521      1252481.83893000
2522      1254376.68595000
2523      1256273.66692000
2524      1258173.23726000
2525      1260074.53286000
2526      1261979.06132000
2527      1263884.86354000
2528      1265793.37674000
2529      1267704.37568000
2530      1269616.87936000
2531      1271532.39906000
2532      1273449.76866000
2533      1275369.74587000
2534      1277291.87516000
2535      1279215.62961000
2536      1281142.86963000
2537      1283071.50880000
2538      1285002.65061000
2539      1286936.18196000
2540      1288871.46081000
2541      1290810.00764000
2542      1292750.07465000
2543      1294692.42293000
2544      1296637.63177000
2545      1298585.12611000
2546      1300534.14561000
2547      1302485.56878000
2548      1304440.62416000
2549      1306396.21402000
2550      1308355.20869000
2551      1310316.61545000
2552      1312279.67137000
2553      1314245.14220000
2554      1316213.14654000
2555      1318183.68645000
2556      1320156.53068000
2557      1322131.14785000
2558      1324108.18905000
2559      1326087.77341000
2560      1328069.78585000
2561      1330054.34570000
2562      1332040.45132000
2563      1334029.22486000
2564      1336021.08599000
2565      1338013.84458000
2566      1340010.04770000
2567      1342008.80999000
2568      1344008.88998000
2569      1346011.76843000
2570      1348016.97507000
2571      1350024.98491000
2572      1352035.09002000
2573      1354047.11055000
2574      1356061.58468000
2575      1358078.63291000
2576      1360098.01982000
2577      1362120.10384000
2578      1364143.75479000
2579      1366171.00182000
2580      1368199.69957000
2581      1370230.74446000
2582      1372264.61612000
2583      1374300.18050000
2584      1376338.99524000
2585      1378379.38606000
2586      1380422.37228000
2587      1382468.19613000
2588      1384515.35981000
2589      1386565.90503000
2590      1388618.39358000
2591      1390673.24687000
2592      1392730.70773000
2593      1394790.53683000
2594      1396853.21921000
2595      1398917.49066000
2596      1400984.25644000
2597      1403053.39731000
2598      1405125.39982000
2599      1407199.90261000
2600      1409276.00097000
2601      1411355.63156000
2602      1413436.86072000
2603      1415520.71906000
2604      1417607.08690000
2605      1419695.17871000
2606      1421786.69310000
2607      1423879.93454000
2608      1425975.81482000
2609      1428074.21419000
2610      1430175.13412000
2611      1432278.69927000
2612      1434383.99891000
2613      1436491.82429000
2614      1438602.42344000
2615      1440715.30701000
2616      1442830.96836000
2617      1444949.28735000
2618      1447069.22592000
2619      1449191.70182000
2620      1451316.84034000
2621      1453444.64395000
2622      1455574.99100000
2623      1457706.96418000
2624      1459842.52758000
2625      1461979.96825000
2626      1464119.83576000
2627      1466262.25583000
2628      1468406.43282000
2629      1470554.33712000
2630      1472703.75282000
2631      1474855.85297000
2632      1477010.51521000
2633      1479167.99134000
2634      1481327.90856000
2635      1483489.59329000
2636      1485653.84712000
2637      1487820.92291000
2638      1489990.57217000
2639      1492162.79701000
2640      1494337.72494000
2641      1496514.30336000
2642      1498694.51792000
2643      1500876.38603000
2644      1503061.21728000
2645      1505247.32561000
2646      1507437.20620000
2647      1509628.74521000
2648      1511824.18894000
2649      1514020.91456000
2650      1516220.48949000
2651      1518422.78979000
2652      1520626.88235000
2653      1522834.51198000
2654      1525043.68271000
2655      1527255.71326000
2656      1529470.60660000
2657      1531687.85464000
2658      1533907.84203000
2659      1536129.63199000
2660      1538354.16481000
2661      1540581.31463000
2662      1542811.21153000
2663      1545043.60156000
2664      1547278.99951000
2665      1549515.95255000
2666      1551756.60312000
2667      1553998.68243000
2668      1556243.90712000
2669      1558491.76482000
2670      1560742.25716000
2671      1562994.57006000
2672      1565250.33769000
2673      1567507.92897000
2674      1569768.29156000
2675      1572031.55747000
2676      1574296.26215000
2677      1576564.69248000
2678      1578834.95360000
2679      1581109.07629000
2680      1583384.77314000
2681      1585663.12569000
2682      1587944.26594000
2683      1590227.37505000
2684      1592513.96732000
2685      1594802.27033000
2686      1597093.36895000
2687      1599387.39673000
2688      1601684.09381000
2689      1603983.46253000
2690      1606284.41752000
2691      1608589.39733000
2692      1610896.09781000
2693      1613205.47741000
2694      1615517.40592000
2695      1617832.41253000
2696      1620149.14526000
2697      1622469.52373000
2698      1624791.89563000
2699      1627116.69342000
2700      1629444.44819000
2701      1631774.89766000
2702      1634108.30867000
2703      1636443.32317000
2704      1638782.00084000
2705      1641122.54995000
2706      1643466.06936000
2707      1645812.29510000
2708      1648160.96246000
2709      1650511.77374000
2710      1652866.39697000
2711      1655222.76743000
2712      1657581.85358000
2713      1659943.52375000
2714      1662308.44936000
2715      1664675.82906000
2716      1667046.06704000
2717      1669418.06030000
2718      1671793.04978000
2719      1674171.74061000
2720      1676552.19154000
2721      1678934.53783000
2722      1681320.59245000
2723      1683709.52001000
2724      1686100.34792000
2725      1688494.05237000
2726      1690890.36489000
2727      1693289.42260000
2728      1695691.36305000
2729      1698096.32461000
2730      1700503.05981000
2731      1702913.39074000
2732      1705325.63418000
2733      1707741.04302000
2734      1710158.93873000
2735      1712579.73226000
2736      1715003.28895000
2737      1717428.90253000
2738      1719857.28267000
2739      1722289.41485000
2740      1724723.47216000
2741      1727160.30267000
2742      1729600.04538000
2743      1732041.58004000
2744      1734487.01618000
2745      1736934.38530000
2746      1739384.39931000
2747      1741837.33573000
2748      1744293.19677000
2749      1746752.12294000
2750      1749213.42613000
2751      1751676.94733000
2752      1754144.39165000
2753      1756613.64284000
2754      1759085.69292000
2755      1761560.40488000
2756      1764038.33612000
2757      1766519.07243000
2758      1769001.62249000
2759      1771488.11435000
2760      1773976.42296000
2761      1776467.54405000
2762      1778961.61917000
2763      1781458.65087000
2764      1783958.78128000
2765      1786460.31586000
2766      1788965.95053000
2767      1791473.55209000
2768      1793984.26060000
2769      1796497.37718000
2770      1799013.60502000
2771      1801532.80647000
2772      1804055.12460000
2773      1806579.13747000
2774      1809106.85027000
2775      1811636.54248000
2776      1814169.50055000
2777      1816705.16252000
2778      1819243.81301000
2779      1821784.16575000
2780      1824328.65772000
2781      1826874.99681000
2782      1829425.19756000
2783      1831977.67433000
2784      1834532.58390000
2785      1837090.63888000
2786      1839651.55680000
2787      1842214.75763000
2788      1844781.55049000
2789      1847350.20192000
2790      1849922.00939000
2791      1852497.84498000
2792      1855075.54448000
2793      1857655.10771000
2794      1860238.41979000
2795      1862825.18681000
2796      1865413.53605000
2797      1868006.07280000
2798      1870600.33783000
2799      1873197.63568000
2800      1875797.96894000
2801      1878401.34002000
2802      1881006.44403000
2803      1883615.89701000
2804      1886226.79716000
2805      1888842.05206000
2806      1891459.33548000
2807      1894079.37991000
2808      1896702.47679000
2809      1899328.33838000
2810      1901957.54737000
2811      1904588.50188000
2812      1907223.54101000
2813      1909860.61973000
2814      1912500.47243000
2815      1915143.53843000
2816      1917789.52846000
2817      1920438.44459000
2818      1923090.58141000
2819      1925744.32828000
2820      1928402.32776000
2821      1931062.37960000
2822      1933725.51429000
2823      1936391.58730000
2824      1939060.30669000
2825      1941732.40948000
2826      1944407.60417000
2827      1947084.71332000
2828      1949765.80365000
2829      1952448.66411000
2830      1955134.91935000
2831      1957825.16435000
2832      1960517.33180000
2833      1963211.71826000
2834      1965909.65700000
2835      1968611.00338000
2836      1971314.27777000
2837      1974021.85389000
2838      1976731.21272000
2839      1979443.39386000
2840      1982158.84541000
2841      1984877.57035000
2842      1987599.12383000
2843      1990323.80656000
2844      1993050.27946000
2845      1995781.22646000
2846      1998513.96708000
2847      2001249.69520000
2848      2003988.71240000
2849      2006730.57160000
2850      2009475.57487000
2851      2012223.72447000
2852      2014974.87272000
2853      2017728.27501000
2854      2020485.42609000
2855      2023244.83491000
2856      2026007.24988000
2857      2028772.97515000
2858      2031541.55995000
2859      2034313.00640000
2860      2037088.07278000
2861      2039864.95330000
2862      2042645.90462000
2863      2045428.97618000
2864      2048215.97228000
2865      2051005.24366000
2866      2053797.69440000
2867      2056593.02238000
2868      2059391.83878000
2869      2062192.48030000
2870      2064996.90862000
2871      2067803.77507000
2872      2070615.04464000
2873      2073427.99268000
2874      2076244.29027000
2875      2079063.32732000
2876      2081886.02562000
2877      2084711.46776000
2878      2087540.26934000
2879      2090371.97233000
2880      2093205.82303000
2881      2096043.94905000
2882      2098884.07272000
2883      2101727.41297000
2884      2104574.12680000
2885      2107423.44466000
2886      2110276.14035000
2887      2113132.21692000
2888      2115990.29995000
2889      2118852.37112000
2890      2121716.45135000
2891      2124585.14554000
2892      2127455.69729000
2893      2130329.48821000
2894      2133206.52079000
2895      2136086.79730000
2896      2138969.69673000
2897      2141856.15636000
2898      2144744.63760000
2899      2147637.60080000
2900      2150532.58938000
2901      2153431.44025000
2902      2156332.63224000
2903      2159237.24276000
2904      2162144.80337000
2905      2165055.63053000
2906      2167969.41214000
2907      2170885.70044000
2908      2173806.02548000
2909      2176728.54699000
2910      2179655.26778000
2911      2182584.34616000
2912      2185516.23272000
2913      2188451.40336000
2914      2191390.17641000
2915      2194331.92217000
2916      2197276.80095000
2917      2200224.65596000
2918      2203175.03931000
2919      2206129.64649000
2920      2209086.30938000
2921      2212047.36092000
2922      2215010.47170000
2923      2217976.88900000
2924      2220946.45595000
2925      2223919.17485000
2926      2226895.52681000
2927      2229873.78580000
2928      2232855.97279000
2929      2235841.80055000
2930      2238829.85995000
2931      2241821.08371000
2932      2244816.56683000
2933      2247813.96595000
2934      2250815.01762000
2935      2253819.24290000
2936      2256826.64370000
2937      2259836.28768000
2938      2262850.36807000
2939      2265867.30824000
2940      2268886.65788000
2941      2271910.61451000
2942      2274936.50010000
2943      2277965.57596000
2944      2280997.84401000
2945      2284033.79271000
2946      2287072.77660000
2947      2290114.95961000
2948      2293160.50656000
2949      2296207.99159000
2950      2299260.11021000
2951      2302314.82179000
2952      2305373.52172000
2953      2308434.32931000
2954      2311498.51407000
2955      2314566.85751000
2956      2317637.64077000
2957      2320711.80834000
2958      2323787.92715000
2959      2326869.03420000
2960      2329952.87715000
2961      2333039.00403000
2962      2336129.63643000
2963      2339222.39221000
2964      2342319.65929000
2965      2345419.05333000
2966      2348522.01709000
2967      2351628.05811000
2968      2354737.50880000
2969      2357850.20645000
2970      2360966.31817000
2971      2364085.84714000
2972      2367207.18220000
2973      2370333.21971000
2974      2373461.89608000
2975      2376594.61806000
2976      2379729.65032000
2977      2382867.78011000
2978      2386009.34206000
2979      2389154.33893000
2980      2392302.77305000
2981      2395454.48036000
2982      2398609.96390000
2983      2401768.22402000
2984      2404928.80785000
2985      2408093.96349000
2986      2411261.44678000
2987      2414433.34052000
2988      2417607.22986000
2989      2420784.74478000
2990      2423966.05627000
2991      2427151.45372000
2992      2430339.02156000
2993      2433528.92840000
2994      2436723.09598000
2995      2439920.90450000
2996      2443122.18810000
2997      2446325.98730000
2998      2449533.88967000
2999      2452744.14210000
3000      2455958.67198000
3001      2459175.72484000
3002      2462396.09655000
3003      2465619.95884000
3004      2468847.14438000
3005      2472077.99561000
3006      2475312.00480000
3007      2478549.51452000
3008      2481790.35648000
3009      2485033.56622000
3010      2488281.25006000
3011      2491530.96328000
3012      2494785.49844000
3013      2498042.75058000
3014      2501304.14667000
3015      2504567.92121000
3016      2507835.04570000
3017      2511105.35045000
3018      2514379.35278000
3019      2517656.71140000
3020      2520938.11738000
3021      2524221.39600000
3022      2527508.83790000
3023      2530799.98995000
3024      2534093.53583000
3025      2537391.77138000
3026      2540692.23168000
3027      2543997.21451000
3028      2547304.77198000
3029      2550615.53470000
3030      2553929.85170000
3031      2557247.55182000
3032      2560568.81113000
3033      2563893.45818000
3034      2567221.32120000
3035      2570552.92447000
3036      2573887.46566000
3037      2577226.03457000
3038      2580568.00292000
3039      2583912.56660000
3040      2587261.16462000
3041      2590612.71170000
3042      2593967.49111000
3043      2597325.85544000
3044      2600689.31646000
3045      2604054.68340000
3046      2607423.29136000
3047      2610795.66979000
3048      2614171.46928000
3049      2617549.70698000
3050      2620932.70790000
3051      2624319.13723000
3052      2627709.17359000
3053      2631101.47915000
3054      2634498.38349000
3055      2637897.73707000
3056      2641300.52962000
3057      2644707.75204000
3058      2648117.60661000
3059      2651531.43896000
3060      2654948.54242000
3061      2658368.91879000
3062      2661792.92568000
3063      2665220.20959000
3064      2668651.30655000
3065      2672086.04158000
3066      2675524.23898000
3067      2678965.26397000
3068      2682410.57066000
3069      2685858.98882000
3070      2689310.24038000
3071      2692765.14395000
3072      2696224.69745000
3073      2699686.55379000
3074      2703152.42815000
3075      2706622.42287000
3076      2710095.08474000
3077      2713571.23320000
3078      2717051.05069000
3079      2720534.35945000
3080      2724021.16169000
3081      2727511.45962000
3082      2731004.79709000
3083      2734502.45490000
3084      2738003.79645000
3085      2741507.46044000
3086      2745015.81436000
3087      2748526.31291000
3088      2752042.05098000
3089      2755560.11875000
3090      2759083.43359000
3091      2762608.71828000
3092      2766137.52328000
3093      2769669.66911000
3094      2773205.70416000
3095      2776745.44929000
3096      2780288.72462000
3097      2783835.71481000
3098      2787386.78815000
3099      2790940.66737000
3100      2794498.45187000
3101      2798059.77800000
3102      2801623.63825000
3103      2805192.42136000
3104      2808764.75310000
3105      2812339.62481000
3106      2815919.24466000
3107      2819501.22444000
3108      2823086.94530000
3109      2826677.60719000
3110      2830270.44971000
3111      2833866.85625000
3112      2837467.19845000
3113      2841072.86426000
3114      2844680.34758000
3115      2848291.58942000
3116      2851906.59267000
3117      2855524.80294000
3118      2859145.94793000
3119      2862771.87810000
3120      2866401.39331000
3121      2870035.24111000
3122      2873670.91551000
3123      2877311.38695000
3124      2880955.63965000
3125      2884602.46911000
3126      2888254.10445000
3127      2891908.32062000
3128      2895567.91015000
3129      2899229.52303000
3130      2902894.36903000
3131      2906563.38760000
3132      2910237.22970000
3133      2913913.47637000
3134      2917593.52810000
3135      2921277.38780000
3136      2924965.05791000
3137      2928656.16432000
3138      2932351.08616000
3139      2936049.63717000
3140      2939752.00866000
3141      2943458.20307000
3142      2947166.43834000
3143      2950879.90732000
3144      2954597.58545000
3145      2958317.30985000
3146      2962042.08809000
3147      2965770.51438000
3148      2969501.18092000
3149      2973237.10017000
3150      2976975.45296000
3151      2980718.87541000
3152      2984465.30640000
3153      2988215.01803000
3154      2991968.20277000
3155      2995726.66020000
3156      2999487.56169000
3157      3003252.32545000
3158      3007020.76250000
3159      3010793.45006000
3160      3014569.62458000
3161      3018348.90393000
3162      3022132.44181000
3163      3025919.85699000
3164      3029710.95988000
3165      3033505.75299000
3166      3037304.43090000
3167      3041107.18905000
3168      3044912.02637000
3169      3048722.18136000
3170      3052536.03873000
3171      3056352.36551000
3172      3060173.82705000
3173      3063998.61034000
3174      3067826.44922000
3175      3071659.62641000
3176      3075495.08863000
3177      3079335.50691000
3178      3083178.40730000
3179      3087025.22460000
3180      3090876.81222000
3181      3094731.27650000
3182      3098590.05565000
3183      3102452.17709000
3184      3106319.27559000
3185      3110189.06457000
3186      3114062.20123000
3187      3117939.47064000
3188      3121820.87545000
3189      3125705.83093000
3190      3129595.31997000
3191      3133487.97203000
3192      3137384.18112000
3193      3141284.73557000
3194      3145189.04860000
3195      3149097.12250000
3196      3153009.15703000
3197      3156924.95703000
3198      3160843.86596000
3199      3164767.20429000
3200      3168694.51275000
3201      3172624.54130000
3202      3176559.79785000
3203      3180498.83467000
3204      3184440.39943000
3205      3188386.80493000
3206      3192337.98994000
3207      3196291.31156000
3208      3200249.68180000
3209      3204210.78734000
3210      3208175.68905000
3211      3212145.84760000
3212      3216118.14936000
3213      3220096.71168000
3214      3224077.22173000
3215      3228061.53946000
3216      3232051.13012000
3217      3236043.27173000
3218      3240039.02815000
3219      3244039.20347000
3220      3248044.46373000
3221      3252052.68396000
3222      3256064.52903000
3223      3260080.20153000
3224      3264099.90496000
3225      3268123.03804000
3226      3272150.60986000
3227      3276182.01889000
3228      3280217.26743000
3229      3284257.16605000
3230      3288300.30369000
3231      3292347.08553000
3232      3296398.12110000
3233      3300453.21081000
3234      3304512.15495000
3235      3308574.95558000
3236      3312642.42725000
3237      3316713.35490000
3238      3320787.73995000
3239      3324865.12150000
3240      3328947.85070000
3241      3333034.65537000
3242      3337125.12993000
3243      3341218.60960000
3244      3345317.65484000
3245      3349419.76398000
3246      3353526.36963000
3247      3357635.58021000
3248      3361749.95966000
3249      3365868.43461000
3250      3369989.72471000
3251      3374115.78277000
3252      3378245.48135000
3253      3382379.95378000
3254      3386517.04361000
3255      3390659.52959000
3256      3394805.92373000
3257      3398954.94066000
3258      3403108.95058000
3259      3407266.20614000
3260      3411429.28773000
3261      3415594.38000000
3262      3419763.60012000
3263      3423938.03567000
3264      3428115.31407000
3265      3432297.39844000
3266      3436482.74472000
3267      3440673.94143000
3268      3444867.15840000
3269      3449064.52196000
3270      3453267.33006000
3271      3457472.36991000
3272      3461681.77252000
3273      3465896.62927000
3274      3470114.14012000
3275      3474336.44019000
3276      3478563.36877000
3277      3482793.16641000
3278      3487026.50562000
3279      3491264.22667000
3280      3495507.42472000
3281      3499753.49960000
3282      3504003.54510000
3283      3508258.19439000
3284      3512517.49296000
3285      3516779.46560000
3286      3521045.62883000
3287      3525315.98569000
3288      3529590.53900000
3289      3533870.38737000
3290      3538153.55341000
3291      3542440.28972000
3292      3546730.80957000
3293      3551025.53859000
3294      3555326.00183000
3295      3559628.94604000
3296      3563936.31972000
3297      3568247.48849000
3298      3572563.30514000
3299      3576882.49647000
3300      3581206.34076000
3301      3585535.30497000
3302      3589867.18770000
3303      3594203.30638000
3304      3598543.23660000
3305      3602886.98024000
3306      3607235.82212000
3307      3611588.48330000
3308      3615944.96538000
3309      3620307.01840000
3310      3624672.00646000
3311      3629040.82228000
3312      3633413.46800000
3313      3637790.80475000
3314      3642172.83684000
3315      3646558.27603000
3316      3650948.41591000
3317      3655343.29128000
3318      3659741.54922000
3319      3664143.22174000
3320      3668549.60623000
3321      3672960.70646000
3322      3677375.22783000
3323      3681794.47087000
3324      3686218.46782000
3325      3690645.86340000
3326      3695076.68761000
3327      3699512.24479000
3328      3703952.10363000
3329      3708396.70207000
3330      3712844.73821000
3331      3717298.41728000
3332      3721755.07591000
3333      3726215.17754000
3334      3730680.03261000
3335      3735149.20788000
3336      3739622.26943000
3337      3744101.86839000
3338      3748583.58480000
3339      3753069.19383000
3340      3757559.13624000
3341      3762053.41460000
3342      3766553.37232000
3343      3771055.89271000
3344      3775563.63667000
3345      3780074.84845000
3346      3784591.75254000
3347      3789110.78595000
3348      3793634.61415000
3349      3798164.14442000
3350      3802696.69113000
3351      3807233.15909000
3352      3811774.87691000
3353      3816320.98392000
3354      3820870.11468000
3355      3825423.61861000
3356      3829982.84822000
3357      3834545.10797000
3358      3839111.30535000
3359      3843683.23793000
3360      3848258.65224000
3361      3852838.91839000
3362      3857422.22507000
3363      3862011.27994000
3364      3866603.37979000
3365      3871199.43371000
3366      3875801.24592000
3367      3880406.10886000
3368      3885016.73706000
3369      3889629.97253000
3370      3894248.97960000
3371      3898871.04596000
3372      3903498.89032000
3373      3908130.70958000
3374      3912765.59361000
3375      3917406.71592000
3376      3922049.55811000
3377      3926698.64493000
3378      3931352.16774000
3379      3936008.31583000
3380      3940670.71944000
3381      3945337.11641000
3382      3950006.14317000
3383      3954681.43627000
3384      3959360.73030000
3385      3964044.47911000
3386      3968730.86472000
3387      3973423.53192000
3388      3978120.20901000
3389      3982820.89759000
3390      3987526.05460000
3391      3992236.13771000
3392      3996950.24026000
3393      4001667.44745000
3394      4006390.05002000
3395      4011117.13476000
3396      4015848.70427000
3397      4020583.84820000
3398      4025324.85259000
3399      4030069.43653000
3400      4034818.05836000
3401      4039572.55526000
3402      4044330.63504000
3403      4049092.30166000
3404      4053858.93322000
3405      4058629.15542000
3406      4063404.80863000
3407      4068185.89828000
3408      4072969.66404000
3409      4077757.94976000
3410      4082550.75832000
3411      4087349.47587000
3412      4092150.41548000
3413      4096956.34703000
3414      4101768.66073000
3415      4106583.20070000
3416      4111403.66658000
3417      4116227.28730000
3418      4121056.84128000
3419      4125888.62662000
3420      4130726.81502000
3421      4135567.70228000
3422      4140415.46534000
3423      4145265.46677000
3424      4150121.42047000
3425      4154981.93914000
3426      4159845.16568000
3427      4164713.88810000
3428      4169587.64987000
3429      4174465.98757000
3430      4179348.90381000
3431      4184234.06866000
3432      4189125.68137000
3433      4194021.41172000
3434      4198921.26193000
3435      4203826.17316000
3436      4208735.20940000
3437      4213649.78257000
3438      4218568.01654000
3439      4223490.38260000
3440      4228419.22695000
3441      4233350.33557000
3442      4238286.05466000
3443      4243226.85885000
3444      4248171.80737000
3445      4253123.25358000
3446      4258077.44447000
3447      4263035.78647000
3448      4268000.16320000
3449      4272967.28910000
3450      4277940.45618000
3451      4282917.32506000
3452      4287900.24292000
3453      4292885.91776000
3454      4297877.17203000
3455      4302871.66219000
3456      4307871.73727000
3457      4312876.46529000
3458      4317885.84888000
3459      4322898.47684000
3460      4327917.65837000
3461      4332941.02626000
3462      4337968.58366000
3463      4343000.33126000
3464      4348036.75129000
3465      4353077.84609000
3466      4358123.61858000
3467      4363174.07233000
3468      4368229.20935000
3469      4373288.55211000
3470      4378352.58396000
3471      4383422.72995000
3472      4388495.18523000
3473      4393572.81922000
3474      4398654.67060000
3475      4403743.13193000
3476      4408834.87531000
3477      4413932.26956000
3478      4419032.94978000
3479      4424138.80282000
3480      4429248.42930000
3481      4434363.71859000
3482      4439484.21643000
3483      4444608.01079000
3484      4449737.47773000
3485      4454871.19000000
3486      4460010.12300000
3487      4465152.33241000
3488      4470300.25534000
3489      4475452.43307000
3490      4480609.84436000
3491      4485772.00427000
3492      4490937.93819000
3493      4496108.62559000
3494      4501283.57981000
3495      4506465.21996000
3496      4511649.69527000
3497      4516838.93492000
3498      4522034.38165000
3499      4527233.65150000
3500      4532436.71187000
