   1            4.81303000
   2           12.41264000
   3           22.08235000
   4           33.45555000
   5           46.30787000
   6           60.48542000
   7           75.87431000
   8           92.38586000
   9          109.94843000
  10          128.50264000
  11          147.99815000
  12          168.39165000
  13          189.64525000
  14          211.72568000
  15          234.60301000
  16          258.25058000
  17          282.64410000
  18          307.76160000
  19          333.58286000
  20          360.08923000
  21          387.26352000
  22          415.08981000
  23          443.55322000
  24          472.63992000
  25          502.33698000
  26          532.63196000
  27          563.51361000
  28          594.97095000
  29          626.99359000
  30          659.57202000
  31          692.69684000
  32          726.35938000
  33          760.55109000
  34          795.26398000
  35          830.49060000
  36          866.22339000
  37          902.45557000
  38          939.18036000
  39          976.39105000
  40         1014.08185000
  41         1052.24634000
  42         1090.87927000
  43         1129.97473000
  44         1169.52747000
  45         1209.53223000
  46         1249.98413000
  47         1290.87842000
  48         1332.21021000
  49         1373.97522000
  50         1416.16895000
  51         1458.78687000
  52         1501.82520000
  53         1545.28003000
  54         1589.14709000
  55         1633.42285000
  56         1678.10364000
  57         1723.18567000
  58         1768.66541000
  59         1814.54004000
  60         1860.80542000
  61         1907.45874000
  62         1954.49695000
  63         2001.91699000
  64         2049.71558000
  65         2097.89014000
  66         2146.43750000
  67         2195.35498000
  68         2244.63989000
  69         2294.28931000
  70         2344.30127000
  71         2394.67261000
  72         2445.40088000
  73         2496.48389000
  74         2547.91919000
  75         2599.70410000
  76         2651.83691000
  77         2704.31470000
  78         2757.13574000
  79         2810.29761000
  80         2863.79883000
  81         2917.63623000
  82         2971.80811000
  83         3026.34374000
  84         3081.17925000
  85         3136.34410000
  86         3191.83612000
  87         3247.65260000
  88         3303.79232000
  89         3360.25333000
  90         3417.03417000
  91         3474.16738000
  92         3531.58210000
  93         3589.31178000
  94         3647.35420000
  95         3705.74447000
  96         3764.40785000
  97         3823.37910000
  98         3882.69607000
  99         3942.27927000
 100         4002.16570000
 101         4062.39427000
 102         4122.88338000
 103         4183.71341000
 104         4244.84204000
 105         4306.22573000
 106         4367.94658000
 107         4429.96311000
 108         4492.22701000
 109         4554.82751000
 110         4617.71834000
 111         4680.89904000
 112         4744.36815000
 113         4808.12372000
 114         4872.16479000
 115         4936.53975000
 116         5001.14955000
 117         5066.04049000
 118         5131.26484000
 119         5196.76920000
 120         5262.50196000
 121         5328.56378000
 122         5394.90419000
 123         5461.52175000
 124         5528.41404000
 125         5595.58203000
 126         5663.02184000
 127         5730.79225000
 128         5798.77740000
 129         5867.09112000
 130         5935.61683000
 131         6004.47054000
 132         6073.59364000
 133         6143.04560000
 134         6212.70386000
 135         6282.62817000
 136         6352.88008000
 137         6423.39850000
 138         6494.11664000
 139         6565.16311000
 140         6636.53857000
 141         6708.11021000
 142         6780.00990000
 143         6852.10488000
 144         6924.52699000
 145         6997.21046000
 146         7070.22304000
 147         7143.42374000
 148         7216.95558000
 149         7290.67173000
 150         7364.71810000
 151         7439.09548000
 152         7513.65659000
 153         7588.54782000
 154         7663.69545000
 155         7739.09855000
 156         7814.75570000
 157         7890.74523000
 158         7966.99139000
 159         8043.49132000
 160         8120.24311000
 161         8197.24879000
 162         8274.58901000
 163         8352.18182000
 164         8430.02729000
 165         8508.20937000
 166         8586.64479000
 167         8665.33071000
 168         8744.26816000
 169         8823.54521000
 170         8902.98477000
 171         8982.85225000
 172         9062.88336000
 173         9143.25420000
 174         9223.87722000
 175         9304.74959000
 176         9385.96490000
 177         9467.33699000
 178         9549.14793000
 179         9631.11584000
 180         9713.42890000
 181         9795.99210000
 182         9878.90387000
 183         9961.96647000
 184        10045.37848000
 185        10129.14344000
 186        10213.05579000
 187        10297.42142000
 188        10381.93661000
 189        10466.80616000
 190        10551.92678000
 191        10637.29664000
 192        10723.02337000
 193        10809.00122000
 194        10895.33855000
 195        10981.81884000
 196        11068.77144000
 197        11155.86430000
 198        11243.31825000
 199        11331.02547000
 200        11419.09741000
 201        11507.42262000
 202        11596.00023000
 203        11684.94528000
 204        11774.14571000
 205        11863.71532000
 206        11953.54133000
 207        12043.62095000
 208        12134.07351000
 209        12224.78467000
 210        12315.74767000
 211        12407.08940000
 212        12498.68602000
 213        12590.66322000
 214        12682.89935000
 215        12775.38963000
 216        12868.26539000
 217        12961.39840000
 218        13054.91877000
 219        13148.69850000
 220        13242.86656000
 221        13337.29512000
 222        13431.98536000
 223        13527.06992000
 224        13622.41632000
 225        13718.02080000
 226        13814.02368000
 227        13910.42487000
 228        14007.09230000
 229        14104.02117000
 230        14201.35450000
 231        14298.95449000
 232        14396.81735000
 233        14495.23142000
 234        14593.76996000
 235        14692.71824000
 236        14791.93589000
 237        14891.56639000
 238        14991.46658000
 239        15091.78276000
 240        15192.37090000
 241        15293.37823000
 242        15394.65883000
 243        15496.21093000
 244        15598.18858000
 245        15700.43806000
 246        15803.11732000
 247        15906.07177000
 248        16009.45724000
 249        16113.11929000
 250        16217.21962000
 251        16321.59592000
 252        16426.41082000
 253        16531.50509000
 254        16636.87895000
 255        16742.69797000
 256        16848.79701000
 257        16955.34456000
 258        17062.33978000
 259        17169.45350000
 260        17277.18746000
 261        17385.03646000
 262        17493.34401000
 263        17602.10927000
 264        17711.16143000
 265        17820.67778000
 266        17930.47951000
 267        18040.57695000
 268        18151.13828000
 269        18262.16879000
 270        18373.49174000
 271        18485.11145000
 272        18597.20413000
 273        18709.77506000
 274        18822.45961000
 275        18935.80794000
 276        19049.45441000
 277        19163.40339000
 278        19277.83907000
 279        19392.57179000
 280        19507.79585000
 281        19623.32563000
 282        19739.15740000
 283        19855.67546000
 284        19972.30818000
 285        20089.44088000
 286        20207.07493000
 287        20325.01863000
 288        20443.27433000
 289        20562.03541000
 290        20681.30935000
 291        20800.89426000
 292        20920.79455000
 293        21041.20774000
 294        21162.14130000
 295        21283.39335000
 296        21404.96421000
 297        21527.05758000
 298        21649.47254000
 299        21772.41279000
 300        21895.88593000
 301        22019.47629000
 302        22143.80681000
 303        22268.46692000
 304        22393.45700000
 305        22518.98500000
 306        22644.84169000
 307        22771.02741000
 308        22897.97643000
 309        23025.04350000
 310        23152.87890000
 311        23280.83101000
 312        23409.33944000
 313        23538.40362000
 314        23667.80792000
 315        23797.77507000
 316        23928.08317000
 317        24058.73674000
 318        24189.95345000
 319        24321.74314000
 320        24453.87962000
 321        24586.35912000
 322        24719.42024000
 323        24853.06040000
 324        24987.05325000
 325        25121.39504000
 326        25256.32247000
 327        25391.60390000
 328        25527.47613000
 329        25663.94705000
 330        25800.77338000
 331        25937.95760000
 332        26075.74513000
 333        26213.89149000
 334        26352.64429000
 335        26491.75685000
 336        26631.48322000
 337        26771.57448000
 338        26912.28484000
 339        27053.35896000
 340        27194.79936000
 341        27337.11646000
 342        27479.55538000
 343        27622.61499000
 344        27766.31177000
 345        27910.38157000
 346        28054.82270000
 347        28199.90370000
 348        28345.62414000
 349        28491.72597000
 350        28638.20964000
 351        28785.33759000
 352        28933.11368000
 353        29081.01533000
 354        29229.83158000
 355        29379.03655000
 356        29528.63502000
 357        29678.88984000
 358        29829.54348000
 359        29980.86110000
 360        30132.57219000
 361        30284.95063000
 362        30437.72790000
 363        30590.90446000
 364        30745.03884000
 365        30899.29358000
 366        31054.23481000
 367        31209.85789000
 368        31365.88739000
 369        31522.32597000
 370        31679.45791000
 371        31836.99356000
 372        31995.23252000
 373        32154.16794000
 374        32313.52185000
 375        32473.29040000
 376        32633.76705000
 377        32794.65731000
 378        32956.26352000
 379        33118.29103000
 380        33280.74030000
 381        33444.20746000
 382        33607.80423000
 383        33772.12132000
 384        33937.16935000
 385        34102.64657000
 386        34268.55567000
 387        34435.19878000
 388        34602.27277000
 389        34770.09314000
 390        34938.65739000
 391        35107.35024000
 392        35277.10240000
 393        35446.98417000
 394        35617.61243000
 395        35789.00456000
 396        35960.84127000
 397        36133.43887000
 398        36306.48448000
 399        36479.97865000
 400        36654.24353000
 401        36829.28107000
 402        37004.77803000
 403        37180.72384000
 404        37357.44995000
 405        37534.63284000
 406        37712.60869000
 407        37891.03813000
 408        38069.93511000
 409        38249.95196000
 410        38430.10402000
 411        38611.05379000
 412        38792.81002000
 413        38975.03488000
 414        39157.72444000
 415        39341.23276000
 416        39525.20932000
 417        39710.00620000
 418        39895.28394000
 419        40081.37902000
 420        40267.94947000
 421        40455.00495000
 422        40642.88560000
 423        40831.60028000
 424        41020.80211000
 425        41210.49621000
 426        41401.02314000
 427        41592.04141000
 428        41783.90780000
 429        41976.26458000
 430        42169.47562000
 431        42363.18533000
 432        42557.38507000
 433        42752.45169000
 434        42948.37575000
 435        43144.80583000
 436        43341.74250000
 437        43539.54463000
 438        43737.85709000
 439        43937.05051000
 440        44136.74866000
 441        44337.32942000
 442        44538.42328000
 443        44740.03081000
 444        44942.53373000
 445        45145.55875000
 446        45349.47147000
 447        45554.28568000
 448        45759.24730000
 449        45965.10479000
 450        46171.87666000
 451        46379.17255000
 452        46587.37978000
 453        46796.12890000
 454        47005.39700000
 455        47215.59412000
 456        47426.32816000
 457        47637.98347000
 458        47850.17476000
 459        48062.91685000
 460        48276.98087000
 461        48491.19899000
 462        48706.35788000
 463        48922.05624000
 464        49138.71133000
 465        49355.90496000
 466        49574.06182000
 467        49792.77062000
 468        50012.43959000
 469        50232.65478000
 470        50453.43601000
 471        50675.18583000
 472        50897.50082000
 473        51120.78614000
 474        51344.63569000
 475        51569.46209000
 476        51794.85664000
 477        52020.81997000
 478        52247.76867000
 479        52475.71219000
 480        52704.23171000
 481        52933.32302000
 482        53163.42261000
 483        53394.09794000
 484        53625.34475000
 485        53857.60846000
 486        54090.88886000
 487        54324.31520000
 488        54559.19144000
 489        54794.66512000
 490        55030.72216000
 491        55267.37305000
 492        55505.05796000
 493        55743.76681000
 494        55983.08180000
 495        56222.98878000
 496        56463.94818000
 497        56705.49860000
 498        56948.10325000
 499        57191.32283000
 500        57435.13314000
 501        57680.00644000
 502        57925.49444000
 503        58172.04225000
 504        58419.19381000
 505        58667.42697000
 506        58916.27296000
 507        59166.19735000
 508        59416.28235000
 509        59667.90245000
 510        59920.15357000
 511        60173.03139000
 512        60426.53657000
 513        60681.12782000
 514        60936.82516000
 515        61193.15235000
 516        61450.11004000
 517        61708.17263000
 518        61966.88004000
 519        62226.69924000
 520        62487.15723000
 521        62748.25469000
 522        63010.47292000
 523        63273.82190000
 524        63537.33971000
 525        63802.46697000
 526        64067.76961000
 527        64334.19871000
 528        64601.77461000
 529        64870.00666000
 530        65138.89039000
 531        65408.93520000
 532        65679.63070000
 533        65950.99833000
 534        66223.51542000
 535        66497.19729000
 536        66771.55384000
 537        67046.57016000
 538        67322.77087000
 539        67599.64601000
 540        67877.18584000
 541        68155.91405000
 542        68435.81985000
 543        68716.41386000
 544        68997.69154000
 545        69280.15602000
 546        69563.31899000
 547        69847.16008000
 548        70132.20249000
 549        70418.46181000
 550        70704.89228000
 551        70992.53336000
 552        71281.39005000
 553        71570.95365000
 554        71861.74004000
 555        72153.22701000
 556        72445.41526000
 557        72738.83565000
 558        73032.96702000
 559        73327.80474000
 560        73623.88399000
 561        73921.20441000
 562        74218.70719000
 563        74517.99966000
 564        74817.47598000
 565        75118.75757000
 566        75420.20826000
 567        75722.92981000
 568        76026.37047000
 569        76331.08383000
 570        76636.52611000
 571        76943.24842000
 572        77250.70405000
 573        77558.89372000
 574        77868.37845000
 575        78178.59618000
 576        78490.10533000
 577        78802.35186000
 578        79115.91919000
 579        79430.21731000
 580        79745.26907000
 581        80061.62364000
 582        80378.74182000
 583        80697.17019000
 584        81016.35003000
 585        81336.29320000
 586        81657.55615000
 587        81979.58692000
 588        82302.94489000
 589        82627.06399000
 590        82952.54009000
 591        83278.77062000
 592        83605.77878000
 593        83934.13123000
 594        84263.26019000
 595        84593.74654000
 596        84925.01394000
 597        85257.04622000
 598        85590.46260000
 599        85924.65968000
 600        86260.22007000
 601        86596.57705000
 602        86934.30483000
 603        87272.83946000
 604        87612.15898000
 605        87952.85905000
 606        88294.37141000
 607        88637.28334000
 608        88980.99499000
 609        89325.48989000
 610        89671.40570000
 611        90018.12659000
 612        90366.25875000
 613        90715.19478000
 614        91065.56125000
 615        91416.74198000
 616        91768.73775000
 617        92122.16817000
 618        92476.40078000
 619        92832.08730000
 620        93188.59811000
 621        93545.92821000
 622        93904.71055000
 623        94264.31679000
 624        94625.38298000
 625        94987.28357000
 626        95350.01349000
 627        95714.21341000
 628        96079.88283000
 629        96445.75303000
 630        96813.74188000
 631        97181.93313000
 632        97551.61219000
 633        97922.77854000
 634        98294.16009000
 635        98667.67393000
 636        99041.39267000
 637        99416.61715000
 638        99793.34084000
 639       100170.92871000
 640       100549.38763000
 641       100929.34991000
 642       101310.17591000
 643       101692.52507000
 644       102075.75479000
 645       102459.84173000
 646       102845.47415000
 647       103231.98061000
 648       103620.01620000
 649       104008.94271000
 650       104398.74888000
 651       104790.10655000
 652       105182.33642000
 653       105576.12565000
 654       105970.82854000
 655       106367.07424000
 656       106764.21391000
 657       107162.26066000
 658       107561.87273000
 659       107962.38441000
 660       108363.80886000
 661       108766.80898000
 662       109171.40262000
 663       109576.90551000
 664       109983.30607000
 665       110391.32300000
 666       110800.24240000
 667       111210.07757000
 668       111621.52711000
 669       112034.59657000
 670       112447.88979000
 671       112862.79528000
 672       113279.33116000
 673       113696.79741000
 674       114115.19487000
 675       114535.22064000
 676       114956.18249000
 677       115378.78063000
 678       115802.33244000
 679       116227.54132000
 680       116653.67069000
 681       117080.75954000
 682       117509.50326000
 683       117939.19868000
 684       118369.85943000
 685       118802.16003000
 686       119236.15727000
 687       119670.37526000
 688       120107.03735000
 689       120543.90907000
 690       120982.45199000
 691       121422.71045000
 692       121863.94125000
 693       122306.14531000
 694       122750.02384000
 695       123194.90649000
 696       123640.75528000
 697       124088.30205000
 698       124537.59161000
 699       124987.10898000
 700       125439.11007000
 701       125891.35381000
 702       126345.31436000
 703       126801.02367000
 704       127256.97666000
 705       127715.42735000
 706       128174.12350000
 707       128635.31562000
 708       129096.75496000
 709       129559.96469000
 710       130024.17210000
 711       130490.15824000
 712       130957.14710000
 713       131425.90967000
 714       131895.67998000
 715       132366.48565000
 716       132839.06248000
 717       133312.66639000
 718       133788.06314000
 719       134264.49209000
 720       134742.70878000
 721       135221.96274000
 722       135702.25488000
 723       136184.34561000
 724       136667.47962000
 725       137152.43410000
 726       137638.42342000
 727       138125.46208000
 728       138614.31853000
 729       139104.22943000
 730       139595.99379000
 731       140088.79046000
 732       140582.63396000
 733       141078.34194000
 734       141575.90658000
 735       142073.72109000
 736       142574.20539000
 737       143074.95516000
 738       143577.57519000
 739       144082.07138000
 740       144587.64886000
 741       145094.25304000
 742       145602.78608000
 743       146112.36479000
 744       146623.04570000
 745       147135.61101000
 746       147649.26987000
 747       148164.83559000
 748       148681.48607000
 749       149200.02389000
 750       149719.69377000
 751       150241.24541000
 752       150763.11379000
 753       151287.69136000
 754       151812.57353000
 755       152340.21915000
 756       152868.11470000
 757       153397.98495000
 758       153929.77915000
 759       154461.85274000
 760       154996.70365000
 761       155531.86444000
 762       156068.96285000
 763       156608.04780000
 764       157148.22726000
 765       157689.57394000
 766       158232.86101000
 767       158777.29188000
 768       159323.71491000
 769       159871.27268000
 770       160419.95158000
 771       160970.66300000
 772       161522.47186000
 773       162076.32197000
 774       162631.30379000
 775       163188.30654000
 776       163745.55619000
 777       164305.76772000
 778       164867.06298000
 779       165429.57470000
 780       165994.08351000
 781       166559.77016000
 782       167126.63572000
 783       167695.50960000
 784       168265.59727000
 785       168837.68715000
 786       169410.99629000
 787       169986.33107000
 788       170562.86091000
 789       171140.55703000
 790       171720.34970000
 791       172302.21524000
 792       172884.36883000
 793       173468.60062000
 794       174054.94675000
 795       174642.46023000
 796       175231.18705000
 797       175822.00974000
 798       176414.03619000
 799       177008.16732000
 800       177603.50763000
 801       178200.96148000
 802       178799.64508000
 803       179399.51390000
 804       180001.56870000
 805       180604.76841000
 806       181210.16312000
 807       181816.73852000
 808       182424.57195000
 809       183034.53572000
 810       183646.66666000
 811       184259.11444000
 812       184874.61108000
 813       185490.45732000
 814       186108.42350000
 815       186728.62389000
 816       187350.04278000
 817       187972.71208000
 818       188597.54999000
 819       189223.67488000
 820       189851.94619000
 821       190481.52568000
 822       191112.30515000
 823       191745.35199000
 824       192379.63553000
 825       193016.13294000
 826       193653.88813000
 827       194293.91342000
 828       194935.17055000
 829       195577.70771000
 830       196222.47961000
 831       196868.55294000
 832       197516.82252000
 833       198166.43087000
 834       198818.26029000
 835       199471.41833000
 836       200125.84235000
 837       200782.51512000
 838       201441.50687000
 839       202100.74118000
 840       202763.31937000
 841       203426.15800000
 842       204091.33055000
 843       204758.77915000
 844       205427.53186000
 845       206097.58965000
 846       206769.98383000
 847       207443.65633000
 848       208118.67296000
 849       208795.97309000
 850       209475.66065000
 851       210156.62132000
 852       210838.95381000
 853       211523.58808000
 854       212209.55084000
 855       212897.87355000
 856       213587.54688000
 857       214278.53895000
 858       214971.91960000
 859       215667.62941000
 860       216363.67808000
 861       217063.11934000
 862       217762.90159000
 863       218465.07745000
 864       219169.60360000
 865       219875.53742000
 866       220582.78018000
 867       221292.45184000
 868       222003.47134000
 869       222716.89570000
 870       223431.69024000
 871       224147.88957000
 872       224866.47236000
 873       225587.51237000
 874       226309.90031000
 875       227033.70461000
 876       227759.92780000
 877       228487.55627000
 878       229216.54027000
 879       229948.02316000
 880       230681.92662000
 881       231417.24694000
 882       232153.95109000
 883       232893.13909000
 884       233633.71663000
 885       234376.80461000
 886       235121.27073000
 887       235867.15025000
 888       236615.50106000
 889       237366.39857000
 890       238117.64239000
 891       238872.41481000
 892       239627.58743000
 893       240386.33633000
 894       241145.45310000
 895       241907.03757000
 896       242671.18318000
 897       243435.66319000
 898       244203.78531000
 899       244973.32068000
 900       245744.34030000
 901       246516.77525000
 902       247291.79651000
 903       248069.34049000
 904       248848.38061000
 905       249628.82990000
 906       250411.90244000
 907       251196.38987000
 908       251983.49253000
 909       252772.03349000
 910       253563.19942000
 911       254355.82722000
 912       255149.95353000
 913       255946.62835000
 914       256745.96541000
 915       257545.61626000
 916       258349.04332000
 917       259152.82204000
 918       259959.20698000
 919       260768.24079000
 920       261578.77891000
 921       262390.82243000
 922       263205.45524000
 923       264022.79248000
 924       264840.45072000
 925       265661.94404000
 926       266483.76032000
 927       267308.31523000
 928       268135.46982000
 929       268964.18997000
 930       269794.40381000
 931       270627.32115000
 932       271461.73798000
 933       272298.92322000
 934       273137.55875000
 935       273978.93576000
 936       274821.82400000
 937       275667.44515000
 938       276514.62039000
 939       277363.35089000
 940       278214.77155000
 941       279067.77194000
 942       279923.47219000
 943       280780.79550000
 944       281640.82844000
 945       282502.39725000
 946       283366.74136000
 947       284232.66478000
 948       285100.14982000
 949       285970.38554000
 950       286842.20767000
 951       287716.82799000
 952       288593.02196000
 953       289471.94842000
 954       290352.51116000
 955       291235.87304000
 956       292120.82053000
 957       293007.33573000
 958       293896.70095000
 959       294787.65897000
 960       295681.41981000
 961       296576.76027000
 962       297475.00911000
 963       298374.78617000
 964       299277.42412000
 965       300181.67290000
 966       301088.81186000
 967       301997.50997000
 968       302907.88397000
 969       303821.10337000
 970       304735.96628000
 971       305653.68451000
 972       306573.05238000
 973       307495.28551000
 974       308419.11594000
 975       309344.68124000
 976       310273.06624000
 977       311204.37545000
 978       312137.33317000
 979       313071.96014000
 980       314009.44595000
 981       314948.68582000
 982       315890.75512000
 983       316834.52564000
 984       317781.23410000
 985       318729.63038000
 986       319680.89536000
 987       320633.93364000
 988       321588.58764000
 989       322546.26255000
 990       323505.53918000
 991       324467.82696000
 992       325433.07309000
 993       326398.73918000
 994       327367.38982000
 995       328339.01194000
 996       329312.29374000
 997       330288.65774000
 998       331266.68766000
 999       332246.42486000
1000       333229.17702000
1001       334214.89046000
1002       335201.13356000
1003       336191.57538000
1004       337183.84358000
1005       338177.77668000
1006       339173.49804000
1007       340173.48644000
1008       341173.95093000
1009       342177.45382000
1010       343184.02272000
1011       344192.33627000
1012       345202.39563000
1013       346215.53440000
1014       347230.42526000
1015       348248.36445000
1016       349268.08263000
1017       350290.90073000
1018       351315.46268000
1019       352343.13486000
1020       353372.59875000
1021       354405.14151000
1022       355439.48232000
1023       356475.53881000
1024       357514.81290000
1025       358555.80887000
1026       359599.94912000
1027       360647.24088000
1028       361694.96625000
1029       362747.19289000
1030       363799.89771000
1031       364857.11824000
1032       365914.69238000
1033       366975.57220000
1034       368039.46810000
1035       369105.32903000
1036       370172.90114000
1037       371243.71522000
1038       372317.65047000
1039       373393.52165000
1040       374471.11613000
1041       375552.01654000
1042       376634.64627000
1043       377720.59261000
1044       378808.27436000
1045       379899.28341000
1046       380992.07714000
1047       382088.12245000
1048       383186.04524000
1049       384285.80341000
1050       385388.78341000
1051       386495.03592000
1052       387603.22243000
1053       388713.16984000
1054       389826.49087000
1055       390941.62271000
1056       392060.05134000
1057       393181.74022000
1058       394303.93759000
1059       395429.40161000
1060       396558.22761000
1061       397688.83903000
1062       398822.86719000
1063       399958.68695000
1064       401097.88995000
1065       402239.02376000
1066       403382.00081000
1067       404528.37521000
1068       405678.02078000
1069       406829.61016000
1070       407983.18939000
1071       409140.00860000
1072       410298.86909000
1073       411460.97979000
1074       412625.09362000
1075       413792.55792000
1076       414961.98710000
1077       416134.77725000
1078       417309.53889000
1079       418487.67208000
1080       419667.78338000
1081       420849.82873000
1082       422035.25934000
1083       423224.12805000
1084       424414.94250000
1085       425607.74958000
1086       426803.96310000
1087       428003.59036000
1088       429205.22216000
1089       430408.90583000
1090       431615.87933000
1091       432825.00332000
1092       434037.47352000
1093       435252.05525000
1094       436469.94732000
1095       437689.95769000
1096       438913.38135000
1097       440138.83755000
1098       441367.76391000
1099       442598.77608000
1100       443833.17603000
1101       445069.66851000
1102       446308.16151000
1103       447550.14938000
1104       448795.68630000
1105       450043.28269000
1106       451292.89283000
1107       452545.97218000
1108       453802.66941000
1109       455061.39239000
1110       456322.09491000
1111       457586.42973000
1112       458852.84556000
1113       460122.76246000
1114       461394.71946000
1115       462670.28321000
1116       463949.46132000
1117       465229.12184000
1118       466513.97536000
1119       467799.31369000
1120       469088.33195000
1121       470380.84592000
1122       471675.52260000
1123       472973.80172000
1124       474274.20245000
1125       475578.16817000
1126       476884.26218000
1127       478192.48586000
1128       479504.33708000
1129       480819.77470000
1130       482137.40281000
1131       483458.67679000
1132       484780.54641000
1133       486107.57512000
1134       487436.71058000
1135       488768.05191000
1136       490103.06433000
1137       491441.75527000
1138       492782.51727000
1139       494125.49910000
1140       495472.17379000
1141       496821.02610000
1142       498173.48334000
1143       499528.17439000
1144       500886.58011000
1145       502248.75768000
1146       503611.45024000
1147       504979.50619000
1148       506348.12928000
1149       507722.13114000
1150       509096.70282000
1151       510476.66859000
1152       511857.10650000
1153       513243.00393000
1154       514629.47623000
1155       516021.37342000
1156       517413.79770000
1157       518810.05635000
1158       520210.10662000
1159       521612.39672000
1160       523018.54018000
1161       524426.77840000
1162       525838.93177000
1163       527253.18637000
1164       528669.79780000
1165       530090.18654000
1166       531514.46222000
1167       532940.90337000
1168       534371.29387000
1169       535803.80530000
1170       537238.64406000
1171       538677.29294000
1172       540119.91396000
1173       541564.72062000
1174       543011.81743000
1175       544462.74630000
1176       545917.56651000
1177       547374.68941000
1178       548834.11641000
1179       550297.44959000
1180       551764.69661000
1181       553234.20832000
1182       554706.03828000
1183       556181.69210000
1184       557661.38664000
1185       559143.35973000
1186       560627.66522000
1187       562115.92167000
1188       563608.13672000
1189       565102.64420000
1190       566599.44546000
1191       568100.22000000
1192       569603.29515000
1193       571110.40775000
1194       572621.51271000
1195       574134.98412000
1196       575650.71699000
1197       577170.51019000
1198       578694.26487000
1199       580220.45364000
1200       581748.91758000
1201       583281.35750000
1202       584816.24015000
1203       586355.16381000
1204       587898.08237000
1205       589443.45692000
1206       590991.12712000
1207       592542.91494000
1208       594097.00531000
1209       595655.27888000
1210       597217.58113000
1211       598782.25267000
1212       600349.24042000
1213       601920.43458000
1214       603495.78892000
1215       605073.41754000
1216       606653.54021000
1217       608237.67387000
1218       609824.30888000
1219       611415.02090000
1220       613009.98257000
1221       614607.23883000
1222       616207.01127000
1223       617810.82807000
1224       619418.91789000
1225       621029.37119000
1226       622642.29999000
1227       624259.35092000
1228       625880.58728000
1229       627504.31211000
1230       629130.52706000
1231       630760.83098000
1232       632395.45502000
1233       634032.47033000
1234       635671.99022000
1235       637315.73373000
1236       638963.70871000
1237       640614.14515000
1238       642268.82461000
1239       643925.97271000
1240       645585.64724000
1241       647249.58002000
1242       648917.72226000
1243       650588.40409000
1244       652263.36365000
1245       653940.81330000
1246       655622.55223000
1247       657306.78841000
1248       658993.52330000
1249       660686.42407000
1250       662379.97139000
1251       664077.89204000
1252       665780.07931000
1253       667484.84292000
1254       669193.88463000
1255       670905.56767000
1256       672621.48261000
1257       674340.04639000
1258       676062.85346000
1259       677788.31688000
1260       679518.03484000
1261       681252.24749000
1262       682987.12270000
1263       684728.27719000
1264       686471.93429000
1265       688218.21209000
1266       689968.89553000
1267       691722.14863000
1268       693479.81905000
1269       695241.91493000
1270       697006.59351000
1271       698773.79732000
1272       700545.55975000
1273       702321.65304000
1274       704100.46177000
1275       705881.81013000
1276       707667.68203000
1277       709457.90764000
1278       711250.86390000
1279       713046.37404000
1280       714848.30464000
1281       716650.92545000
1282       718458.10560000
1283       720269.73373000
1284       722084.05560000
1285       723902.83709000
1286       725724.31983000
1287       727550.27379000
1288       729378.93655000
1289       731212.20294000
1290       733048.06506000
1291       734888.42175000
1292       736731.50228000
1293       738579.14977000
1294       740431.37239000
1295       742286.27170000
1296       744143.78826000
1297       746006.01732000
1298       747870.80992000
1299       749740.26618000
1300       751614.33320000
1301       753491.09907000
1302       755372.42632000
1303       757256.58268000
1304       759143.32382000
1305       761034.88809000
1306       762930.91409000
1307       764829.72296000
1308       766733.12844000
1309       768639.38631000
1310       770550.19080000
1311       772463.79332000
1312       774382.01609000
1313       776303.04461000
1314       778228.70517000
1315       780159.19324000
1316       782092.31346000
1317       784028.25463000
1318       785968.91432000
1319       787912.34001000
1320       789860.43339000
1321       791813.32835000
1322       793769.00288000
1323       795729.36520000
1324       797692.57760000
1325       799658.51528000
1326       801631.25956000
1327       803604.69861000
1328       805585.15147000
1329       807566.17489000
1330       809554.10210000
1331       811542.72939000
1332       813538.27747000
1333       815536.52094000
1334       817537.65294000
1335       819543.60823000
1336       821554.39525000
1337       823568.08483000
1338       825584.54998000
1339       827605.79835000
1340       829631.96713000
1341       831660.92474000
1342       833694.81512000
1343       835731.43697000
1344       837773.06863000
1345       839817.50407000
1346       841866.96203000
1347       843919.10115000
1348       845976.27518000
1349       848036.26788000
1350       850101.11207000
1351       852171.01235000
1352       854243.61375000
1353       856319.37652000
1354       858399.88382000
1355       860485.40661000
1356       862573.71055000
1357       864667.10824000
1358       866763.29441000
1359       868864.58697000
1360       870968.80784000
1361       873077.94909000
1362       875189.95981000
1363       877307.03575000
1364       879429.05245000
1365       881554.08540000
1366       883681.93607000
1367       885815.07737000
1368       887952.98333000
1369       890093.98817000
1370       892239.90328000
1371       894388.85815000
1372       896542.80237000
1373       898699.79437000
1374       900861.85537000
1375       903026.90462000
1376       905196.96776000
1377       907372.12067000
1378       909550.27573000
1379       911731.36656000
1380       913917.76725000
1381       916109.01078000
1382       918303.40796000
1383       920502.86402000
1384       922705.34538000
1385       924913.03465000
1386       927123.68873000
1387       929339.42617000
1388       931558.27304000
1389       933782.21562000
1390       936011.33099000
1391       938243.57023000
1392       940478.86619000
1393       942721.34446000
1394       944964.82735000
1395       947213.44273000
1396       949467.40711000
1397       951726.38232000
1398       953986.43817000
1399       956253.72685000
1400       958524.17762000
1401       960797.65268000
1402       963076.51536000
1403       965360.56474000
1404       967647.58233000
1405       969939.93888000
1406       972235.34123000
1407       974536.23612000
1408       976839.97356000
1409       979149.14602000
1410       981463.48010000
1411       983781.02281000
1412       986101.77605000
1413       988427.70701000
1414       990758.96591000
1415       993093.37858000
1416       995433.20302000
1417       997776.11817000
1418      1000124.31522000
1419      1002475.75327000
1420      1004832.41422000
1421      1007194.66442000
1422      1009559.88377000
1423      1011928.36029000
1424      1014302.08425000
1425      1016681.35183000
1426      1019063.74724000
1427      1021451.62746000
1428      1023842.49877000
1429      1026238.93977000
1430      1028640.88733000
1431      1031045.83967000
1432      1033454.08814000
1433      1035869.93993000
1434      1038286.94598000
1435      1040709.19697000
1436      1043137.06590000
1437      1045570.19660000
1438      1048004.48857000
1439      1050446.50910000
1440      1052891.71681000
1441      1055342.35748000
1442      1057796.33996000
1443      1060253.59256000
1444      1062718.62000000
1445      1065184.45503000
1446      1067658.22981000
1447      1070135.36957000
1448      1072615.65390000
1449      1075101.42153000
1450      1077592.82976000
1451      1080087.54496000
1452      1082587.83943000
1453      1085091.29998000
1454      1087600.42702000
1455      1090112.87726000
1456      1092630.85761000
1457      1095152.24403000
1458      1097679.02327000
1459      1100211.72942000
1460      1102747.48074000
1461      1105288.94670000
1462      1107833.69094000
1463      1110384.31413000
1464      1112940.29650000
1465      1115499.72274000
1466      1118062.44321000
1467      1120630.99362000
1468      1123205.00339000
1469      1125782.47363000
1470      1128365.72016000
1471      1130952.20711000
1472      1133544.40700000
1473      1136142.32876000
1474      1138743.65794000
1475      1141348.24290000
1476      1143961.12508000
1477      1146574.79162000
1478      1149196.69675000
1479      1151821.95511000
1480      1154450.72245000
1481      1157085.18664000
1482      1159725.35636000
1483      1162369.05003000
1484      1165016.03705000
1485      1167671.25144000
1486      1170329.77176000
1487      1172991.98835000
1488      1175659.71560000
1489      1178333.42935000
1490      1181010.46483000
1491      1183691.13587000
1492      1186379.94391000
1493      1189069.71837000
1494      1191767.72549000
1495      1194469.54769000
1496      1197174.47946000
1497      1199885.29415000
1498      1202601.92205000
1499      1205322.46187000
1500      1208048.51223000
1501      1210780.39756000
1502      1213513.58201000
1503      1216255.16228000
1504      1218999.96530000
1505      1221750.70867000
1506      1224505.15980000
1507      1227265.56486000
1508      1230029.36736000
1509      1232799.21676000
1510      1235575.04240000
1511      1238354.19952000
1512      1241139.50612000
1513      1243928.23238000
1514      1246723.12185000
1515      1249521.43894000
1516      1252325.69098000
1517      1255135.88677000
1518      1257950.09020000
1519      1260767.49463000
1520      1263593.29517000
1521      1266420.27622000
1522      1269256.07763000
1523      1272095.09959000
1524      1274940.19487000
1525      1277789.08826000
1526      1280641.61877000
1527      1283502.36596000
1528      1286367.00855000
1529      1289235.05738000
1530      1292109.46566000
1531      1294989.83253000
1532      1297873.70193000
1533      1300763.70695000
1534      1303657.71713000
1535      1306557.46428000
1536      1309463.28695000
1537      1312373.21359000
1538      1315286.41881000
1539      1318208.28166000
1540      1321131.44865000
1541      1324063.37520000
1542      1326998.68301000
1543      1329937.87310000
1544      1332885.60248000
1545      1335834.73135000
1546      1338792.50128000
1547      1341753.75770000
1548      1344718.83714000
1549      1347690.41636000
1550      1350667.83268000
1551      1353649.08755000
1552      1356636.61287000
1553      1359627.98581000
1554      1362625.38942000
1555      1365629.25522000
1556      1368636.64545000
1557      1371650.51171000
1558      1374668.16514000
1559      1377691.88386000
1560      1380721.84658000
1561      1383756.03729000
1562      1386793.60594000
1563      1389840.14840000
1564      1392888.05010000
1565      1395944.60215000
1566      1399005.06590000
1567      1402069.18584000
1568      1405142.41476000
1569      1408216.84294000
1570      1411299.96861000
1571      1414386.94378000
1572      1417478.20234000
1573      1420575.36264000
1574      1423678.95174000
1575      1426786.58110000
1576      1429900.65343000
1577      1433021.00431000
1578      1436145.06368000
1579      1439275.58835000
1580      1442410.44005000
1581      1445551.24788000
1582      1448695.86776000
1583      1451847.15521000
1584      1455005.03261000
1585      1458166.47466000
1586      1461334.60795000
1587      1464506.48925000
1588      1467685.16416000
1589      1470870.02580000
1590      1474058.73832000
1591      1477254.44500000
1592      1480453.56952000
1593      1483659.25990000
1594      1486871.61443000
1595      1490088.02131000
1596      1493310.84004000
1597      1496537.45293000
1598      1499770.66857000
1599      1503008.22185000
1600      1506254.66934000
1601      1509502.47484000
1602      1512759.37093000
1603      1516017.80781000
1604      1519285.35386000
1605      1522556.91189000
1606      1525834.95309000
1607      1529117.37517000
1608      1532406.11398000
1609      1535698.88220000
1610      1539000.81958000
1611      1542304.31916000
1612      1545617.18781000
1613      1548931.26042000
1614      1552254.72076000
1615      1555582.24200000
1616      1558916.31847000
1617      1562254.46438000
1618      1565599.54387000
1619      1568948.51942000
1620      1572304.07700000
1621      1575666.40876000
1622      1579033.01801000
1623      1582406.23229000
1624      1585786.06053000
1625      1589169.99841000
1626      1592560.93215000
1627      1595955.80045000
1628      1599357.30962000
1629      1602763.13104000
1630      1606175.79223000
1631      1609594.93195000
1632      1613018.40026000
1633      1616448.35993000
1634      1619885.74971000
1635      1623326.92684000
1636      1626774.80389000
1637      1630226.84867000
1638      1633685.98062000
1639      1637149.28981000
1640      1640621.87461000
1641      1644095.72419000
1642      1647579.80577000
1643      1651067.52368000
1644      1654559.81942000
1645      1658058.87914000
1646      1661564.71186000
1647      1665074.57308000
1648      1668591.40941000
1649      1672115.79878000
1650      1675643.66423000
1651      1679178.71817000
1652      1682720.59079000
1653      1686267.09319000
1654      1689817.46659000
1655      1693374.67642000
1656      1696939.11373000
1657      1700510.78891000
1658      1704086.35633000
1659      1707668.79263000
1660      1711255.51188000
1661      1714849.68978000
1662      1718447.77607000
1663      1722052.95115000
1664      1725665.03198000
1665      1729284.60670000
1666      1732907.91788000
1667      1736535.54595000
1668      1740170.49412000
1669      1743812.57893000
1670      1747461.81015000
1671      1751114.99360000
1672      1754772.90839000
1673      1758437.59898000
1674      1762109.26886000
1675      1765788.31775000
1676      1769471.73247000
1677      1773162.34580000
1678      1776856.94230000
1679      1780558.94718000
1680      1784265.33601000
1681      1787981.59637000
1682      1791699.21415000
1683      1795426.91887000
1684      1799159.42516000
1685      1802898.59997000
1686      1806642.58613000
1687      1810393.25351000
1688      1814148.94030000
1689      1817911.32146000
1690      1821681.00099000
1691      1825455.32071000
1692      1829236.95381000
1693      1833025.71075000
1694      1836818.72588000
1695      1840619.07794000
1696      1844424.09690000
1697      1848236.26747000
1698      1852055.59887000
1699      1855879.81492000
1700      1859710.80428000
1701      1863549.17865000
1702      1867392.05228000
1703      1871242.52731000
1704      1875097.30948000
1705      1878959.30372000
1706      1882828.72170000
1707      1886702.86736000
1708      1890584.24897000
1709      1894472.67262000
1710      1898366.04390000
1711      1902263.75541000
1712      1906171.65217000
1713      1910084.10656000
1714      1914000.91636000
1715      1917928.76063000
1716      1921860.36104000
1717      1925796.74216000
1718      1929740.43376000
1719      1933692.26723000
1720      1937647.87160000
1721      1941611.22155000
1722      1945581.91531000
1723      1949557.63098000
1724      1953540.29181000
1725      1957530.73350000
1726      1961525.80106000
1727      1965528.04294000
1728      1969535.12697000
1729      1973549.60659000
1730      1977572.11557000
1731      1981598.65181000
1732      1985633.02409000
1733      1989671.84852000
1734      1993721.50390000
1735      1997772.43424000
1736      2001834.21567000
1737      2005900.26243000
1738      2009971.62557000
1739      2014052.82281000
1740      2018139.14172000
1741      2022229.74279000
1742      2026328.47153000
1743      2030434.49440000
1744      2034548.24308000
1745      2038666.50731000
1746      2042792.72379000
1747      2046923.46498000
1748      2051061.74888000
1749      2055208.01035000
1750      2059359.02541000
1751      2063517.60754000
1752      2067680.73901000
1753      2071852.09215000
1754      2076030.60888000
1755      2080216.93971000
1756      2084408.05701000
1757      2088604.39235000
1758      2092810.74602000
1759      2097022.33273000
1760      2101238.29453000
1761      2105465.81249000
1762      2109694.23460000
1763      2113934.01808000
1764      2118178.19897000
1765      2122430.70622000
1766      2126687.40277000
1767      2130952.22412000
1768      2135224.74647000
1769      2139502.55982000
1770      2143787.65354000
1771      2148080.90807000
1772      2152378.59896000
1773      2156684.90300000
1774      2160998.30065000
1775      2165317.02546000
1776      2169643.29476000
1777      2173974.90200000
1778      2178314.06789000
1779      2182661.24136000
1780      2187013.33099000
1781      2191373.44338000
1782      2195741.14711000
1783      2200114.00451000
1784      2204494.90963000
1785      2208883.65115000
1786      2213277.12086000
1787      2217678.88488000
1788      2222085.38644000
1789      2226499.97543000
1790      2230922.43932000
1791      2235353.01075000
1792      2239788.56618000
1793      2244229.10788000
1794      2248680.46883000
1795      2253137.05441000
1796      2257598.64329000
1797      2262071.53228000
1798      2266548.76529000
1799      2271031.46786000
1800      2275522.34840000
1801      2280021.19164000
1802      2284527.78131000
1803      2289039.86731000
1804      2293559.94043000
1805      2298084.84146000
1806      2302617.97032000
1807      2307159.56452000
1808      2311705.54872000
1809      2316263.42036000
1810      2320822.74095000
1811      2325393.97077000
1812      2329969.84081000
1813      2334550.58050000
1814      2339142.80650000
1815      2343737.17909000
1816      2348342.82987000
1817      2352953.14451000
1818      2357572.01751000
1819      2362199.22989000
1820      2366831.58273000
1821      2371471.82894000
1822      2376117.45562000
1823      2380771.45205000
1824      2385433.59721000
1825      2390103.66900000
1826      2394779.37880000
1827      2399463.26197000
1828      2404152.32971000
1829      2408849.35251000
1830      2413555.03841000
1831      2418265.92622000
1832      2422985.26013000
1833      2427712.81681000
1834      2432445.35867000
1835      2437186.60596000
1836      2441935.86618000
1837      2446690.36250000
1838      2451453.59059000
1839      2456225.09098000
1840      2461001.37411000
1841      2465786.41486000
1842      2470576.71926000
1843      2475378.83331000
1844      2480182.24201000
1845      2484997.95376000
1846      2489818.95443000
1847      2494648.29163000
1848      2499482.92740000
1849      2504328.96448000
1850      2509177.50035000
1851      2514037.21906000
1852      2518902.73822000
1853      2523776.16560000
1854      2528655.64347000
1855      2533546.34827000
1856      2538439.33382000
1857      2543343.80493000
1858      2548254.35512000
1859      2553172.62018000
1860      2558096.73470000
1861      2563029.54134000
1862      2567970.32640000
1863      2572916.98011000
1864      2577871.62585000
1865      2582835.72529000
1866      2587804.50167000
1867      2592785.60106000
1868      2597768.29331000
1869      2602763.81646000
1870      2607763.79533000
1871      2612769.44832000
1872      2617787.23698000
1873      2622810.47227000
1874      2627842.26868000
1875      2632879.27660000
1876      2637925.10504000
1877      2642979.76469000
1878      2648039.89848000
1879      2653108.38736000
1880      2658185.97916000
1881      2663269.06286000
1882      2668360.77284000
1883      2673461.36608000
1884      2678566.97431000
1885      2683682.22342000
1886      2688805.39144000
1887      2693934.33398000
1888      2699072.20123000
1889      2704219.00390000
1890      2709370.85394000
1891      2714531.90350000
1892      2719702.16412000
1893      2724876.98933000
1894      2730061.29053000
1895      2735254.07883000
1896      2740456.36572000
1897      2745663.73989000
1898      2750876.70444000
1899      2756101.86199000
1900      2761332.87707000
1901      2766572.68036000
1902      2771817.59550000
1903      2777071.81770000
1904      2782335.10580000
1905      2787604.02817000
1906      2792881.52581000
1907      2798168.11512000
1908      2803460.86387000
1909      2808765.41252000
1910      2814072.17206000
1911      2819391.25925000
1912      2824716.53360000
1913      2830050.18763000
1914      2835389.78436000
1915      2840738.79737000
1916      2846096.21397000
1917      2851463.06798000
1918      2856835.12255000
1919      2862216.88760000
1920      2867603.86267000
1921      2873003.53749000
1922      2878405.46201000
1923      2883819.85000000
1924      2889239.98749000
1925      2894668.85795000
1926      2900107.50608000
1927      2905551.66325000
1928      2911004.83768000
1929      2916467.29913000
1930      2921935.02642000
1931      2927412.83663000
1932      2932899.17993000
1933      2938391.32667000
1934      2943892.54159000
1935      2949403.61893000
1936      2954919.99571000
1937      2960445.46646000
1938      2965980.30351000
1939      2971520.98045000
1940      2977071.03997000
1941      2982630.22994000
1942      2988198.82384000
1943      2993773.28406000
1944      2999356.37275000
1945      3004945.86519000
1946      3010544.52913000
1947      3016152.63950000
1948      3021770.20727000
1949      3027392.88197000
1950      3033025.82560000
1951      3038667.45626000
1952      3044315.27329000
1953      3049972.32384000
1954      3055638.88483000
1955      3061311.38495000
1956      3066992.87724000
1957      3072683.90625000
1958      3078381.16013000
1959      3084087.69953000
1960      3089803.53462000
1961      3095525.07635000
1962      3101260.33772000
1963      3106997.17861000
1964      3112747.49219000
1965      3118503.53794000
1966      3124269.47137000
1967      3130044.49294000
1968      3135825.26373000
1969      3141616.22053000
1970      3147416.56209000
1971      3153222.12783000
1972      3159037.90774000
1973      3164863.09800000
1974      3170694.34533000
1975      3176534.74558000
1976      3182385.12739000
1977      3188241.85821000
1978      3194110.86790000
1979      3199986.51597000
1980      3205867.70978000
1981      3211759.20422000
1982      3217659.91285000
1983      3223570.12019000
1984      3229486.44751000
1985      3235412.56469000
1986      3241348.48286000
1987      3247290.26397000
1988      3253245.26130000
1989      3259203.28847000
1990      3265173.72270000
1991      3271150.87633000
1992      3277137.60764000
1993      3283130.51500000
1994      3289136.70838000
1995      3295148.53663000
1996      3301167.39526000
1997      3307199.29624000
1998      3313237.12859000
1999      3319281.17388000
2000      3325338.57458000
2001      3331402.48474000
2002      3337476.06220000
2003      3343555.31777000
2004      3349648.82024000
2005      3355748.29797000
2006      3361853.18900000
2007      3367968.63412000
2008      3374093.79897000
2009      3380228.97666000
2010      3386374.17845000
2011      3392524.82412000
2012      3398686.35988000
2013      3404853.34881000
2014      3411030.67792000
2015      3417217.79028000
2016      3423414.98112000
2017      3429618.21799000
2018      3435831.26414000
2019      3442054.41571000
2020      3448284.48889000
2021      3454523.54017000
2022      3460773.01049000
2023      3467032.62512000
2024      3473298.32943000
2025      3479574.19433000
2026      3485859.65546000
2027      3492152.08763000
2028      3498454.42017000
2029      3504766.37479000
2030      3511084.74317000
2031      3517413.61620000
2032      3523752.13717000
2033      3530101.18549000
2034      3536455.80495000
2035      3542821.54923000
2036      3549196.97812000
2037      3555578.28507000
2038      3561970.16438000
2039      3568372.33658000
2040      3574780.69620000
2041      3581203.19276000
2042      3587631.59986000
2043      3594067.09036000
2044      3600512.03869000
2045      3606971.46710000
2046      3613433.57640000
2047      3619909.60142000
2048      3626392.16009000
2049      3632884.81112000
2050      3639384.00647000
2051      3645897.16660000
2052      3652416.29605000
2053      3658942.57991000
2054      3665483.16058000
2055      3672029.43194000
2056      3678586.45290000
2057      3685150.06461000
2058      3691727.72596000
2059      3698311.99458000
2060      3704902.27686000
2061      3711506.94184000
2062      3718118.83040000
2063      3724740.34295000
2064      3731368.49220000
2065      3738007.17812000
2066      3744656.41221000
2067      3751315.90561000
2068      3757981.46234000
2069      3764657.89506000
2070      3771345.21623000
2071      3778042.23190000
2072      3784746.24090000
2073      3791460.56297000
2074      3798185.51125000
2075      3804916.86816000
2076      3811658.86790000
2077      3818411.52203000
2078      3825174.53832000
2079      3831943.68537000
2080      3838723.81818000
2081      3845514.94924000
2082      3852311.92426000
2083      3859119.60888000
2084      3865938.32033000
2085      3872763.19778000
2086      3879603.07777000
2087      3886449.44579000
2088      3893301.68993000
2089      3900169.89505000
2090      3907043.68484000
2091      3913928.57062000
2092      3920823.94863000
2093      3927726.15915000
2094      3934639.18682000
2095      3941562.73414000
2096      3948492.51473000
2097      3955434.06884000
2098      3962385.86064000
2099      3969347.58950000
2100      3976316.81833000
2101      3983296.93217000
2102      3990287.32000000
2103      3997288.92654000
2104      4004297.12935000
2105      4011315.94439000
2106      4018345.69500000
2107      4025381.74707000
2108      4032429.69064000
2109      4039487.65890000
2110      4046556.28844000
2111      4053631.87250000
2112      4060719.07763000
2113      4067816.02842000
2114      4074920.26801000
2115      4082039.57172000
2116      4089165.55145000
2117      4096298.52526000
2118      4103445.96777000
2119      4110600.42064000
2120      4117766.57914000
2121      4124938.49134000
2122      4132122.12676000
2123      4139320.61199000
2124      4146521.75662000
2125      4153738.09135000
2126      4160961.16592000
2127      4168195.06115000
2128      4175440.74685000
2129      4182692.87198000
2130      4189955.52526000
2131      4197229.99908000
2132      4204515.34430000
2133      4211806.83253000
2134      4219110.17142000
2135      4226425.05279000
2136      4233745.77260000
2137      4241082.15976000
2138      4248425.04433000
2139      4255776.04348000
2140      4263141.45643000
2141      4270513.70809000
2142      4277897.57214000
2143      4285293.06141000
2144      4292694.43512000
2145      4300107.45050000
2146      4307531.79484000
2147      4314967.15417000
2148      4322409.72440000
2149      4329863.32609000
2150      4337327.64328000
2151      4344800.17165000
2152      4352283.43267000
2153      4359777.43624000
2154      4367283.17675000
2155      4374800.66706000
2156      4382324.11109000
2157      4389859.32145000
2158      4397402.46963000
2159      4404959.92949000
2160      4412525.01491000
2161      4420101.24873000
2162      4427688.97270000
2163      4435283.68182000
2164      4442889.89832000
2165      4450506.97054000
2166      4458132.37431000
2167      4465772.51633000
2168      4473419.67867000
2169      4481078.40014000
2170      4488745.15291000
2171      4496421.81516000
2172      4504110.73270000
2173      4511811.25059000
2174      4519523.04601000
2175      4527241.90831000
2176      4534972.39958000
2177      4542713.86023000
2178      4550463.75024000
2179      4558224.29051000
2180      4565996.16362000
2181      4573779.71768000
2182      4581571.39704000
2183      4589377.67115000
2184      4597187.50183000
2185      4605013.63898000
2186      4612850.15595000
2187      4620694.49886000
2188      4628550.59290000
2189      4636414.18648000
2190      4644293.47574000
2191      4652179.94145000
2192      4660077.85829000
2193      4667983.98517000
2194      4675905.51844000
2195      4683833.57197000
2196      4691774.14139000
2197      4699722.61060000
2198      4707686.19358000
2199      4715657.35060000
2200      4723636.08473000
2201      4731630.65460000
2202      4739632.81906000
2203      4747651.19271000
2204      4755671.83563000
2205      4763709.74566000
2206      4771754.58946000
2207      4779810.68588000
2208      4787878.73754000
2209      4795959.44982000
2210      4804046.77522000
2211      4812146.08555000
2212      4820257.74060000
2213      4828380.36159000
2214      4836511.01196000
2215      4844653.34046000
2216      4852807.70724000
2217      4860973.77510000
2218      4869147.55383000
2219      4877332.35046000
2220      4885530.62685000
2221      4893735.58398000
2222      4901956.65038000
2223      4910185.11387000
2224      4918426.40111000
2225      4926674.74560000
2226      4934938.89899000
2227      4943211.18228000
2228      4951496.33417000
2229      4959787.50998000
2230      4968095.60565000
2231      4976411.50840000
2232      4984739.61487000
2233      4993079.58240000
2234      5001427.02260000
2235      5009786.34018000
2236      5018158.61418000
2237      5026542.43379000
2238      5034933.04077000
2239      5043337.34885000
2240      5051752.87312000
2241      5060179.98039000
2242      5068620.11300000
2243      5077068.14158000
2244      5085527.78182000
2245      5093999.04391000
2246      5102478.93970000
2247      5110971.19402000
2248      5119474.37861000
2249      5127990.66453000
2250      5136518.98366000
2251      5145055.25710000
2252      5153603.58088000
2253      5162163.96628000
2254      5170736.42456000
2255      5179317.59127000
2256      5187910.48646000
2257      5196514.75707000
2258      5205132.23059000
2259      5213758.08168000
2260      5222395.70032000
2261      5231045.09674000
2262      5239707.37645000
2263      5248378.06483000
2264      5257064.31939000
2265      5265758.99984000
2266      5274462.11043000
2267      5283181.18860000
2268      5291908.34765000
2269      5300648.09720000
2270      5309400.44968000
2271      5318165.04919000
2272      5326937.39145000
2273      5335722.36631000
2274      5344519.61681000
2275      5353329.52404000
2276      5362147.57251000
2277      5370977.18513000
2278      5379820.59586000
2279      5388675.96462000
2280      5397538.38999000
2281      5406418.81787000
2282      5415307.80717000
2283      5424203.12667000
2284      5433116.48986000
2285      5442038.06281000
2286      5450972.78110000
2287      5459918.41411000
2288      5468877.58965000
2289      5477845.00496000
2290      5486824.48406000
2291      5495817.16370000
2292      5504822.30579000
2293      5513839.92174000
2294      5522865.43968000
2295      5531904.20202000
2296      5540955.09051000
2297      5550014.27822000
2298      5559090.95974000
2299      5568175.58100000
2300      5577271.98854000
2301      5586378.24040000
2302      5595500.90402000
2303      5604631.15554000
2304      5613775.13104000
2305      5622932.08416000
2306      5632096.64520000
2307      5641278.06225000
2308      5650468.24677000
2309      5659671.83283000
2310      5668882.67177000
2311      5678111.18362000
2312      5687348.11230000
2313      5696598.48669000
2314      5705860.40120000
2315      5715131.13687000
2316      5724414.96490000
2317      5733716.16742000
2318      5743021.17783000
2319      5752343.58651000
2320      5761674.47275000
2321      5771022.78726000
2322      5780379.21086000
2323      5789744.13293000
2324      5799126.52171000
2325      5808517.42730000
2326      5817921.14720000
2327      5827337.30431000
2328      5836767.85416000
2329      5846206.17403000
2330      5855657.34968000
2331      5865120.61240000
2332      5874598.70508000
2333      5884088.90872000
2334      5893586.91656000
2335      5903099.00667000
2336      5912624.40999000
2337      5922161.56976000
2338      5931708.13085000
2339      5941272.36536000
2340      5950845.62912000
2341      5960425.95732000
2342      5970025.17883000
2343      5979632.66332000
2344      5989257.89013000
2345      5998891.79226000
2346      6008533.97736000
2347      6018194.73573000
2348      6027862.60611000
2349      6037544.72271000
2350      6047239.90883000
2351      6056948.17611000
2352      6066665.17064000
2353      6076400.03079000
2354      6086143.63673000
2355      6095895.59273000
2356      6105665.85270000
2357      6115444.48053000
2358      6125240.24270000
2359      6135046.39142000
2360      6144860.12760000
2361      6154692.23890000
2362      6164531.95247000
2363      6174386.88134000
2364      6184254.22523000
2365      6194134.39645000
2366      6204028.61541000
2367      6213932.08550000
2368      6223848.41288000
2369      6233777.20370000
2370      6243715.67138000
2371      6253673.06277000
2372      6263638.12643000
2373      6273616.09777000
2374      6283609.42533000
2375      6293614.87288000
2376      6303628.83112000
2377      6313656.95932000
2378      6323699.27151000
2379      6333754.14878000
2380      6343822.00919000
2381      6353899.64475000
2382      6363991.50961000
2383      6374095.15916000
2384      6384213.47170000
2385      6394340.36355000
2386      6404486.81062000
2387      6414640.21130000
2388      6424807.91019000
2389      6434989.50930000
2390      6445179.72606000
2391      6455388.74804000
2392      6465606.40571000
2393      6475838.00754000
2394      6486078.25679000
2395      6496337.36786000
2396      6506605.14441000
2397      6516886.49394000
2398      6527181.84383000
2399      6537490.79109000
2400      6547813.34757000
2401      6558145.02398000
2402      6568490.74483000
2403      6578850.10560000
2404      6589223.11813000
2405      6599605.28205000
2406      6610001.11586000
2407      6620415.98732000
2408      6630834.67947000
2409      6641272.01468000
2410      6651723.48823000
2411      6662183.74298000
2412      6672657.31297000
2413      6683146.31596000
2414      6693648.23769000
2415      6704159.39206000
2416      6714688.86822000
2417      6725228.86417000
2418      6735781.81849000
2419      6746349.01201000
2420      6756924.20719000
2421      6767514.93270000
2422      6778124.06490000
2423      6788741.22336000
2424      6799368.53678000
2425      6810015.57303000
2426      6820671.08192000
2427      6831339.63811000
2428      6842023.81507000
2429      6852721.49092000
2430      6863433.10452000
2431      6874153.22612000
2432      6884894.03415000
2433      6895643.36928000
2434      6906401.66241000
2435      6917178.10759000
2436      6927965.67916000
2437      6938771.43389000
2438      6949585.31990000
2439      6960414.96602000
2440      6971254.05084000
2441      6982111.80319000
2442      6992977.71396000
2443      7003859.00106000
2444      7014754.81270000
2445      7025664.72799000
2446      7036582.82889000
2447      7047520.98350000
2448      7058469.51610000
2449      7069431.32502000
2450      7080406.85594000
2451      7091392.35200000
2452      7102397.97865000
2453      7113412.28105000
2454      7124439.90944000
2455      7135483.50196000
2456      7146540.88303000
2457      7157606.96712000
2458      7168688.17290000
2459      7179789.61760000
2460      7190894.24695000
2461      7202018.25994000
2462      7213157.00674000
2463      7224306.26764000
2464      7235468.95894000
2465      7246645.53242000
2466      7257837.32651000
2467      7269044.35572000
2468      7280260.17284000
2469      7291489.47027000
2470      7302739.61655000
2471      7313994.76844000
2472      7325269.02002000
2473      7336556.79866000
2474      7347854.74610000
2475      7359168.46765000
2476      7370495.74613000
2477      7381836.59122000
2478      7393193.24962000
2479      7404560.12216000
2480      7415940.14300000
2481      7427335.56374000
2482      7438746.84802000
2483      7450171.76441000
2484      7461610.32258000
2485      7473059.59707000
2486      7484524.33308000
2487      7496002.74086000
2488      7507495.28162000
2489      7519003.77392000
2490      7530522.12631000
2491      7542055.09565000
2492      7553606.54384000
2493      7565168.78563000
2494      7576741.37322000
2495      7588333.38614000
2496      7599933.94605000
2497      7611555.77966000
2498      7623187.99983000
2499      7634834.01920000
2500      7646489.06889000
2501      7658164.99730000
2502      7669851.34579000
2503      7681551.99102000
2504      7693266.94398000
2505      7704997.59120000
2506      7716743.94739000
2507      7728498.93212000
2508      7740273.06740000
2509      7752059.52565000
2510      7763859.89958000
2511      7775675.12096000
2512      7787499.00518000
2513      7799344.87783000
2514      7811200.35586000
2515      7823070.72551000
2516      7834955.07286000
2517      7846856.18877000
2518      7858766.01340000
2519      7870696.99770000
2520      7882636.70708000
2521      7894593.23599000
2522      7906563.80806000
2523      7918549.36514000
2524      7930544.60644000
2525      7942562.03463000
2526      7954588.23390000
2527      7966629.46253000
2528      7978684.79655000
2529      7990757.99420000
2530      8002839.99092000
2531      8014941.45850000
2532      8027053.61750000
2533      8039181.81540000
2534      8051324.18440000
2535      8063482.61867000
2536      8075650.83781000
2537      8087839.55537000
2538      8100038.07596000
2539      8112252.70972000
2540      8124481.57874000
2541      8136726.58733000
2542      8148981.43045000
2543      8161257.80985000
2544      8173543.09385000
2545      8185844.56546000
2546      8198161.28808000
2547      8210493.27409000
2548      8222835.14438000
2549      8235197.69107000
2550      8247571.09517000
2551      8259959.80739000
2552      8272362.88347000
2553      8284783.20573000
2554      8297212.50548000
2555      8309663.53007000
2556      8322124.50875000
2557      8334599.90423000
2558      8347091.64989000
2559      8359599.76073000
2560      8372123.28827000
2561      8384655.84642000
2562      8397210.24052000
2563      8409775.61394000
2564      8422355.48204000
2565      8434949.85469000
2566      8447561.64770000
2567      8460184.45527000
2568      8472821.79903000
2569      8485479.14935000
2570      8498147.54262000
2571      8510833.42406000
2572      8523528.41946000
2573      8536243.47619000
2574      8548975.08815000
2575      8561717.79017000
2576      8574476.09371000
2577      8587248.05496000
2578      8600037.59731000
2579      8612838.26512000
2580      8625660.07636000
2581      8638491.07168000
2582      8651343.24031000
2583      8664206.57472000
2584      8677086.59010000
2585      8689975.81808000
2586      8702885.29183000
2587      8715807.93884000
2588      8728749.87731000
2589      8741703.03728000
2590      8754671.96431000
2591      8767657.66132000
2592      8780652.62458000
2593      8793669.91780000
2594      8806697.48699000
2595      8819740.88116000
2596      8832805.66255000
2597      8845876.19031000
2598      8858968.13219000
2599      8872074.95372000
2600      8885193.09841000
2601      8898332.70492000
2602      8911483.65665000
2603      8924649.52999000
2604      8937832.33844000
2605      8951031.09460000
2606      8964241.23177000
2607      8977470.91428000
2608      8990711.99639000
2609      9003970.07619000
2610      9017245.16897000
2611      9030534.26610000
2612      9043840.40146000
2613      9057156.97448000
2614      9070497.22796000
2615      9083846.92976000
2616      9097210.68357000
2617      9110593.56317000
2618      9123992.54666000
2619      9137401.00556000
2620      9150831.21462000
2621      9164273.96475000
2622      9177737.48285000
2623      9191211.52876000
2624      9204700.72836000
2625      9218209.17334000
2626      9231727.14975000
2627      9245265.96306000
2628      9258817.39046000
2629      9272384.02741000
2630      9285972.57156000
2631      9299572.73924000
2632      9313183.50915000
2633      9326816.22951000
2634      9340465.24694000
2635      9354124.89470000
2636      9367801.88857000
2637      9381495.21279000
2638      9395203.84799000
2639      9408929.87018000
2640      9422673.29479000
2641      9436433.10248000
2642      9450202.56745000
2643      9463988.43249000
2644      9477792.78534000
2645      9491613.56737000
2646      9505448.71275000
2647      9519301.34943000
2648      9533172.53399000
2649      9547053.43229000
2650      9560950.81690000
2651      9574869.38978000
2652      9588800.83254000
2653      9602748.80177000
2654      9616707.56719000
2655      9630687.57691000
2656      9644686.24642000
2657      9658694.69297000
2658      9672720.77344000
2659      9686762.40119000
2660      9700821.69030000
2661      9714897.60341000
2662      9728990.15333000
2663      9743093.57959000
2664      9757220.49392000
2665      9771358.30535000
2666      9785511.74250000
2667      9799683.99072000
2668      9813872.94969000
2669      9828076.51176000
2670      9842298.92892000
2671      9856532.29515000
2672      9870788.22040000
2673      9885054.04978000
2674      9899338.78814000
2675      9913640.32235000
2676      9927958.66529000
2677      9942293.82983000
2678      9956637.86797000
2679      9971007.77858000
2680      9985388.72072000
2681      9999785.45982000
2682     10014204.91553000
2683     10028637.57577000
2684     10043080.22665000
2685     10057545.63808000
2686     10072027.98228000
2687     10086522.49478000
2688     10101033.96097000
2689     10115567.17606000
2690     10130113.67048000
2691     10144676.07867000
2692     10159255.49227000
2693     10173847.13210000
2694     10188460.59287000
2695     10203087.38513000
2696     10217734.94577000
2697     10232395.86077000
2698     10247073.85580000
2699     10261768.94384000
2700     10276480.04891000
2701     10291202.36944000
2702     10305949.89984000
2703     10320708.66861000
2704     10335489.40944000
2705     10350281.40594000
2706     10365092.76860000
2707     10379920.22956000
2708     10394764.89544000
2709     10409626.77923000
2710     10424499.96179000
2711     10439397.41627000
2712     10454306.19062000
2713     10469232.23000000
2714     10484176.64950000
2715     10499136.15594000
2716     10514115.17250000
2717     10529111.50808000
2718     10544125.17570000
2719     10559149.11888000
2720     10574198.59310000
2721     10589258.36215000
2722     10604336.61824000
2723     10619432.26669000
2724     10634544.20905000
2725     10649675.79291000
2726     10664823.69681000
2727     10679983.05531000
2728     10695166.97340000
2729     10710362.36732000
2730     10725574.12296000
2731     10740805.60502000
2732     10756053.47496000
2733     10771318.86309000
2734     10786602.90350000
2735     10801903.36824000
2736     10817216.49265000
2737     10832554.33074000
2738     10847901.47914000
2739     10863268.46907000
2740     10878651.93919000
2741     10894055.28281000
2742     10909475.13287000
2743     10924911.49962000
2744     10940366.65445000
2745     10955834.56187000
2746     10971326.20500000
2747     10986829.49056000
2748     11002348.21440000
2749     11017888.06071000
2750     11033445.64233000
2751     11049019.83515000
2752     11064611.78767000
2753     11080216.57339000
2754     11095845.22256000
2755     11111485.58714000
2756     11127150.99048000
2757     11142826.98759000
2758     11158520.81855000
2759     11174233.64155000
2760     11189965.47269000
2761     11205714.03420000
2762     11221473.22660000
2763     11237257.57406000
2764     11253056.01954000
2765     11268876.20870000
2766     11284709.36754000
2767     11300559.32335000
2768     11316429.54759000
2769     11332317.74995000
2770     11348222.78800000
2771     11364140.84460000
2772     11380081.89870000
2773     11396042.14052000
2774     11412015.43517000
2775     11428005.62193000
2776     11444015.03416000
2777     11460041.36306000
2778     11476086.94590000
2779     11492151.79888000
2780     11508233.60737000
2781     11524332.38171000
2782     11540444.28838000
2783     11556582.86574000
2784     11572732.26427000
2785     11588899.84325000
2786     11605090.63711000
2787     11621295.79164000
2788     11637517.99522000
2789     11653753.40392000
2790     11670013.26090000
2791     11686290.20391000
2792     11702580.38457000
2793     11718896.24201000
2794     11735223.00441000
2795     11751570.43575000
2796     11767938.87658000
2797     11784321.79147000
2798     11800723.05699000
2799     11817137.63322000
2800     11833576.82266000
2801     11850032.03259000
2802     11866501.77096000
2803     11882996.17301000
2804     11899502.75311000
2805     11916035.22061000
2806     11932578.69691000
2807     11949140.63915000
2808     11965722.25373000
2809     11982322.36300000
2810     11998942.17536000
2811     12015570.64418000
2812     12032227.51041000
2813     12048895.44298000
2814     12065590.61766000
2815     12082295.67856000
2816     12099019.32100000
2817     12115762.76040000
2818     12132526.01317000
2819     12149307.89174000
2820     12166107.20454000
2821     12182925.16800000
2822     12199764.20955000
2823     12216614.40398000
2824     12233489.60856000
2825     12250377.19195000
2826     12267289.81936000
2827     12284216.05753000
2828     12301161.03754000
2829     12318124.77285000
2830     12335108.49196000
2831     12352108.56323000
2832     12369122.29325000
2833     12386163.61708000
2834     12403221.32948000
2835     12420292.73565000
2836     12437388.13137000
2837     12454498.46497000
2838     12471627.67228000
2839     12488774.54266000
2840     12505941.53685000
2841     12523126.21911000
2842     12540331.05422000
2843     12557556.05874000
2844     12574798.79087000
2845     12592055.32411000
2846     12609336.00386000
2847     12626629.27459000
2848     12643949.18833000
2849     12661282.94941000
2850     12678634.50826000
2851     12696006.34795000
2852     12713394.77316000
2853     12730805.98299000
2854     12748233.80341000
2855     12765681.96298000
2856     12783150.47833000
2857     12800630.44190000
2858     12818135.98287000
2859     12835655.47703000
2860     12853200.58481000
2861     12870758.42353000
2862     12888334.20562000
2863     12905930.43872000
2864     12923548.38910000
2865     12941183.07405000
2866     12958838.25595000
2867     12976510.19348000
2868     12994198.68462000
2869     13011911.68573000
2870     13029645.24442000
2871     13047390.37534000
2872     13065161.32031000
2873     13082946.37132000
2874     13100750.77371000
2875     13118574.54112000
2876     13136418.94914000
2877     13154281.48856000
2878     13172163.43395000
2879     13190064.79896000
2880     13207988.12940000
2881     13225923.12015000
2882     13243884.09373000
2883     13261863.27448000
2884     13279857.94940000
2885     13297872.12306000
2886     13315911.07813000
2887     13333965.56614000
2888     13352037.04730000
2889     13370129.35528000
2890     13388241.23046000
2891     13406375.24153000
2892     13424526.29430000
2893     13442696.95539000
2894     13460888.51913000
2895     13479094.42934000
2896     13497325.27999000
2897     13515569.21583000
2898     13533840.69205000
2899     13552123.99011000
2900     13570428.27448000
2901     13588758.86833000
2902     13607102.60049000
2903     13625467.36544000
2904     13643849.30682000
2905     13662252.30849000
2906     13680669.77546000
2907     13699114.94492000
2908     13717578.63486000
2909     13736060.85589000
2910     13754557.58734000
2911     13773082.09475000
2912     13791619.83988000
2913     13810177.46260000
2914     13828761.61694000
2915     13847357.73709000
2916     13865975.07781000
2917     13884612.35132000
2918     13903272.18306000
2919     13921949.36566000
2920     13940646.52247000
2921     13959364.97631000
2922     13978104.74418000
2923     13996856.54868000
2924     14015635.05343000
2925     14034432.29041000
2926     14053246.84464000
2927     14072080.15381000
2928     14090938.91850000
2929     14109812.40803000
2930     14128708.64439000
2931     14147627.75034000
2932     14166561.61523000
2933     14185516.95318000
2934     14204492.45843000
2935     14223488.14487000
2936     14242495.98301000
2937     14261532.06882000
2938     14280591.03164000
2939     14299667.57914000
2940     14318758.97383000
2941     14337877.36426000
2942     14357007.96409000
2943     14376166.92490000
2944     14395339.44717000
2945     14414534.95377000
2946     14433754.87645000
2947     14452987.05492000
2948     14472242.26377000
2949     14491517.84560000
2950     14510813.81437000
2951     14530132.86606000
2952     14549470.99475000
2953     14568826.86797000
2954     14588197.74339000
2955     14607597.19984000
2956     14627017.12904000
2957     14646450.75164000
2958     14665910.31610000
2959     14685387.64157000
2960     14704890.94615000
2961     14724406.63603000
2962     14743944.22825000
2963     14763509.20085000
2964     14783086.58672000
2965     14802685.92014000
2966     14822308.57560000
2967     14841950.49863000
2968     14861611.69996000
2969     14881293.55085000
2970     14900997.42691000
2971     14920721.98272000
2972     14940467.23232000
2973     14960226.33909000
2974     14980017.11259000
2975     14999816.30252000
2976     15019645.83064000
2977     15039496.12488000
2978     15059360.33071000
2979     15079245.32357000
2980     15099157.99325000
2981     15119083.23231000
2982     15139034.79713000
2983     15159004.46019000
2984     15179000.49600000
2985     15199011.89464000
2986     15219042.80185000
2987     15239095.98877000
2988     15259171.47276000
2989     15279266.50647000
2990     15299379.72286000
2991     15319518.04290000
2992     15339675.95163000
2993     15359856.23341000
2994     15380050.59166000
2995     15400272.88911000
2996     15420517.60743000
2997     15440779.21831000
2998     15461063.25904000
2999     15481364.21338000
3000     15501686.25000000
3001     15522036.33439000
3002     15542401.97831000
3003     15562785.95352000
3004     15583192.46428000
3005     15603631.29388000
3006     15624081.53284000
3007     15644552.95532000
3008     15665045.57547000
3009     15685558.00299000
3010     15706094.46545000
3011     15726643.77619000
3012     15747222.73291000
3013     15767825.77821000
3014     15788447.29285000
3015     15809088.69548000
3016     15829745.81595000
3017     15850431.26583000
3018     15871132.45917000
3019     15891862.01979000
3020     15912612.95277000
3021     15933378.24872000
3022     15954164.93821000
3023     15974980.06633000
3024     15995811.01040000
3025     16016661.97060000
3026     16037539.99954000
3027     16058435.30193000
3028     16079354.93684000
3029     16100293.21803000
3030     16121253.00887000
3031     16142235.75266000
3032     16163237.17650000
3033     16184261.58180000
3034     16205308.98620000
3035     16226377.97378000
3036     16247471.42818000
3037     16268583.62721000
3038     16289716.01532000
3039     16310871.47953000
3040     16332042.94497000
3041     16353241.73013000
3042     16374463.63989000
3043     16395700.14593000
3044     16416966.90952000
3045     16438253.95886000
3046     16459555.63648000
3047     16480887.62889000
3048     16502232.82494000
3049     16523601.24870000
3050     16544997.14576000
3051     16566412.07947000
3052     16587853.07191000
3053     16609308.76970000
3054     16630786.31973000
3055     16652284.28015000
3056     16673814.18469000
3057     16695358.83966000
3058     16716925.40655000
3059     16738516.82125000
3060     16760127.25736000
3061     16781758.18544000
3062     16803412.54481000
3063     16825090.35328000
3064     16846790.16218000
3065     16868511.98589000
3066     16890255.83881000
3067     16912021.73533000
3068     16933809.68984000
3069     16955613.99071000
3070     16977446.10191000
3071     16999301.78881000
3072     17021179.59362000
3073     17043069.36431000
3074     17064994.39813000
3075     17086938.63954000
3076     17108899.31296000
3077     17130887.91750000
3078     17152892.97790000
3079     17174924.51961000
3080     17196974.02359000
3081     17219053.01251000
3082     17241149.99450000
3083     17263273.52564000
3084     17285412.09711000
3085     17307578.73536000
3086     17329763.41682000
3087     17351970.43014000
3088     17374205.56349000
3089     17396457.28646000
3090     17418734.37758000
3091     17441036.64918000
3092     17463357.04508000
3093     17485698.36216000
3094     17508063.61358000
3095     17530449.81285000
3096     17552859.97779000
3097     17575298.41813000
3098     17597756.56976000
3099     17620234.22042000
3100     17642735.90179000
3101     17665258.61346000
3102     17687805.38724000
3103     17710371.70650000
3104     17732963.62965000
3105     17755581.17826000
3106     17778218.31363000
3107     17800879.59201000
3108     17823561.99664000
3109     17846259.71214000
3110     17868987.43941000
3111     17891737.85167000
3112     17914512.48560000
3113     17937312.88254000
3114     17960134.49081000
3115     17982969.95436000
3116     18005834.01479000
3117     18028722.37565000
3118     18051635.05508000
3119     18074563.15901000
3120     18097521.46209000
3121     18120505.66610000
3122     18143508.12345000
3123     18166527.58165000
3124     18189577.31222000
3125     18212644.07020000
3126     18235741.13953000
3127     18258859.59477000
3128     18281996.65472000
3129     18305162.54125000
3130     18328343.97485000
3131     18351557.35597000
3132     18374792.19266000
3133     18398044.15613000
3134     18421323.48395000
3135     18444621.50972000
3136     18467953.13352000
3137     18491297.28498000
3138     18514671.97037000
3139     18538062.30386000
3140     18561474.19333000
3141     18584919.78225000
3142     18608379.49701000
3143     18631871.39641000
3144     18655382.12109000
3145     18678920.39333000
3146     18702474.39294000
3147     18726050.04544000
3148     18749659.54534000
3149     18773283.24208000
3150     18796939.26313000
3151     18820611.06897000
3152     18844309.30627000
3153     18868032.08039000
3154     18891773.81141000
3155     18915540.45216000
3156     18939336.39126000
3157     18963149.75682000
3158     18986984.92894000
3159     19010854.18256000
3160     19034736.16680000
3161     19058643.15651000
3162     19082582.71127000
3163     19106536.60532000
3164     19130513.97123000
3165     19154516.40893000
3166     19178546.73386000
3167     19202599.37046000
3168     19226672.36777000
3169     19250776.48056000
3170     19274896.59283000
3171     19299040.28292000
3172     19323205.97204000
3173     19347404.44315000
3174     19371620.55409000
3175     19395863.49900000
3176     19420134.49954000
3177     19444421.57959000
3178     19468729.14187000
3179     19493063.60229000
3180     19517430.98795000
3181     19541812.89545000
3182     19566223.36351000
3183     19590654.38316000
3184     19615115.19333000
3185     19639592.17192000
3186     19664094.56389000
3187     19688628.41035000
3188     19713178.46107000
3189     19737753.97586000
3190     19762354.97329000
3191     19786984.27114000
3192     19811629.81780000
3193     19836300.89298000
3194     19861003.55546000
3195     19885722.50267000
3196     19910467.02920000
3197     19935241.57737000
3198     19960034.06904000
3199     19984850.56439000
3200     20009689.45060000
3201     20034561.68367000
3202     20059450.28211000
3203     20084370.63826000
3204     20109305.74948000
3205     20134266.58539000
3206     20159264.14042000
3207     20184273.21511000
3208     20209308.06547000
3209     20234374.78818000
3210     20259457.96828000
3211     20284569.77558000
3212     20309702.98531000
3213     20334862.05665000
3214     20360049.80889000
3215     20385255.72084000
3216     20410491.99122000
3217     20435744.79752000
3218     20461029.64474000
3219     20486332.70154000
3220     20511667.83925000
3221     20537024.52131000
3222     20562408.36453000
3223     20587810.46975000
3224     20613241.41866000
3225     20638690.65207000
3226     20664173.73892000
3227     20689673.47913000
3228     20715205.45298000
3229     20740765.22199000
3230     20766336.68856000
3231     20791942.10879000
3232     20817573.70945000
3233     20843220.36499000
3234     20868901.03691000
3235     20894606.26954000
3236     20920331.60424000
3237     20946084.32864000
3238     20971863.33132000
3239     20997666.95500000
3240     21023487.38123000
3241     21049341.96700000
3242     21075221.22152000
3243     21101121.79763000
3244     21127053.79720000
3245     21152999.29615000
3246     21178977.37288000
3247     21204980.19385000
3248     21231007.77419000
3249     21257061.81768000
3250     21283137.27342000
3251     21309240.91374000
3252     21335371.06887000
3253     21361524.37032000
3254     21387702.52439000
3255     21413907.24247000
3256     21440135.14849000
3257     21466386.25380000
3258     21492663.96982000
3259     21518968.31550000
3260     21545299.30979000
3261     21571653.56400000
3262     21598040.71133000
3263     21624444.93727000
3264     21650872.46230000
3265     21677326.71560000
3266     21703815.64806000
3267     21730323.41865000
3268     21756854.54909000
3269     21783416.99403000
3270     21809996.59734000
3271     21836603.03022000
3272     21863242.54859000
3273     21889899.26210000
3274     21916589.09911000
3275     21943301.31896000
3276     21970041.53932000
3277     21996797.27632000
3278     22023589.66128000
3279     22050399.31247000
3280     22077242.20390000
3281     22104110.37333000
3282     22130995.84332000
3283     22157919.80623000
3284     22184860.43494000
3285     22211823.59667000
3286     22238820.11553000
3287     22265840.26953000
3288     22292887.54660000
3289     22319960.22632000
3290     22347061.80564000
3291     22374175.57001000
3292     22401324.54687000
3293     22428500.73220000
3294     22455700.65323000
3295     22482927.81591000
3296     22510180.49085000
3297     22537464.99336000
3298     22564770.49242000
3299     22592099.79984000
3300     22619454.68078000
3301     22646835.15057000
3302     22674251.04973000
3303     22701682.74830000
3304     22729138.32282000
3305     22756631.14564000
3306     22784145.08297000
3307     22811681.18339000
3308     22839251.07444000
3309     22866838.59164000
3310     22894461.70450000
3311     22922097.16530000
3312     22949771.79604000
3313     22977470.44209000
3314     23005192.08758000
3315     23032944.11952000
3316     23060721.98347000
3317     23088517.56854000
3318     23116345.36176000
3319     23144200.80893000
3320     23172082.14968000
3321     23199994.74234000
3322     23227927.92037000
3323     23255888.82179000
3324     23283875.68104000
3325     23311884.94113000
3326     23339923.75968000
3327     23367988.58233000
3328     23396081.21464000
3329     23424201.67598000
3330     23452354.57631000
3331     23480523.57878000
3332     23508716.86718000
3333     23536948.03068000
3334     23565197.12524000
3335     23593480.54537000
3336     23621781.91980000
3337     23650121.26231000
3338     23678476.78438000
3339     23706861.29816000
3340     23735277.43969000
3341     23763711.59632000
3342     23792178.40786000
3343     23820673.29104000
3344     23849198.07649000
3345     23877737.30393000
3346     23906309.25837000
3347     23934909.35174000
3348     23963537.60352000
3349     23992190.39763000
3350     24020871.38383000
3351     24049585.19759000
3352     24078322.62768000
3353     24107082.83912000
3354     24135867.66391000
3355     24164689.03732000
3356     24193528.61119000
3357     24222394.66944000
3358     24251297.34116000
3359     24280216.42003000
3360     24309175.81862000
3361     24338154.44469000
3362     24367155.00883000
3363     24396190.45650000
3364     24425252.50789000
3365     24454332.86774000
3366     24483448.16944000
3367     24512591.96332000
3368     24541762.42594000
3369     24570957.72851000
3370     24600181.57405000
3371     24629432.13514000
3372     24658709.42737000
3373     24688013.46636000
3374     24717352.61335000
3375     24746712.04900000
3376     24776096.42720000
3377     24805515.97188000
3378     24834955.84453000
3379     24864430.92534000
3380     24893922.64479000
3381     24923451.46922000
3382     24952995.09133000
3383     24982583.31009000
3384     25012192.87262000
3385     25041829.38001000
3386     25071492.84792000
3387     25101185.16058000
3388     25130894.19808000
3389     25160636.76783000
3390     25190418.51089000
3391     25220222.63974000
3392     25250050.08071000
3393     25279904.59467000
3394     25309786.19733000
3395     25339705.21073000
3396     25369641.04312000
3397     25399610.56402000
3398     25429606.33654000
3399     25459632.07263000
3400     25489678.43917000
3401     25519760.45741000
3402     25549869.70056000
3403     25580006.18434000
3404     25610168.03293000
3405     25640359.04385000
3406     25670583.02549000
3407     25700828.63197000
3408     25731103.45484000
3409     25761403.71718000
3410     25791733.23015000
3411     25822086.31030000
3412     25852479.06817000
3413     25882892.64160000
3414     25913344.04053000
3415     25943810.56732000
3416     25974314.95898000
3417     26004836.40337000
3418     26035395.75474000
3419     26065978.78825000
3420     26096593.16507000
3421     26127235.07970000
3422     26157908.38023000
3423     26188605.42065000
3424     26219330.04631000
3425     26250082.27305000
3426     26280860.19505000
3427     26311669.59306000
3428     26342513.27347000
3429     26373381.84401000
3430     26404282.81206000
3431     26435202.91957000
3432     26466159.31289000
3433     26497134.86956000
3434     26528144.81892000
3435     26559184.46965000
3436     26590251.90634000
3437     26621352.95524000
3438     26652477.95380000
3439     26683628.84915000
3440     26714809.53492000
3441     26746014.20416000
3442     26777259.24954000
3443     26808525.53361000
3444     26839817.78979000
3445     26871150.49541000
3446     26902500.58689000
3447     26933885.32385000
3448     26965300.00013000
3449     26996738.77557000
3450     27028200.83543000
3451     27059697.61457000
3452     27091230.27509000
3453     27122785.13672000
3454     27154368.08401000
3455     27185987.79409000
3456     27217625.00130000
3457     27249292.30379000
3458     27280998.39465000
3459     27312723.98470000
3460     27344490.37723000
3461     27376270.38819000
3462     27408089.27268000
3463     27439936.39713000
3464     27471809.80318000
3465     27503713.45410000
3466     27535647.37008000
3467     27567607.61423000
3468     27599602.11812000
3469     27631619.02230000
3470     27663666.26114000
3471     27695746.62646000
3472     27727850.62391000
3473     27759991.75604000
3474     27792152.57898000
3475     27824352.56630000
3476     27856583.00633000
3477     27888831.18650000
3478     27921114.61000000
3479     27953424.54493000
3480     27985766.99356000
3481     28018146.74736000
3482     28050544.29986000
3483     28082978.42761000
3484     28115435.14637000
3485     28147929.25032000
3486     28180443.20109000
3487     28212992.57039000
3488     28245572.60709000
3489     28278183.33154000
3490     28310813.95417000
3491     28343484.09738000
3492     28376180.95893000
3493     28408915.37667000
3494     28441667.73246000
3495     28474450.88109000
3496     28507262.82346000
3497     28540112.40225000
3498     28572984.00670000
3499     28605895.31431000
3500     28638833.46859000
