   1           16.26998000
   2           18.42053000
   3           23.71601000
   4           29.89578000
   5           36.66780000
   6           43.93565000
   7           51.64443000
   8           59.75605000
   9           68.24371000
  10           77.08930000
  11           86.28121000
  12           95.81236000
  13          105.67859000
  14          115.87734000
  15          126.40682000
  16          137.26542000
  17          148.45129000
  18          159.96221000
  19          171.79547000
  20          183.94788000
  21          196.41578000
  22          209.19512000
  23          222.28151000
  24          235.67032000
  25          249.35670000
  26          263.33570000
  27          277.60229000
  28          292.15140000
  29          306.97801000
  30          322.07713000
  31          337.44387000
  32          353.07344000
  33          368.96117000
  34          385.10252000
  35          401.49310000
  36          418.12868000
  37          435.00515000
  38          452.11860000
  39          469.46523000
  40          487.04141000
  41          504.84366000
  42          522.86864000
  43          541.11315000
  44          559.57412000
  45          578.24859000
  46          597.13377000
  47          616.22692000
  48          635.52548000
  49          655.02693000
  50          674.72890000
  51          694.62909000
  52          714.72528000
  53          735.01535000
  54          755.49725000
  55          776.16902000
  56          797.02875000
  57          818.07460000
  58          839.30480000
  59          860.71764000
  60          882.31146000
  61          904.08464000
  62          926.03564000
  63          948.16295000
  64          970.46509000
  65          992.94064000
  66         1015.58823000
  67         1038.40650000
  68         1061.39414000
  69         1084.54988000
  70         1107.87247000
  71         1131.36070000
  72         1155.01338000
  73         1178.82937000
  74         1202.80752000
  75         1226.94675000
  76         1251.24596000
  77         1275.70410000
  78         1300.32015000
  79         1325.09308000
  80         1350.02191000
  81         1375.10567000
  82         1400.34340000
  83         1425.73418000
  84         1451.27708000
  85         1476.97121000
  86         1502.81569000
  87         1528.80965000
  88         1554.95225000
  89         1581.24264000
  90         1607.68001000
  91         1634.26355000
  92         1660.99247000
  93         1687.86600000
  94         1714.88335000
  95         1742.04378000
  96         1769.34655000
  97         1796.79093000
  98         1824.37619000
  99         1852.10164000
 100         1879.96657000
 101         1907.97029000
 102         1936.11214000
 103         1964.39145000
 104         1992.80755000
 105         2021.35981000
 106         2050.04758000
 107         2078.87024000
 108         2107.82717000
 109         2136.91776000
 110         2166.14141000
 111         2195.49751000
 112         2224.98549000
 113         2254.60477000
 114         2284.35477000
 115         2314.23494000
 116         2344.24471000
 117         2374.38354000
 118         2404.65090000
 119         2435.04623000
 120         2465.56902000
 121         2496.21875000
 122         2526.99489000
 123         2557.89695000
 124         2588.92441000
 125         2620.07679000
 126         2651.35359000
 127         2682.75434000
 128         2714.30568000
 129         2745.95318000
 130         2777.72321000
 131         2809.61529000
 132         2841.62898000
 133         2873.76381000
 134         2906.01934000
 135         2938.39514000
 136         2970.89077000
 137         3003.50578000
 138         3036.23976000
 139         3069.09229000
 140         3102.09397000
 141         3135.18266000
 142         3168.38867000
 143         3201.71156000
 144         3235.15097000
 145         3268.70647000
 146         3302.41071000
 147         3336.19758000
 148         3370.09940000
 149         3404.11577000
 150         3438.28072000
 151         3472.52543000
 152         3506.88357000
 153         3541.35480000
 154         3575.97451000
 155         3610.67115000
 156         3645.51626000
 157         3680.43691000
 158         3715.46886000
 159         3750.64929000
 160         3785.90317000
 161         3821.30556000
 162         3856.78003000
 163         3892.40303000
 164         3928.09677000
 165         3963.93909000
 166         3999.89078000
 167         4035.91115000
 168         4072.08024000
 169         4108.35775000
 170         4144.74336000
 171         4181.19497000
 172         4217.79551000
 173         4254.50325000
 174         4291.31789000
 175         4328.23913000
 176         4365.26668000
 177         4402.40025000
 178         4439.63957000
 179         4477.02908000
 180         4514.47939000
 181         4552.03456000
 182         4589.74025000
 183         4627.50475000
 184         4665.37332000
 185         4703.39269000
 186         4741.51634000
 187         4779.69624000
 188         4818.02730000
 189         4856.46183000
 190         4894.99963000
 191         4933.59107000
 192         4972.33419000
 193         5011.17979000
 194         5050.17808000
 195         5089.22828000
 196         5128.38021000
 197         5167.68529000
 198         5207.04037000
 199         5246.54889000
 200         5286.10616000
 201         5325.81718000
 202         5365.62931000
 203         5405.54231000
 204         5445.55595000
 205         5485.67002000
 206         5525.88427000
 207         5566.19849000
 208         5606.66849000
 209         5647.18240000
 210         5687.85245000
 211         5728.62240000
 212         5769.49207000
 213         5810.46121000
 214         5851.52962000
 215         5892.69711000
 216         5933.96346000
 217         5975.38816000
 218         6016.85205000
 219         6058.47469000
 220         6100.19624000
 221         6142.01646000
 222         6183.93518000
 223         6225.95221000
 224         6268.12993000
 225         6310.34341000
 226         6352.71805000
 227         6395.19107000
 228         6437.76230000
 229         6480.43155000
 230         6523.19864000
 231         6566.12893000
 232         6609.09159000
 233         6652.21794000
 234         6695.44228000
 235         6738.76443000
 236         6782.18422000
 237         6825.76958000
 238         6869.38458000
 239         6913.16568000
 240         6957.04461000
 241         7001.02121000
 242         7045.09533000
 243         7089.33749000
 244         7133.67772000
 245         7178.04429000
 246         7222.65175000
 247         7267.28524000
 248         7312.01618000
 249         7356.91773000
 250         7401.91732000
 251         7447.01479000
 252         7492.21001000
 253         7537.57790000
 254         7582.96860000
 255         7628.53258000
 256         7674.19463000
 257         7720.03146000
 258         7765.88966000
 259         7811.92328000
 260         7858.05530000
 261         7904.28561000
 262         7950.69318000
 263         7997.12011000
 264         8043.72495000
 265         8090.42846000
 266         8137.31145000
 267         8184.21239000
 268         8231.29347000
 269         8278.47364000
 270         8325.83554000
 271         8373.21399000
 272         8420.77487000
 273         8468.43527000
 274         8516.27972000
 275         8564.13933000
 276         8612.18367000
 277         8660.32805000
 278         8708.65879000
 279         8757.00333000
 280         8805.53498000
 281         8854.16715000
 282         8902.98808000
 283         8951.91026000
 284         9000.93361000
 285         9050.05802000
 286         9099.28340000
 287         9148.70033000
 288         9198.21899000
 289         9247.93091000
 290         9297.74531000
 291         9347.66210000
 292         9397.68120000
 293         9447.80252000
 294         9498.11999000
 295         9548.54046000
 296         9599.15882000
 297         9649.88098000
 298         9700.70686000
 299         9751.63638000
 300         9802.76635000
 301         9854.00078000
 302         9905.33957000
 303         9956.88103000
 304        10008.52770000
 305        10060.27940000
 306        10112.23610000
 307        10164.19840000
 308        10216.46720000
 309        10268.74150000
 310        10321.22340000
 311        10373.81190000
 312        10426.60980000
 313        10479.51530000
 314        10532.52820000
 315        10585.64860000
 316        10638.98100000
 317        10692.42180000
 318        10746.07650000
 319        10799.84040000
 320        10853.71350000
 321        10907.69560000
 322        10961.89450000
 323        11016.20340000
 324        11070.73090000
 325        11125.36930000
 326        11180.11860000
 327        11235.08890000
 328        11290.17100000
 329        11345.36480000
 330        11400.78210000
 331        11456.31200000
 332        11511.95460000
 333        11567.82300000
 334        11623.80500000
 335        11680.01490000
 336        11736.22440000
 337        11792.77810000
 338        11849.33140000
 339        11906.11550000
 340        11963.13190000
 341        12020.14740000
 342        12077.39610000
 343        12134.87970000
 344        12192.48060000
 345        12250.19890000
 346        12308.03460000
 347        12366.10800000
 348        12424.42090000
 349        12482.85320000
 350        12541.40470000
 351        12600.07570000
 352        12658.98900000
 353        12718.02270000
 354        12777.30100000
 355        12836.70060000
 356        12896.34690000
 357        12955.98980000
 358        13016.00660000
 359        13076.02000000
 360        13136.28330000
 361        13196.79780000
 362        13257.43690000
 363        13318.20050000
 364        13379.08850000
 365        13440.23110000
 366        13501.62990000
 367        13563.15520000
 368        13624.80730000
 369        13686.71810000
 370        13748.75670000
 371        13810.92300000
 372        13873.35090000
 373        13935.90760000
 374        13998.72800000
 375        14061.67830000
 376        14124.89450000
 377        14188.24180000
 378        14251.72020000
 379        14315.46710000
 380        14379.34630000
 381        14443.35770000
 382        14507.64050000
 383        14572.19640000
 384        14636.88680000
 385        14701.71160000
 386        14766.81230000
 387        14832.04870000
 388        14897.56320000
 389        14963.21440000
 390        15029.00250000
 391        15095.07160000
 392        15161.27860000
 393        15227.76890000
 394        15294.39830000
 395        15361.31330000
 396        15428.36850000
 397        15495.56420000
 398        15563.04820000
 399        15630.67390000
 400        15698.59020000
 401        15766.64930000
 402        15835.00150000
 403        15903.49760000
 404        15972.13770000
 405        16041.07380000
 406        16110.30760000
 407        16179.53470000
 408        16249.21440000
 409        16318.88750000
 410        16389.01670000
 411        16459.13930000
 412        16529.56570000
 413        16600.29740000
 414        16671.17930000
 415        16742.21140000
 416        16813.55190000
 417        16885.04390000
 418        16956.84670000
 419        17028.80210000
 420        17101.07090000
 421        17173.49360000
 422        17246.23190000
 423        17319.12550000
 424        17392.17440000
 425        17465.54200000
 426        17539.06620000
 427        17612.91160000
 428        17687.07990000
 429        17761.24170000
 430        17835.89400000
 431        17910.53980000
 432        17985.51240000
 433        18060.81350000
 434        18136.27640000
 435        18212.07040000
 436        18288.02740000
 437        18364.14760000
 438        18440.60200000
 439        18517.22090000
 440        18594.17650000
 441        18671.47060000
 442        18748.93180000
 443        18826.56020000
 444        18904.53030000
 445        18982.66900000
 446        19060.97620000
 447        19139.80460000
 448        19218.62730000
 449        19297.79750000
 450        19377.31700000
 451        19457.00920000
 452        19537.05320000
 453        19617.27120000
 454        19697.66330000
 455        19778.41050000
 456        19859.33320000
 457        19940.61370000
 458        20022.25370000
 459        20104.07190000
 460        20186.06840000
 461        20268.42780000
 462        20350.96680000
 463        20433.87140000
 464        20516.95700000
 465        20600.41070000
 466        20684.04700000
 467        20768.05400000
 468        20852.24490000
 469        20936.80930000
 470        21021.55890000
 471        21106.68460000
 472        21191.99710000
 473        21277.68830000
 474        21363.56770000
 475        21449.82850000
 476        21536.27890000
 477        21623.11340000
 478        21710.13900000
 479        21797.35580000
 480        21884.96010000
 481        21972.95380000
 482        22061.14150000
 483        22149.72130000
 484        22238.49670000
 485        22327.66690000
 486        22417.03410000
 487        22506.59840000
 488        22596.56100000
 489        22686.92390000
 490        22777.48670000
 491        22868.45260000
 492        22959.61990000
 493        23050.98880000
 494        23142.76420000
 495        23234.94820000
 496        23327.33660000
 497        23420.13630000
 498        23513.14200000
 499        23606.56170000
 500        23700.18900000
 501        23794.02390000
 502        23888.48620000
 503        23982.94860000
 504        24077.83130000
 505        24173.13640000
 506        24268.65370000
 507        24364.59610000
 508        24460.75230000
 509        24557.33650000
 510        24654.13590000
 511        24751.36620000
 512        24848.81320000
 513        24946.69400000
 514        25044.79310000
 515        25143.32880000
 516        25242.30300000
 517        25341.27930000
 518        25440.91570000
 519        25540.77500000
 520        25640.85740000
 521        25741.38500000
 522        25842.35960000
 523        25943.56050000
 524        26044.98760000
 525        26146.86550000
 526        26249.19640000
 527        26351.75670000
 528        26454.54640000
 529        26558.01980000
 530        26661.49790000
 531        26765.43560000
 532        26869.83490000
 533        26974.46850000
 534        27079.56660000
 535        27184.90050000
 536        27290.70200000
 537        27396.97300000
 538        27503.48300000
 539        27610.23210000
 540        27717.45460000
 541        27825.15260000
 542        27933.09280000
 543        28041.27550000
 544        28149.93740000
 545        28259.08080000
 546        28368.46980000
 547        28478.34310000
 548        28588.46370000
 549        28699.07170000
 550        28809.92860000
 551        28921.27590000
 552        29033.11580000
 553        29145.20770000
 554        29257.55190000
 555        29370.39260000
 556        29483.73180000
 557        29597.32640000
 558        29711.42270000
 559        29825.77620000
 560        29940.63430000
 561        30055.75120000
 562        30171.37590000
 563        30287.51040000
 564        30403.90700000
 565        30520.56600000
 566        30637.73870000
 567        30755.42740000
 568        30873.38160000
 569        30991.85500000
 570        31110.59560000
 571        31229.85830000
 572        31349.64540000
 573        31469.70310000
 574        31590.03150000
 575        31710.88830000
 576        31832.27560000
 577        31953.93700000
 578        32076.13200000
 579        32198.86280000
 580        32321.61040000
 581        32445.15700000
 582        32568.98280000
 583        32693.35070000
 584        32817.99950000
 585        32943.19360000
 586        33068.67040000
 587        33194.69560000
 588        33321.00540000
 589        33448.13340000
 590        33575.28170000
 591        33702.98470000
 592        33831.24460000
 593        33959.79420000
 594        34088.90400000
 595        34218.57610000
 596        34348.54140000
 597        34479.07230000
 598        34609.89800000
 599        34741.29260000
 600        34872.98390000
 601        35005.24720000
 602        35138.08470000
 603        35271.22240000
 604        35404.93760000
 605        35538.95490000
 606        35673.55280000
 607        35808.45460000
 608        35943.94030000
 609        36080.01220000
 610        36216.39150000
 611        36353.36030000
 612        36490.92080000
 613        36628.79220000
 614        36766.97460000
 615        36905.75300000
 616        37045.12970000
 617        37185.10700000
 618        37325.40050000
 619        37466.01050000
 620        37607.22530000
 621        37749.04730000
 622        37891.47880000
 623        38034.23200000
 624        38177.30700000
 625        38321.28740000
 626        38465.30070000
 627        38610.22410000
 628        38755.47450000
 629        38901.05230000
 630        39047.54800000
 631        39194.07840000
 632        39341.53150000
 633        39489.31720000
 634        39637.73370000
 635        39786.48470000
 636        39935.86980000
 637        40085.59140000
 638        40236.25130000
 639        40386.94940000
 640        40538.59070000
 641        40690.57370000
 642        40842.89860000
 643        40996.17450000
 644        41149.49080000
 645        41303.76280000
 646        41458.38210000
 647        41613.65630000
 648        41769.27970000
 649        41925.56130000
 650        42082.50360000
 651        42239.79870000
 652        42397.75800000
 653        42556.07210000
 654        42715.05370000
 655        42874.70510000
 656        43035.02890000
 657        43195.71290000
 658        43356.75760000
 659        43518.79490000
 660        43680.87960000
 661        43843.96180000
 662        44007.41000000
 663        44171.54330000
 664        44336.36410000
 665        44501.55470000
 666        44667.43630000
 667        44833.68970000
 668        45000.63750000
 669        45168.28220000
 670        45336.30250000
 671        45505.02320000
 672        45674.44670000
 673        45844.24960000
 674        46014.75880000
 675        46185.97690000
 676        46357.57810000
 677        46529.89170000
 678        46702.92000000
 679        46876.33530000
 680        47050.46900000
 681        47225.32350000
 682        47400.56880000
 683        47576.53840000
 684        47752.90080000
 685        47930.32600000
 686        48108.14750000
 687        48286.36570000
 688        48465.31780000
 689        48645.00640000
 690        48825.43410000
 691        49006.26400000
 692        49187.83650000
 693        49370.15410000
 694        49552.87780000
 695        49736.35030000
 696        49920.57390000
 697        50105.20760000
 698        50290.59610000
 699        50476.74190000
 700        50663.30180000
 701        50850.62250000
 702        51038.70670000
 703        51227.20890000
 704        51416.82700000
 705        51606.51700000
 706        51797.32810000
 707        51988.56290000
 708        52180.57340000
 709        52373.36240000
 710        52566.57910000
 711        52760.57770000
 712        52955.36100000
 713        53150.57590000
 714        53346.57900000
 715        53543.37300000
 716        53740.60260000
 717        53938.98520000
 718        54137.44780000
 719        54337.06870000
 720        54537.13100000
 721        54737.99670000
 722        54939.66840000
 723        55142.14860000
 724        55345.07610000
 725        55548.81590000
 726        55753.00520000
 727        55958.37660000
 728        56164.20120000
 729        56370.47940000
 730        56577.94830000
 731        56785.87440000
 732        56994.62810000
 733        57204.21200000
 734        57414.25720000
 735        57625.13630000
 736        57836.85200000
 737        58049.40690000
 738        58262.42900000
 739        58476.29410000
 740        58691.00480000
 741        58906.18690000
 742        59122.59590000
 743        59339.48010000
 744        59556.83990000
 745        59775.43530000
 746        59994.51000000
 747        60214.44580000
 748        60435.24540000
 749        60656.52850000
 750        60878.67910000
 751        61101.69990000
 752        61325.59370000
 753        61549.97690000
 754        61775.62380000
 755        62001.76390000
 756        62228.39780000
 757        62456.30410000
 758        62684.70790000
 759        62914.00030000
 760        63144.18400000
 761        63374.86950000
 762        63606.84310000
 763        63839.32240000
 764        64072.70220000
 765        64306.58990000
 766        64541.77820000
 767        64777.47820000
 768        65014.08810000
 769        65251.61050000
 770        65489.64900000
 771        65728.60390000
 772        65968.47800000
 773        66209.27390000
 774        66450.99450000
 775        66693.23930000
 776        66936.81660000
 777        67180.92200000
 778        67425.55580000
 779        67671.53120000
 780        67918.03890000
 781        68165.48730000
 782        68413.87910000
 783        68663.21720000
 784        68913.50410000
 785        69164.33170000
 786        69416.11220000
 787        69668.84830000
 788        69922.54280000
 789        70177.19850000
 790        70432.40320000
 791        70688.57300000
 792        70945.71060000
 793        71203.81900000
 794        71462.90090000
 795        71722.54010000
 796        71983.57640000
 797        72245.17400000
 798        72507.75470000
 799        72770.89910000
 800        73035.45350000
 801        73300.57550000
 802        73567.11470000
 803        73834.22560000
 804        74102.33470000
 805        74371.01800000
 806        74641.13120000
 807        74911.82270000
 808        75183.95130000
 809        75456.66210000
 810        75730.38650000
 811        76004.69550000
 812        76280.45460000
 813        76556.80240000
 814        76834.60750000
 815        77113.00550000
 816        77392.43230000
 817        77672.89080000
 818        77954.38400000
 819        78236.47650000
 820        78520.04660000
 821        78804.22010000
 822        79089.43790000
 823        79375.70300000
 824        79663.01820000
 825        79951.38630000
 826        80240.36640000
 827        80530.84820000
 828        80821.94610000
 829        81114.55310000
 830        81407.78030000
 831        81702.07600000
 832        81997.44320000
 833        82293.43520000
 834        82590.95300000
 835        82889.55090000
 836        83188.77990000
 837        83489.09300000
 838        83790.94690000
 839        84093.43800000
 840        84397.02200000
 841        84701.70190000
 842        85007.02360000
 843        85313.90290000
 844        85621.88680000
 845        85930.51890000
 846        86240.71970000
 847        86551.57290000
 848        86863.54070000
 849        87176.62600000
 850        87490.83160000
 851        87806.16060000
 852        88122.61580000
 853        88440.20020000
 854        88758.91680000
 855        89078.30090000
 856        89399.28960000
 857        89720.95020000
 858        90044.22300000
 859        90368.17180000
 860        90693.26880000
 861        91019.98920000
 862        91347.39220000
 863        91675.95210000
 864        92005.67190000
 865        92336.55470000
 866        92668.60340000
 867        93001.82100000
 868        93336.21030000
 869        93671.29540000
 870        94008.03650000
 871        94345.95840000
 872        94684.58250000
 873        95024.87400000
 874        95365.87190000
 875        95708.54500000
 876        96051.92890000
 877        96396.99550000
 878        96742.77720000
 879        97090.24930000
 880        97438.44090000
 881        97787.84150000
 882        98138.94410000
 883        98490.77260000
 884        98843.81920000
 885        99198.08680000
 886        99553.57850000
 887        99910.79140000
 888       100268.74100000
 889       100627.92400000
 890       100988.34300000
 891       101350.00100000
 892       101712.90200000
 893       102077.54700000
 894       102442.94200000
 895       102809.58800000
 896       103177.48900000
 897       103546.64700000
 898       103917.06600000
 899       104289.25200000
 900       104662.20200000
 901       105036.42100000
 902       105411.91300000
 903       105788.68100000
 904       106167.23600000
 905       106546.56500000
 906       106927.18000000
 907       107309.59300000
 908       107692.78700000
 909       108077.27600000
 910       108463.57500000
 911       108850.66200000
 912       109239.56800000
 913       109629.26600000
 914       110020.79100000
 915       110413.63000000
 916       110807.26800000
 917       111202.74400000
 918       111599.54400000
 919       111997.67100000
 920       112397.12700000
 921       112797.39400000
 922       113199.51900000
 923       113603.50800000
 924       114008.31600000
 925       114414.46900000
 926       114821.97100000
 927       115231.35300000
 928       115641.56200000
 929       116053.13000000
 930       116466.58900000
 931       116881.41400000
 932       117297.07600000
 933       117714.64200000
 934       118133.58300000
 935       118553.90300000
 936       118975.60400000
 937       119398.69100000
 938       119823.70300000
 939       120249.57000000
 940       120677.37000000
 941       121106.02900000
 942       121536.63000000
 943       121968.63700000
 944       122402.05200000
 945       122836.88000000
 946       123273.12200000
 947       123710.78300000
 948       124149.86500000
 949       124590.91900000
 950       125033.40300000
 951       125476.77000000
 952       125922.12200000
 953       126368.91200000
 954       126817.14500000
 955       127267.37600000
 956       127718.50400000
 957       128171.63900000
 958       128625.67500000
 959       129081.72500000
 960       129539.23900000
 961       129998.21900000
 962       130459.22800000
 963       130921.15200000
 964       131385.11200000
 965       131850.55400000
 966       132316.91800000
 967       132785.89400000
 968       133255.79900000
 969       133727.19800000
 970       134200.66000000
 971       134675.62400000
 972       135152.09400000
 973       135630.07200000
 974       136109.56300000
 975       136591.13900000
 976       137073.66500000
 977       137558.28500000
 978       138045.00300000
 979       138532.68100000
 980       139021.89200000
 981       139513.21500000
 982       140006.07900000
 983       140500.48900000
 984       140996.44700000
 985       141494.53600000
 986       141994.18100000
 987       142495.38600000
 988       142998.15400000
 989       143502.48900000
 990       144008.97700000
 991       144517.04000000
 992       145026.68200000
 993       145537.90400000
 994       146051.29900000
 995       146565.69500000
 996       147082.27200000
 997       147601.03500000
 998       148120.80900000
 999       148642.77700000
1000       149166.35400000
1001       149691.54200000
1002       150218.93900000
1003       150747.95700000
1004       151278.59700000
1005       151810.86500000
1006       152345.36000000
1007       152880.89200000
1008       153419.25900000
1009       153958.67000000
1010       154500.32700000
1011       155043.63500000
1012       155588.59600000
1013       156135.21500000
1014       156684.09900000
1015       157234.64800000
1016       157787.47300000
1017       158341.36500000
1018       158897.54100000
1019       159456.00700000
1020       160015.54900000
1021       160577.39000000
1022       161140.92400000
1023       161706.76700000
1024       162274.31100000
1025       162843.56100000
1026       163414.51800000
1027       163987.80400000
1028       164562.80700000
1029       165140.14800000
1030       165719.21500000
1031       166300.01000000
1032       166882.53800000
1033       167467.42400000
1034       168054.05100000
1035       168643.04600000
1036       169233.79000000
1037       169826.28800000
1038       170421.16900000
1039       171017.18400000
1040       171616.21900000
1041       172216.39500000
1042       172818.97400000
1043       173423.96000000
1044       174030.73000000
1045       174639.28500000
1046       175249.63100000
1047       175862.40400000
1048       176477.61000000
1049       177093.98400000
1050       177712.80100000
1051       178334.06600000
1052       178957.14700000
1053       179582.04700000
1054       180209.41200000
1055       180838.60400000
1056       181469.62800000
1057       182103.13100000
1058       182739.11900000
1059       183376.30700000
1060       184015.98900000
1061       184658.17100000
1062       185302.21100000
1063       185948.76300000
1064       186596.53000000
1065       187247.46900000
1066       187899.63200000
1067       188554.97800000
1068       189211.55400000
1069       189870.67200000
1070       190532.33800000
1071       191195.90000000
1072       191861.36300000
1073       192529.38900000
1074       193199.98400000
1075       193872.49300000
1076       194546.92200000
1077       195223.93400000
1078       195902.87400000
1079       196584.40900000
1080       197267.88100000
1081       197953.95800000
1082       198641.98100000
1083       199332.62000000
1084       200025.21400000
1085       200720.43500000
1086       201417.62000000
1087       202117.44300000
1088       202819.23900000
1089       203523.68400000
1090       204230.11000000
1091       204939.19700000
1092       205650.27400000
1093       206364.02200000
1094       207079.77000000
1095       207798.20000000
1096       208519.31800000
1097       209242.45000000
1098       209967.60100000
1099       210695.45500000
1100       211426.01900000
1101       212158.61600000
1102       212893.93400000
1103       213631.29400000
1104       214371.38600000
1105       215113.52900000
1106       215858.41500000
1107       216606.05100000
1108       217355.75200000
1109       218108.21400000
1110       218862.75100000
1111       219620.05900000
1112       220379.45100000
1113       221141.62600000
1114       221906.59100000
1115       222673.65400000
1116       223443.51700000
1117       224215.48800000
1118       224990.27100000
1119       225767.87200000
1120       226547.59600000
1121       227330.14900000
1122       228115.53700000
1123       228903.06300000
1124       229693.43600000
1125       230485.95600000
1126       231281.33400000
1127       232079.57600000
1128       232879.98000000
1129       233683.26000000
1130       234489.42200000
1131       235297.76100000
1132       236108.99300000
1133       236923.12600000
1134       237739.45000000
1135       238558.68600000
1136       239380.83900000
1137       240205.19900000
1138       241032.48900000
1139       241862.71400000
1140       242695.16100000
1141       243530.55500000
1142       244368.90300000
1143       245209.48700000
1144       246053.03600000
1145       246899.55800000
1146       247749.05800000
1147       248600.81400000
1148       249455.56100000
1149       250313.30500000
1150       251173.32000000
1151       252036.34300000
1152       252902.38100000
1153       253771.44000000
1154       254642.79200000
1155       255517.17700000
1156       256394.60100000
1157       257275.07100000
1158       258157.85500000
1159       259043.69600000
1160       259932.60200000
1161       260824.57800000
1162       261718.88900000
1163       262616.28200000
1164       263516.76500000
1165       264420.34300000
1166       265326.27700000
1167       266235.31800000
1168       267148.22100000
1169       268062.74900000
1170       268981.15200000
1171       269902.68900000
1172       270826.61500000
1173       271753.68700000
1174       272683.91100000
1175       273617.29400000
1176       274553.08700000
1177       275492.05000000
1178       276434.95000000
1179       277380.27600000
1180       278328.79400000
1181       279279.74900000
1182       280234.66800000
1183       281192.03600000
1184       282152.62000000
1185       283117.19200000
1186       284083.46400000
1187       285053.73800000
1188       286027.25500000
1189       287004.02300000
1190       287983.27800000
1191       288965.79600000
1192       289952.35400000
1193       290941.41700000
1194       291933.76200000
1195       292929.39700000
1196       293927.55300000
1197       294929.78600000
1198       295935.33000000
1199       296943.41100000
1200       297955.59500000
1201       298970.32800000
1202       299988.39600000
1203       301009.80800000
1204       302035.35200000
1205       303063.46900000
1206       304094.95000000
1207       305129.80100000
1208       306168.02900000
1209       307208.85200000
1210       308253.85300000
1211       309302.25200000
1212       310354.05600000
1213       311408.47800000
1214       312467.11100000
1215       313529.16900000
1216       314593.86400000
1217       315662.79300000
1218       316735.16800000
1219       317810.19800000
1220       318889.48500000
1221       319972.23900000
1222       321057.66700000
1223       322147.37500000
1224       323240.57200000
1225       324336.46000000
1226       325436.65300000
1227       326540.35500000
1228       327647.57300000
1229       328757.50500000
1230       329871.77500000
1231       330989.58300000
1232       332110.93400000
1233       333235.83600000
1234       334364.29700000
1235       335496.32300000
1236       336632.73600000
1237       337771.91400000
1238       338914.67900000
1239       340061.85500000
1240       341211.81400000
1241       342366.20100000
1242       343523.38300000
1243       344685.00900000
1244       345850.26600000
1245       347019.16100000
1246       348191.70000000
1247       349368.71800000
1248       350548.56900000
1249       351732.08600000
1250       352920.10600000
1251       354111.80900000
1252       355307.20100000
1253       356506.28900000
1254       357709.08100000
1255       358915.58400000
1256       360126.64000000
1257       361341.42300000
1258       362559.10300000
1259       363781.36100000
1260       365008.20600000
1261       366237.96900000
1262       367471.49500000
1263       368709.63300000
1264       369951.55100000
1265       371197.25400000
1266       372447.59700000
1267       373700.89600000
1268       374958.85000000
1269       376220.62200000
1270       377486.21800000
1271       378755.64500000
1272       380029.76300000
1273       381307.72800000
1274       382589.54900000
1275       383875.23200000
1276       385165.64000000
1277       386459.92700000
1278       387758.10000000
1279       389061.02600000
1280       390366.99400000
1281       391677.73000000
1282       392992.38400000
1283       394311.82500000
1284       395635.20000000
1285       396962.51500000
1286       398293.77900000
1287       399629.86500000
1288       400969.91600000
1289       402313.93900000
1290       403662.81200000
1291       405015.67300000
1292       406372.53000000
1293       407734.26300000
1294       409100.00900000
1295       410469.77500000
1296       411844.44500000
1297       413223.15100000
1298       414605.90100000
1299       415993.58200000
1300       417385.32300000
1301       418781.13300000
1302       420181.90000000
1303       421586.75200000
1304       422996.58100000
1305       424410.51100000
1306       425828.55000000
1307       427251.59300000
1308       428678.76200000
1309       430110.95300000
1310       431547.28700000
1311       432987.77100000
1312       434433.30500000
1313       435883.00600000
1314       437337.77500000
1315       438796.72900000
1316       440260.77000000
1317       441729.01200000
1318       443201.46200000
1319       444679.02700000
1320       446161.71800000
1321       447648.64400000
1322       449139.81200000
1323       450636.13300000
1324       452137.61800000
1325       453642.46500000
1326       455153.40100000
1327       456668.62100000
1328       458188.13500000
1329       459712.86000000
1330       461241.89400000
1331       462776.15900000
1332       464315.66300000
1333       465859.50400000
1334       467407.69000000
1335       468961.14300000
1336       470519.87500000
1337       472082.97800000
1338       473651.37900000
1339       475224.16800000
1340       476802.27400000
1341       478385.70800000
1342       479973.55700000
1343       481566.75300000
1344       483164.38000000
1345       484767.37400000
1346       486374.81800000
1347       487987.64700000
1348       489605.87200000
1349       491228.57400000
1350       492856.69100000
1351       494490.23500000
1352       496128.28200000
1353       497771.77500000
1354       499419.78800000
1355       501073.26600000
1356       502732.22100000
1357       504396.66200000
1358       506065.66000000
1359       507740.16500000
1360       509419.24400000
1361       511103.84900000
1362       512793.99000000
1363       514489.67900000
1364       516189.97900000
1365       517895.84600000
1366       519607.29100000
1367       521323.37400000
1368       523045.05500000
1369       524772.34400000
1370       526505.25100000
1371       528242.83500000
1372       529986.05600000
1373       531734.92800000
1374       533489.45900000
1375       535248.70400000
1376       537014.58700000
1377       538785.20400000
1378       540560.56100000
1379       542342.59000000
1380       544129.38000000
1381       545921.90200000
1382       547720.16700000
1383       549524.18600000
1384       551333.97100000
1385       553148.56300000
1386       554968.94000000
1387       556795.11300000
1388       558627.09200000
1389       560464.88900000
1390       562307.54200000
1391       564157.00600000
1392       566011.34600000
1393       567871.54500000
1394       569738.59300000
1395       571609.56600000
1396       573487.41000000
1397       575371.15800000
1398       577260.82000000
1399       579155.42500000
1400       581056.94800000
1401       582963.43500000
1402       584875.87700000
1403       586795.27600000
1404       588719.66600000
1405       590650.04700000
1406       592586.42800000
1407       594528.82200000
1408       596477.23900000
1409       598431.69000000
1410       600392.18700000
1411       602358.74000000
1412       604331.36100000
1413       606310.06000000
1414       608293.85000000
1415       610284.74000000
1416       612281.74200000
1417       614284.86700000
1418       616294.12700000
1419       618309.53200000
1420       620331.09400000
1421       622358.82400000
1422       624392.73400000
1423       626432.83400000
1424       628479.13500000
1425       630532.66100000
1426       632591.40100000
1427       634657.38900000
1428       636728.61100000
1429       638807.10700000
1430       640890.85700000
1431       642981.90500000
1432       645079.24700000
1433       647182.89300000
1434       649292.85600000
1435       651410.16800000
1436       653532.79800000
1437       655661.77700000
1438       657798.14400000
1439       659940.88500000
1440       662090.01200000
1441       664245.53600000
1442       666408.49900000
1443       668576.85300000
1444       670752.67000000
1445       672934.93200000
1446       675123.65100000
1447       677318.83600000
1448       679521.53700000
1449       681730.73000000
1450       683946.42700000
1451       686168.63900000
1452       688398.41800000
1453       690633.69600000
1454       692876.56500000
1455       695125.99800000
1456       697383.04900000
1457       699646.68900000
1458       701916.92800000
1459       704193.77700000
1460       706478.29800000
1461       708769.45500000
1462       711067.25900000
1463       713372.77400000
1464       715684.96200000
1465       718003.83400000
1466       720329.40100000
1467       722662.73100000
1468       725003.84000000
1469       727350.62400000
1470       729705.21200000
1471       732066.55700000
1472       734435.73300000
1473       736811.69100000
1474       739195.50800000
1475       741586.13200000
1476       743983.57600000
1477       746388.91800000
1478       748801.10500000
1479       751220.14800000
1480       753647.13000000
1481       756082.06500000
1482       758522.82200000
1483       760972.63300000
1484       763428.28900000
1485       765893.02800000
1486       768363.63500000
1487       770843.35600000
1488       773328.96800000
1489       775822.64200000
1490       778324.39300000
1491       780833.15200000
1492       783350.01600000
1493       785873.91400000
1494       788405.94500000
1495       790945.03500000
1496       793492.28500000
1497       796046.62100000
1498       798609.14500000
1499       801179.87100000
1500       803757.72200000
1501       806342.71000000
1502       808937.03600000
1503       811537.43100000
1504       814147.19500000
1505       816764.14800000
1506       819389.40400000
1507       822021.87500000
1508       824662.67600000
1509       827310.71800000
1510       829967.11800000
1511       832631.89100000
1512       835305.05100000
1513       837985.50700000
1514       840674.37900000
1515       843370.57200000
1516       846076.31900000
1517       848788.30500000
1518       851509.87500000
1519       854238.82100000
1520       856976.26900000
1521       859722.23400000
1522       862476.73200000
1523       865238.66000000
1524       868009.14900000
1525       870788.21400000
1526       873574.74900000
1527       876371.01100000
1528       879174.77100000
1529       881987.16600000
1530       884807.08500000
1531       887636.79400000
1532       890474.05600000
1533       893320.01200000
1534       896174.67700000
1535       899038.06600000
1536       901909.06300000
1537       904789.94600000
1538       907678.46500000
1539       910575.76700000
1540       913481.86800000
1541       916396.78300000
1542       919320.52900000
1543       922253.11900000
1544       925193.42800000
1545       928143.75300000
1546       931101.82600000
1547       934069.94800000
1548       937045.84500000
1549       940030.67900000
1550       943024.46300000
1551       946027.21300000
1552       949040.09500000
1553       952060.82500000
1554       955090.56700000
1555       958129.33800000
1556       961177.15100000
1557       964234.02400000
1558       967299.97200000
1559       970375.00900000
1560       973459.15200000
1561       976553.57700000
1562       979655.97900000
1563       982767.53300000
1564       985888.25500000
1565       989019.32500000
1566       992158.43000000
1567       995307.91700000
1568       998466.63700000
1569      1001633.43000000
1570      1004810.66000000
1571      1007997.17000000
1572      1011192.98000000
1573      1014399.26000000
1574      1017613.71000000
1575      1020838.67000000
1576      1024071.81000000
1577      1027315.50000000
1578      1030568.58000000
1579      1033832.26000000
1580      1037104.17000000
1581      1040386.71000000
1582      1043678.70000000
1583      1046980.16000000
1584      1050291.11000000
1585      1053612.75000000
1586      1056942.73000000
1587      1060284.62000000
1588      1063634.87000000
1589      1066994.69000000
1590      1070365.29000000
1591      1073745.49000000
1592      1077136.51000000
1593      1080537.16000000
1594      1083947.47000000
1595      1087367.44000000
1596      1090798.29000000
1597      1094238.85000000
1598      1097689.13000000
1599      1101150.34000000
1600      1104621.31000000
1601      1108103.25000000
1602      1111594.97000000
1603      1115096.50000000
1604      1118609.05000000
1605      1122131.44000000
1606      1125663.68000000
1607      1129207.00000000
1608      1132761.42000000
1609      1136324.53000000
1610      1139899.99000000
1611      1143484.17000000
1612      1147079.52000000
1613      1150686.07000000
1614      1154302.60000000
1615      1157930.35000000
1616      1161568.13000000
1617      1165217.18000000
1618      1168876.28000000
1619      1172546.68000000
1620      1176227.17000000
1621      1179919.00000000
1622      1183620.95000000
1623      1187334.28000000
1624      1191059.00000000
1625      1194793.90000000
1626      1198538.99000000
1627      1202296.77000000
1628      1206064.78000000
1629      1209843.03000000
1630      1213632.79000000
1631      1217434.08000000
1632      1221246.90000000
1633      1225070.05000000
1634      1228904.77000000
1635      1232749.85000000
1636      1236606.54000000
1637      1240474.87000000
1638      1244354.86000000
1639      1248245.27000000
1640      1252147.38000000
1641      1256061.19000000
1642      1259985.49000000
1643      1263921.54000000
1644      1267869.35000000
1645      1271828.96000000
1646      1275799.11000000
1647      1279782.35000000
1648      1283776.18000000
1649      1287781.88000000
1650      1291799.46000000
1651      1295827.68000000
1652      1299867.83000000
1653      1303921.18000000
1654      1307985.24000000
1655      1312061.27000000
1656      1316149.31000000
1657      1320248.10000000
1658      1324360.20000000
1659      1328483.08000000
1660      1332619.33000000
1661      1336766.40000000
1662      1340925.59000000
1663      1345098.19000000
1664      1349281.68000000
1665      1353477.35000000
1666      1357685.21000000
1667      1361905.30000000
1668      1366137.62000000
1669      1370382.20000000
1670      1374639.07000000
1671      1378909.52000000
1672      1383191.00000000
1673      1387484.82000000
1674      1391791.00000000
1675      1396109.56000000
1676      1400441.81000000
1677      1404785.18000000
1678      1409142.30000000
1679      1413510.58000000
1680      1417892.63000000
1681      1422287.19000000
1682      1426694.27000000
1683      1431113.89000000
1684      1435546.07000000
1685      1439990.84000000
1686      1444449.51000000
1687      1448920.81000000
1688      1453404.76000000
1689      1457901.36000000
1690      1462410.66000000
1691      1466933.97000000
1692      1471470.01000000
1693      1476018.80000000
1694      1480580.36000000
1695      1485154.71000000
1696      1489743.18000000
1697      1494344.49000000
1698      1498959.96000000
1699      1503586.99000000
1700      1508228.24000000
1701      1512883.72000000
1702      1517550.82000000
1703      1522232.20000000
1704      1526927.89000000
1705      1531635.25000000
1706      1536358.28000000
1707      1541093.03000000
1708      1545842.18000000
1709      1550604.41000000
1710      1555381.08000000
1711      1560170.88000000
1712      1564973.83000000
1713      1569791.28000000
1714      1574623.26000000
1715      1579468.46000000
1716      1584326.90000000
1717      1589199.93000000
1718      1594086.24000000
1719      1598987.20000000
1720      1603902.82000000
1721      1608831.79000000
1722      1613774.13000000
1723      1618731.20000000
1724      1623703.03000000
1725      1628688.29000000
1726      1633688.35000000
1727      1638701.90000000
1728      1643730.29000000
1729      1648772.20000000
1730      1653830.37000000
1731      1658900.74000000
1732      1663987.42000000
1733      1669087.71000000
1734      1674202.99000000
1735      1679331.92000000
1736      1684477.25000000
1737      1689636.28000000
1738      1694809.03000000
1739      1699998.26000000
1740      1705201.25000000
1741      1710418.03000000
1742      1715651.36000000
1743      1720898.52000000
1744      1726162.28000000
1745      1731438.55000000
1746      1736731.47000000
1747      1742039.69000000
1748      1747361.85000000
1749      1752699.37000000
1750      1758052.25000000
1751      1763420.53000000
1752      1768804.23000000
1753      1774203.37000000
1754      1779616.60000000
1755      1785046.71000000
1756      1790490.94000000
1757      1795952.11000000
1758      1801427.45000000
1759      1806918.38000000
1760      1812424.93000000
1761      1817948.51000000
1762      1823486.35000000
1763      1829039.89000000
1764      1834609.14000000
1765      1840194.13000000
1766      1845794.87000000
1767      1851412.81000000
1768      1857045.15000000
1769      1862693.33000000
1770      1868358.78000000
1771      1874038.70000000
1772      1879735.95000000
1773      1885449.13000000
1774      1891178.27000000
1775      1896923.40000000
1776      1902684.53000000
1777      1908461.71000000
1778      1914256.36000000
1779      1920065.68000000
1780      1925892.52000000
1781      1931735.51000000
1782      1937594.65000000
1783      1943471.41000000
1784      1949364.37000000
1785      1955273.58000000
1786      1961199.05000000
1787      1967142.23000000
1788      1973100.30000000
1789      1979077.57000000
1790      1985069.78000000
1791      1991079.80000000
1792      1997106.25000000
1793      2003150.57000000
1794      2009209.92000000
1795      2015288.64000000
1796      2021382.45000000
1797      2027494.24000000
1798      2033624.04000000
1799      2039770.44000000
1800      2045933.46000000
1801      2052114.58000000
1802      2058312.38000000
1803      2064526.88000000
1804      2070760.99000000
1805      2077010.42000000
1806      2083278.08000000
1807      2089564.00000000
1808      2095866.75000000
1809      2102187.81000000
1810      2108525.77000000
1811      2114882.09000000
1812      2121256.80000000
1813      2127648.49000000
1814      2134058.63000000
1815      2140485.79000000
1816      2146931.46000000
1817      2153394.20000000
1818      2159876.97000000
1819      2166376.87000000
1820      2172893.92000000
1821      2179429.63000000
1822      2185985.47000000
1823      2192557.09000000
1824      2199148.91000000
1825      2205758.02000000
1826      2212385.91000000
1827      2219032.63000000
1828      2225696.72000000
1829      2232381.17000000
1830      2239083.04000000
1831      2245803.84000000
1832      2252543.61000000
1833      2259300.88000000
1834      2266078.66000000
1835      2272874.00000000
1836      2279688.42000000
1837      2286523.43000000
1838      2293376.09000000
1839      2300247.91000000
1840      2307138.93000000
1841      2314049.16000000
1842      2320978.65000000
1843      2327927.42000000
1844      2334894.01000000
1845      2341881.43000000
1846      2348888.21000000
1847      2355914.40000000
1848      2362960.01000000
1849      2370025.08000000
1850      2377109.63000000
1851      2384215.21000000
1852      2391338.82000000
1853      2398482.01000000
1854      2405646.31000000
1855      2412830.25000000
1856      2420033.85000000
1857      2427257.15000000
1858      2434500.17000000
1859      2441762.94000000
1860      2449047.01000000
1861      2456350.90000000
1862      2463674.63000000
1863      2471018.23000000
1864      2478383.26000000
1865      2485768.22000000
1866      2493173.15000000
1867      2500598.07000000
1868      2508044.54000000
1869      2515511.07000000
1870      2522999.21000000
1871      2530505.94000000
1872      2538035.88000000
1873      2545584.46000000
1874      2553154.79000000
1875      2560745.35000000
1876      2568357.72000000
1877      2575991.92000000
1878      2583644.93000000
1879      2591319.83000000
1880      2599016.66000000
1881      2606733.92000000
1882      2614473.18000000
1883      2622232.92000000
1884      2630014.73000000
1885      2637817.08000000
1886      2645641.57000000
1887      2653486.66000000
1888      2661353.95000000
1889      2669243.46000000
1890      2677153.68000000
1891      2685086.19000000
1892      2693041.02000000
1893      2701016.65000000
1894      2709014.68000000
1895      2717035.12000000
1896      2725076.46000000
1897      2733140.29000000
1898      2741226.64000000
1899      2749333.98000000
1900      2757465.48000000
1901      2765618.03000000
1902      2773793.23000000
1903      2781989.56000000
1904      2790210.17000000
1905      2798451.97000000
1906      2806716.55000000
1907      2815003.96000000
1908      2823314.22000000
1909      2831647.37000000
1910      2840003.44000000
1911      2848382.47000000
1912      2856782.91000000
1913      2865207.96000000
1914      2873656.06000000
1915      2882125.67000000
1916      2890619.99000000
1917      2899135.89000000
1918      2907676.57000000
1919      2916240.48000000
1920      2924827.65000000
1921      2933436.52000000
1922      2942070.32000000
1923      2950727.49000000
1924      2959408.05000000
1925      2968113.65000000
1926      2976841.12000000
1927      2985593.69000000
1928      2994368.20000000
1929      3003167.89000000
1930      3011992.78000000
1931      3020839.71000000
1932      3029711.93000000
1933      3038607.86000000
1934      3047527.54000000
1935      3056471.00000000
1936      3065439.89000000
1937      3074432.63000000
1938      3083450.88000000
1939      3092491.43000000
1940      3101559.17000000
1941      3110649.29000000
1942      3119765.06000000
1943      3128904.89000000
1944      3138070.45000000
1945      3147260.14000000
1946      3156475.62000000
1947      3165715.32000000
1948      3174980.88000000
1949      3184270.72000000
1950      3193586.50000000
1951      3202926.64000000
1952      3212292.79000000
1953      3221683.37000000
1954      3231100.04000000
1955      3240541.21000000
1956      3250010.17000000
1957      3259502.07000000
1958      3269021.85000000
1959      3278566.27000000
1960      3288137.01000000
1961      3297732.46000000
1962      3307354.31000000
1963      3317002.58000000
1964      3326677.33000000
1965      3336376.94000000
1966      3346103.09000000
1967      3355855.82000000
1968      3365635.18000000
1969      3375441.19000000
1970      3385272.26000000
1971      3395130.05000000
1972      3405014.63000000
1973      3414927.67000000
1974      3424864.25000000
1975      3434829.38000000
1976      3444821.43000000
1977      3454840.46000000
1978      3464886.49000000
1979      3474957.90000000
1980      3485058.07000000
1981      3495185.35000000
1982      3505339.80000000
1983      3515521.45000000
1984      3525730.34000000
1985      3535966.52000000
1986      3546230.01000000
1987      3556520.86000000
1988      3566839.10000000
1989      3577186.46000000
1990      3587559.62000000
1991      3597961.98000000
1992      3608391.88000000
1993      3618851.07000000
1994      3629336.21000000
1995      3639850.71000000
1996      3650392.93000000
1997      3660962.89000000
1998      3671562.35000000
1999      3682189.63000000
2000      3692844.79000000
2001      3703529.56000000
2002      3714242.29000000
2003      3724984.70000000
2004      3735753.46000000
2005      3746553.69000000
2006      3757380.33000000
2007      3768238.53000000
2008      3779123.24000000
2009      3790037.88000000
2010      3800982.50000000
2011      3811955.44000000
2012      3822958.46000000
2013      3833989.87000000
2014      3845051.44000000
2015      3856143.20000000
2016      3867263.48000000
2017      3878412.34000000
2018      3889593.22000000
2019      3900802.76000000
2020      3912040.99000000
2021      3923311.38000000
2022      3934610.55000000
2023      3945940.26000000
2024      3957300.54000000
2025      3968689.72000000
2026      3980109.57000000
2027      3991560.12000000
2028      4003041.42000000
2029      4014553.51000000
2030      4026094.72000000
2031      4037668.53000000
2032      4049271.54000000
2033      4060905.51000000
2034      4072570.50000000
2035      4084266.54000000
2036      4095993.67000000
2037      4107753.69000000
2038      4119543.15000000
2039      4131363.85000000
2040      4143215.82000000
2041      4155099.10000000
2042      4167013.75000000
2043      4178961.54000000
2044      4190939.05000000
2045      4202949.79000000
2046      4214992.07000000
2047      4227065.94000000
2048      4239171.43000000
2049      4251308.60000000
2050      4263479.24000000
2051      4275679.88000000
2052      4287915.85000000
2053      4300181.91000000
2054      4312481.62000000
2055      4324811.52000000
2056      4337176.92000000
2057      4349572.59000000
2058      4362002.11000000
2059      4374465.51000000
2060      4386961.08000000
2061      4399488.86000000
2062      4412050.67000000
2063      4424644.79000000
2064      4437273.02000000
2065      4449933.66000000
2066      4462626.73000000
2067      4475355.84000000
2068      4488115.70000000
2069      4500911.70000000
2070      4513740.33000000
2071      4526601.63000000
2072      4539499.21000000
2073      4552429.55000000
2074      4565392.70000000
2075      4578390.50000000
2076      4591422.98000000
2077      4604490.20000000
2078      4617592.21000000
2079      4630727.26000000
2080      4643897.19000000
2081      4657102.05000000
2082      4670340.09000000
2083      4683614.96000000
2084      4696923.10000000
2085      4710266.37000000
2086      4723646.61000000
2087      4737060.26000000
2088      4750509.19000000
2089      4763993.43000000
2090      4777513.04000000
2091      4791068.06000000
2092      4804658.55000000
2093      4818284.55000000
2094      4831946.11000000
2095      4845643.28000000
2096      4859377.93000000
2097      4873146.47000000
2098      4886952.59000000
2099      4900794.51000000
2100      4914672.29000000
2101      4928585.98000000
2102      4942535.63000000
2103      4956523.11000000
2104      4970546.64000000
2105      4984606.28000000
2106      4998702.07000000
2107      5012835.90000000
2108      5027005.99000000
2109      5041214.21000000
2110      5055458.79000000
2111      5069739.78000000
2112      5084059.06000000
2113      5098414.84000000
2114      5112807.19000000
2115      5127239.82000000
2116      5141707.27000000
2117      5156213.27000000
2118      5170757.88000000
2119      5185339.30000000
2120      5199959.42000000
2121      5214618.31000000
2122      5229314.17000000
2123      5244048.89000000
2124      5258820.68000000
2125      5273631.44000000
2126      5288481.22000000
2127      5303370.09000000
2128      5318296.22000000
2129      5333261.54000000
2130      5348266.10000000
2131      5363309.94000000
2132      5378391.26000000
2133      5393513.85000000
2134      5408674.02000000
2135      5423873.69000000
2136      5439112.91000000
2137      5454391.75000000
2138      5469710.25000000
2139      5485068.47000000
2140      5500466.46000000
2141      5515904.27000000
2142      5531383.84000000
2143      5546901.47000000
2144      5562459.08000000
2145      5578056.73000000
2146      5593696.37000000
2147      5609376.15000000
2148      5625094.25000000
2149      5640856.39000000
2150      5656656.95000000
2151      5672497.88000000
2152      5688381.12000000
2153      5704304.84000000
2154      5720270.99000000
2155      5736275.83000000
2156      5752323.21000000
2157      5768413.19000000
2158      5784543.92000000
2159      5800715.46000000
2160      5816929.76000000
2161      5833184.99000000
2162      5849481.19000000
2163      5865820.32000000
2164      5882202.45000000
2165      5898625.72000000
2166      5915092.10000000
2167      5931601.65000000
2168      5948152.50000000
2169      5964744.73000000
2170      5981380.29000000
2171      5998059.25000000
2172      6014781.66000000
2173      6031545.66000000
2174      6048355.15000000
2175      6065206.35000000
2176      6082099.31000000
2177      6099037.93000000
2178      6116018.44000000
2179      6133042.80000000
2180      6150113.01000000
2181      6167225.27000000
2182      6184381.56000000
2183      6201580.02000000
2184      6218824.56000000
2185      6236113.31000000
2186      6253446.33000000
2187      6270823.69000000
2188      6288245.43000000
2189      6305711.62000000
2190      6323222.32000000
2191      6340779.52000000
2192      6358379.41000000
2193      6376025.93000000
2194      6393717.20000000
2195      6411453.27000000
2196      6429234.21000000
2197      6447062.02000000
2198      6464934.82000000
2199      6482852.66000000
2200      6500817.56000000
2201      6518827.63000000
2202      6536882.92000000
2203      6554985.46000000
2204      6573133.35000000
2205      6591328.60000000
2206      6609569.32000000
2207      6627855.57000000
2208      6646191.34000000
2209      6664570.80000000
2210      6682999.90000000
2211      6701472.81000000
2212      6719995.48000000
2213      6738564.06000000
2214      6757180.57000000
2215      6775845.07000000
2216      6794555.65000000
2217      6813314.35000000
2218      6832121.23000000
2219      6850974.37000000
2220      6869877.81000000
2221      6888827.64000000
2222      6907825.90000000
2223      6926872.66000000
2224      6945967.98000000
2225      6965111.93000000
2226      6984304.57000000
2227      7003543.98000000
2228      7022834.19000000
2229      7042173.29000000
2230      7061561.33000000
2231      7080998.39000000
2232      7100484.52000000
2233      7120019.79000000
2234      7139604.26000000
2235      7159240.01000000
2236      7178925.09000000
2237      7198659.57000000
2238      7218443.51000000
2239      7238276.99000000
2240      7258162.06000000
2241      7278096.79000000
2242      7298083.26000000
2243      7318119.52000000
2244      7338205.64000000
2245      7358343.70000000
2246      7378531.74000000
2247      7398771.85000000
2248      7419062.08000000
2249      7439402.50000000
2250      7459797.21000000
2251      7480240.21000000
2252      7500737.65000000
2253      7521285.54000000
2254      7541885.97000000
2255      7562536.99000000
2256      7583240.68000000
2257      7603997.13000000
2258      7624804.35000000
2259      7645666.50000000
2260      7666579.56000000
2261      7687545.65000000
2262      7708564.83000000
2263      7729637.16000000
2264      7750760.68000000
2265      7771939.54000000
2266      7793169.73000000
2267      7814455.39000000
2268      7835792.51000000
2269      7857185.25000000
2270      7878631.64000000
2271      7900129.69000000
2272      7921683.57000000
2273      7943291.30000000
2274      7964952.96000000
2275      7986670.66000000
2276      8008440.37000000
2277      8030266.27000000
2278      8052146.37000000
2279      8074082.80000000
2280      8096071.52000000
2281      8118116.71000000
2282      8140218.45000000
2283      8162374.74000000
2284      8184585.67000000
2285      8206853.36000000
2286      8229175.81000000
2287      8251555.18000000
2288      8273989.46000000
2289      8296480.79000000
2290      8319027.18000000
2291      8341630.76000000
2292      8364291.63000000
2293      8387007.76000000
2294      8409781.31000000
2295      8432612.36000000
2296      8455500.97000000
2297      8478445.14000000
2298      8501447.03000000
2299      8524506.71000000
2300      8547624.25000000
2301      8570797.63000000
2302      8594031.12000000
2303      8617322.70000000
2304      8640670.34000000
2305      8664078.31000000
2306      8687542.49000000
2307      8711067.15000000
2308      8734648.17000000
2309      8758289.82000000
2310      8781990.09000000
2311      8805749.03000000
2312      8829566.73000000
2313      8853445.38000000
2314      8877382.93000000
2315      8901379.47000000
2316      8925435.06000000
2317      8949551.91000000
2318      8973727.96000000
2319      8997963.31000000
2320      9022260.13000000
2321      9046616.39000000
2322      9071034.29000000
2323      9095511.77000000
2324      9120048.93000000
2325      9144650.08000000
2326      9169308.92000000
2327      9194031.92000000
2328      9218814.89000000
2329      9243660.04000000
2330      9268565.32000000
2331      9293532.94000000
2332      9318562.97000000
2333      9343655.51000000
2334      9368808.48000000
2335      9394024.10000000
2336      9419304.60000000
2337      9444645.76000000
2338      9470049.83000000
2339      9495516.86000000
2340      9521044.79000000
2341      9546638.01000000
2342      9572294.43000000
2343      9598014.14000000
2344      9623797.22000000
2345      9649645.91000000
2346      9675555.97000000
2347      9701531.80000000
2348      9727569.17000000
2349      9753672.46000000
2350      9779841.77000000
2351      9806072.85000000
2352      9832370.10000000
2353      9858731.45000000
2354      9885159.14000000
2355      9911651.09000000
2356      9938207.38000000
2357      9964830.26000000
2358      9991519.81000000
2359     10018273.90000000
2360     10045092.70000000
2361     10071980.60000000
2362     10098931.20000000
2363     10125951.00000000
2364     10153035.80000000
2365     10180187.90000000
2366     10207405.10000000
2367     10234692.00000000
2368     10262044.10000000
2369     10289463.90000000
2370     10316949.10000000
2371     10344504.30000000
2372     10372127.40000000
2373     10399816.20000000
2374     10427575.20000000
2375     10455402.20000000
2376     10483295.30000000
2377     10511258.90000000
2378     10539290.80000000
2379     10567391.20000000
2380     10595560.00000000
2381     10623797.50000000
2382     10652103.70000000
2383     10680480.90000000
2384     10708927.00000000
2385     10737444.20000000
2386     10766028.30000000
2387     10794685.90000000
2388     10823410.50000000
2389     10852206.70000000
2390     10881072.20000000
2391     10910009.40000000
2392     10939018.40000000
2393     10968097.10000000
2394     10997245.50000000
2395     11026468.10000000
2396     11055760.70000000
2397     11085123.30000000
2398     11114560.40000000
2399     11144067.80000000
2400     11173645.30000000
2401     11203297.70000000
2402     11233022.80000000
2403     11262818.40000000
2404     11292686.80000000
2405     11322630.40000000
2406     11352644.80000000
2407     11382732.40000000
2408     11412893.10000000
2409     11443129.40000000
2410     11473436.90000000
2411     11503820.10000000
2412     11534274.60000000
2413     11564805.10000000
2414     11595409.20000000
2415     11626089.50000000
2416     11656843.80000000
2417     11687672.10000000
2418     11718574.50000000
2419     11749553.30000000
2420     11780606.50000000
2421     11811736.40000000
2422     11842940.70000000
2423     11874219.60000000
2424     11905577.70000000
2425     11937010.60000000
2426     11968518.40000000
2427     12000103.40000000
2428     12031765.70000000
2429     12063503.10000000
2430     12095318.10000000
2431     12127210.70000000
2432     12159180.90000000
2433     12191228.90000000
2434     12223354.90000000
2435     12255556.50000000
2436     12287836.20000000
2437     12320196.40000000
2438     12352632.60000000
2439     12385149.40000000
2440     12417742.30000000
2441     12450416.20000000
2442     12483168.60000000
2443     12515999.90000000
2444     12548909.90000000
2445     12581899.00000000
2446     12614969.30000000
2447     12648118.80000000
2448     12681347.50000000
2449     12714657.90000000
2450     12748047.60000000
2451     12781519.20000000
2452     12815070.40000000
2453     12848701.40000000
2454     12882416.80000000
2455     12916209.70000000
2456     12950087.40000000
2457     12984045.10000000
2458     13018085.30000000
2459     13052205.90000000
2460     13086409.20000000
2461     13120695.30000000
2462     13155064.30000000
2463     13189516.30000000
2464     13224049.20000000
2465     13258667.60000000
2466     13293367.00000000
2467     13328152.10000000
2468     13363018.50000000
2469     13397970.80000000
2470     13433004.50000000
2471     13468124.30000000
2472     13503328.10000000
2473     13538616.00000000
2474     13573990.30000000
2475     13609446.50000000
2476     13644989.40000000
2477     13680619.00000000
2478     13716330.90000000
2479     13752132.10000000
2480     13788015.70000000
2481     13823986.60000000
2482     13860044.70000000
2483     13896187.90000000
2484     13932418.60000000
2485     13968734.50000000
2486     14005138.20000000
2487     14041629.70000000
2488     14078209.20000000
2489     14114874.30000000
2490     14151627.60000000
2491     14188469.10000000
2492     14225399.00000000
2493     14262415.00000000
2494     14299521.90000000
2495     14336717.50000000
2496     14374001.80000000
2497     14411372.70000000
2498     14448835.00000000
2499     14486386.30000000
2500     14524026.90000000
2501     14561759.20000000
2502     14599578.50000000
2503     14637489.70000000
2504     14675490.60000000
2505     14713583.50000000
2506     14751766.40000000
2507     14790039.20000000
2508     14828404.40000000
2509     14866859.90000000
2510     14905408.00000000
2511     14944048.90000000
2512     14982780.30000000
2513     15021604.70000000
2514     15060519.80000000
2515     15099528.20000000
2516     15138629.80000000
2517     15177825.00000000
2518     15217111.30000000
2519     15256491.30000000
2520     15295967.40000000
2521     15335535.10000000
2522     15375196.70000000
2523     15414952.50000000
2524     15454804.90000000
2525     15494749.30000000
2526     15534790.50000000
2527     15574923.90000000
2528     15615154.30000000
2529     15655479.60000000
2530     15695902.10000000
2531     15736417.30000000
2532     15777032.50000000
2533     15817740.40000000
2534     15858546.20000000
2535     15899447.40000000
2536     15940446.70000000
2537     15981544.00000000
2538     16022737.20000000
2539     16064028.80000000
2540     16105416.30000000
2541     16146902.50000000
2542     16188487.40000000
2543     16230168.70000000
2544     16271951.30000000
2545     16313830.60000000
2546     16355809.00000000
2547     16397886.70000000
2548     16440066.30000000
2549     16482343.00000000
2550     16524719.30000000
2551     16567195.30000000
2552     16609771.30000000
2553     16652449.70000000
2554     16695228.20000000
2555     16738106.90000000
2556     16781086.00000000
2557     16824168.00000000
2558     16867350.60000000
2559     16910633.90000000
2560     16954020.50000000
2561     16997508.00000000
2562     17041099.10000000
2563     17084793.80000000
2564     17128589.80000000
2565     17172489.70000000
2566     17216491.20000000
2567     17260596.70000000
2568     17304806.60000000
2569     17349120.80000000
2570     17393537.10000000
2571     17438060.40000000
2572     17482686.00000000
2573     17527416.50000000
2574     17572254.50000000
2575     17617195.00000000
2576     17662243.40000000
2577     17707394.50000000
2578     17752653.70000000
2579     17798018.40000000
2580     17843488.90000000
2581     17889067.80000000
2582     17934752.60000000
2583     17980543.50000000
2584     18026443.20000000
2585     18072449.20000000
2586     18118561.60000000
2587     18164783.20000000
2588     18211114.00000000
2589     18257551.70000000
2590     18304098.80000000
2591     18350755.60000000
2592     18397522.00000000
2593     18444395.90000000
2594     18491379.70000000
2595     18538473.70000000
2596     18585677.90000000
2597     18632992.40000000
2598     18680415.00000000
2599     18727950.70000000
2600     18775597.20000000
2601     18823354.50000000
2602     18871222.90000000
2603     18919205.00000000
2604     18967295.80000000
2605     19015500.50000000
2606     19063819.30000000
2607     19112247.20000000
2608     19160789.50000000
2609     19209446.20000000
2610     19258215.00000000
2611     19307096.00000000
2612     19356091.80000000
2613     19405202.60000000
2614     19454428.50000000
2615     19503767.10000000
2616     19553221.20000000
2617     19602788.10000000
2618     19652473.30000000
2619     19702271.80000000
2620     19752188.60000000
2621     19802219.00000000
2622     19852368.20000000
2623     19902631.00000000
2624     19953010.40000000
2625     20003508.90000000
2626     20054124.10000000
2627     20104856.20000000
2628     20155705.20000000
2629     20206674.00000000
2630     20257760.00000000
2631     20308963.40000000
2632     20360286.90000000
2633     20411730.60000000
2634     20463292.20000000
2635     20514971.70000000
2636     20566771.80000000
2637     20618692.70000000
2638     20670734.60000000
2639     20722894.90000000
2640     20775176.50000000
2641     20827579.40000000
2642     20880103.70000000
2643     20932747.10000000
2644     20985514.90000000
2645     21038404.50000000
2646     21091416.20000000
2647     21144550.10000000
2648     21197806.30000000
2649     21251184.90000000
2650     21304688.80000000
2651     21358312.70000000
2652     21412064.80000000
2653     21465937.30000000
2654     21519935.50000000
2655     21574059.60000000
2656     21628307.20000000
2657     21682678.40000000
2658     21737175.90000000
2659     21791799.90000000
2660     21846550.50000000
2661     21901425.30000000
2662     21956426.90000000
2663     22011555.70000000
2664     22066811.60000000
2665     22122192.20000000
2666     22177703.00000000
2667     22233341.40000000
2668     22289107.50000000
2669     22344999.00000000
2670     22401021.20000000
2671     22457174.20000000
2672     22513452.90000000
2673     22569862.80000000
2674     22626401.30000000
2675     22683071.20000000
2676     22739870.10000000
2677     22796798.10000000
2678     22853858.00000000
2679     22911049.90000000
2680     22968371.30000000
2681     23025825.10000000
2682     23083408.60000000
2683     23141127.50000000
2684     23198976.50000000
2685     23256958.30000000
2686     23315073.30000000
2687     23373321.50000000
2688     23431703.10000000
2689     23490218.10000000
2690     23548866.90000000
2691     23607649.50000000
2692     23666566.10000000
2693     23725619.40000000
2694     23784807.00000000
2695     23844129.10000000
2696     23903588.40000000
2697     23963182.40000000
2698     24022911.40000000
2699     24082778.00000000
2700     24142782.50000000
2701     24202922.40000000
2702     24263200.40000000
2703     24323616.70000000
2704     24384168.90000000
2705     24444862.40000000
2706     24505692.00000000
2707     24566660.50000000
2708     24627768.20000000
2709     24689015.10000000
2710     24750401.40000000
2711     24811927.30000000
2712     24873592.90000000
2713     24935401.20000000
2714     24997349.40000000
2715     25059437.90000000
2716     25121666.70000000
2717     25184038.70000000
2718     25246551.40000000
2719     25309207.70000000
2720     25372004.90000000
2721     25434946.00000000
2722     25498031.10000000
2723     25561257.70000000
2724     25624628.60000000
2725     25688144.00000000
2726     25751804.10000000
2727     25815606.20000000
2728     25879556.10000000
2729     25943651.10000000
2730     26007888.70000000
2731     26072274.50000000
2732     26136805.90000000
2733     26201483.10000000
2734     26266306.20000000
2735     26331278.20000000
2736     26396396.50000000
2737     26461661.20000000
2738     26527075.20000000
2739     26592636.00000000
2740     26658346.50000000
2741     26724206.80000000
2742     26790214.40000000
2743     26856372.10000000
2744     26922677.40000000
2745     26989136.00000000
2746     27055742.50000000
2747     27122499.80000000
2748     27189408.10000000
2749     27256467.50000000
2750     27323681.10000000
2751     27391043.40000000
2752     27458560.10000000
2753     27526225.90000000
2754     27594046.50000000
2755     27662022.00000000
2756     27730149.80000000
2757     27798430.10000000
2758     27866863.20000000
2759     27935454.60000000
2760     28004196.20000000
2761     28073096.60000000
2762     28142150.30000000
2763     28211360.40000000
2764     28280724.10000000
2765     28350247.20000000
2766     28419924.40000000
2767     28489758.60000000
2768     28559752.70000000
2769     28629901.40000000
2770     28700210.30000000
2771     28770674.20000000
2772     28841298.70000000
2773     28912083.90000000
2774     28983024.70000000
2775     29054126.60000000
2776     29125387.00000000
2777     29196808.90000000
2778     29268389.80000000
2779     29340132.50000000
2780     29412037.30000000
2781     29484101.50000000
2782     29556328.10000000
2783     29628717.30000000
2784     29701269.20000000
2785     29773981.30000000
2786     29846859.30000000
2787     29919900.60000000
2788     29993102.50000000
2789     30066471.00000000
2790     30140003.20000000
2791     30213699.50000000
2792     30287562.70000000
2793     30361590.40000000
2794     30435782.60000000
2795     30510142.30000000
2796     30584666.90000000
2797     30659359.50000000
2798     30734217.40000000
2799     30809243.50000000
2800     30884438.10000000
2801     30959801.30000000
2802     31035330.50000000
2803     31111031.60000000
2804     31186899.00000000
2805     31262938.70000000
2806     31339145.10000000
2807     31415524.10000000
2808     31492070.10000000
2809     31568789.20000000
2810     31645681.40000000
2811     31722741.20000000
2812     31799974.60000000
2813     31877381.70000000
2814     31954959.80000000
2815     32032709.20000000
2816     32110635.70000000
2817     32188730.90000000
2818     32267003.70000000
2819     32345448.50000000
2820     32424071.10000000
2821     32502866.10000000
2822     32581836.60000000
2823     32660982.60000000
2824     32740304.40000000
2825     32819805.10000000
2826     32899479.00000000
2827     32979332.30000000
2828     33059362.00000000
2829     33139571.40000000
2830     33219957.70000000
2831     33300521.20000000
2832     33381264.80000000
2833     33462188.90000000
2834     33543290.70000000
2835     33624573.20000000
2836     33706033.90000000
2837     33787678.50000000
2838     33869501.70000000
2839     33951509.40000000
2840     34033695.90000000
2841     34116064.30000000
2842     34198617.80000000
2843     34281350.80000000
2844     34364269.20000000
2845     34447373.20000000
2846     34530657.30000000
2847     34614127.40000000
2848     34697783.70000000
2849     34781623.60000000
2850     34865647.20000000
2851     34949857.70000000
2852     35034255.10000000
2853     35118839.80000000
2854     35203609.10000000
2855     35288568.90000000
2856     35373713.60000000
2857     35459046.30000000
2858     35544570.20000000
2859     35630279.70000000
2860     35716180.60000000
2861     35802270.50000000
2862     35888549.40000000
2863     35975020.50000000
2864     36061681.00000000
2865     36148531.20000000
2866     36235574.20000000
2867     36322810.10000000
2868     36410236.40000000
2869     36497856.10000000
2870     36585669.30000000
2871     36673676.50000000
2872     36761874.70000000
2873     36850270.00000000
2874     36938856.90000000
2875     37027641.40000000
2876     37116620.70000000
2877     37205795.10000000
2878     37295164.80000000
2879     37384732.90000000
2880     37474496.70000000
2881     37564456.50000000
2882     37654615.20000000
2883     37744973.30000000
2884     37835527.90000000
2885     37926282.20000000
2886     38017233.50000000
2887     38108387.80000000
2888     38199739.50000000
2889     38291291.80000000
2890     38383047.80000000
2891     38475001.80000000
2892     38567160.00000000
2893     38659516.60000000
2894     38752077.80000000
2895     38844843.80000000
2896     38937808.80000000
2897     39030979.20000000
2898     39124354.90000000
2899     39217933.40000000
2900     39311717.80000000
2901     39405708.30000000
2902     39499902.10000000
2903     39594302.40000000
2904     39688909.60000000
2905     39783723.70000000
2906     39878745.00000000
2907     39973973.70000000
2908     40069410.10000000
2909     40165057.30000000
2910     40260909.70000000
2911     40356973.30000000
2912     40453248.40000000
2913     40549732.30000000
2914     40646425.10000000
2915     40743330.20000000
2916     40840447.60000000
2917     40937774.70000000
2918     41035314.60000000
2919     41133067.70000000
2920     41231034.00000000
2921     41329213.90000000
2922     41427607.50000000
2923     41526215.10000000
2924     41625039.90000000
2925     41724076.20000000
2926     41823330.10000000
2927     41922799.00000000
2928     42022485.90000000
2929     42122388.20000000
2930     42222506.10000000
2931     42322845.80000000
2932     42423398.60000000
2933     42524173.60000000
2934     42625168.10000000
2935     42726379.40000000
2936     42827813.70000000
2937     42929465.10000000
2938     43031340.10000000
2939     43133432.60000000
2940     43235749.10000000
2941     43338286.70000000
2942     43441048.70000000
2943     43544032.40000000
2944     43647240.90000000
2945     43750671.40000000
2946     43854324.30000000
2947     43958205.80000000
2948     44062310.10000000
2949     44166640.40000000
2950     44271197.00000000
2951     44375977.10000000
2952     44480987.00000000
2953     44586223.90000000
2954     44691688.10000000
2955     44797379.70000000
2956     44903302.10000000
2957     45009452.40000000
2958     45115834.00000000
2959     45222441.00000000
2960     45329282.80000000
2961     45436353.50000000
2962     45543656.40000000
2963     45651191.80000000
2964     45758956.80000000
2965     45866954.80000000
2966     45975189.00000000
2967     46083653.60000000
2968     46192354.90000000
2969     46301287.10000000
2970     46410456.50000000
2971     46519863.50000000
2972     46629502.00000000
2973     46739378.40000000
2974     46849493.20000000
2975     46959843.30000000
2976     47070432.10000000
2977     47181259.90000000
2978     47292327.00000000
2979     47403630.40000000
2980     47515173.50000000
2981     47626959.70000000
2982     47738983.00000000
2983     47851249.90000000
2984     47963757.60000000
2985     48076506.10000000
2986     48189495.90000000
2987     48302730.30000000
2988     48416209.50000000
2989     48529930.70000000
2990     48643897.30000000
2991     48758106.30000000
2992     48872564.20000000
2993     48987265.20000000
2994     49102212.50000000
2995     49217406.40000000
2996     49332847.20000000
2997     49448535.10000000
2998     49564473.50000000
2999     49680659.60000000
3000     49797093.50000000
3001     49913778.70000000
3002     50030712.30000000
3003     50147897.70000000
3004     50265332.00000000
3005     50383018.70000000
3006     50500957.90000000
3007     50619149.90000000
3008     50737595.00000000
3009     50856293.50000000
3010     50975242.50000000
3011     51094451.60000000
3012     51213911.70000000
3013     51333626.20000000
3014     51453598.60000000
3015     51573829.00000000
3016     51694314.60000000
3017     51815055.70000000
3018     51936058.80000000
3019     52057317.80000000
3020     52178836.30000000
3021     52300611.30000000
3022     52422649.40000000
3023     52544947.70000000
3024     52667506.50000000
3025     52790326.00000000
3026     52913406.50000000
3027     53036751.50000000
3028     53160358.00000000
3029     53284226.30000000
3030     53408363.10000000
3031     53532759.00000000
3032     53657423.90000000
3033     53782351.70000000
3034     53907545.90000000
3035     54033006.70000000
3036     54158737.50000000
3037     54284732.40000000
3038     54410994.60000000
3039     54537527.80000000
3040     54664329.00000000
3041     54791398.40000000
3042     54918739.60000000
3043     55046349.50000000
3044     55174231.80000000
3045     55302386.60000000
3046     55430811.10000000
3047     55559511.80000000
3048     55688482.80000000
3049     55817727.50000000
3050     55947246.00000000
3051     56077042.10000000
3052     56207109.40000000
3053     56337454.80000000
3054     56468078.40000000
3055     56598977.40000000
3056     56730152.00000000
3057     56861605.80000000
3058     56993339.00000000
3059     57125348.60000000
3060     57257638.30000000
3061     57390211.40000000
3062     57523061.90000000
3063     57656193.20000000
3064     57789608.90000000
3065     57923302.80000000
3066     58057281.60000000
3067     58191545.60000000
3068     58326091.90000000
3069     58460920.70000000
3070     58596035.60000000
3071     58731436.90000000
3072     58867124.90000000
3073     59003096.60000000
3074     59139355.50000000
3075     59275905.20000000
3076     59412739.50000000
3077     59549865.20000000
3078     59687279.30000000
3079     59824982.10000000
3080     59962977.10000000
3081     60101261.40000000
3082     60239838.60000000
3083     60378705.60000000
3084     60517866.10000000
3085     60657320.30000000
3086     60797068.60000000
3087     60937111.10000000
3088     61077448.30000000
3089     61218080.40000000
3090     61359011.00000000
3091     61500233.80000000
3092     61641755.70000000
3093     61783577.00000000
3094     61925694.70000000
3095     62068109.10000000
3096     62210823.80000000
3097     62353842.30000000
3098     62497158.50000000
3099     62640772.60000000
3100     62784691.50000000
3101     62928912.10000000
3102     63073438.20000000
3103     63218263.40000000
3104     63363394.60000000
3105     63508828.80000000
3106     63654569.70000000
3107     63800617.50000000
3108     63946969.20000000
3109     64093628.40000000
3110     64240595.50000000
3111     64387867.50000000
3112     64535451.20000000
3113     64683343.80000000
3114     64831545.40000000
3115     64980056.40000000
3116     65128880.40000000
3117     65278014.50000000
3118     65427458.80000000
3119     65577220.50000000
3120     65727289.80000000
3121     65877677.00000000
3122     66028375.80000000
3123     66179393.10000000
3124     66330722.70000000
3125     66482371.40000000
3126     66634336.20000000
3127     66786617.60000000
3128     66939215.80000000
3129     67092134.40000000
3130     67245370.40000001
3131     67398927.50000000
3132     67552806.00000000
3133     67707002.90000001
3134     67861521.90000001
3135     68016363.20000000
3136     68171530.59999999
3137     68327017.59999999
3138     68482831.30000000
3139     68638968.59999999
3140     68795429.90000001
3141     68952218.90000001
3142     69109332.50000000
3143     69266774.40000001
3144     69424541.59999999
3145     69582641.09999999
3146     69741066.50000000
3147     69899821.50000000
3148     70058909.90000001
3149     70218325.09999999
3150     70378074.30000000
3151     70538154.40000001
3152     70698569.09999999
3153     70859315.40000001
3154     71020393.59999999
3155     71181810.80000000
3156     71343560.59999999
3157     71505646.70000000
3158     71668069.30000000
3159     71830825.59999999
3160     71993922.50000000
3161     72157360.40000001
3162     72321132.80000000
3163     72485247.00000000
3164     72649699.70000000
3165     72814494.80000000
3166     72979632.59999999
3167     73145110.00000000
3168     73310930.80000000
3169     73477095.30000000
3170     73643603.80000000
3171     73810456.70000000
3172     73977657.70000000
3173     74145200.40000001
3174     74313091.80000000
3175     74481332.50000000
3176     74649919.20000000
3177     74818852.30000000
3178     74988135.70000000
3179     75157769.50000000
3180     75327754.20000000
3181     75498090.20000000
3182     75668777.70000000
3183     75839820.50000000
3184     76011212.20000000
3185     76182959.90000001
3186     76355060.50000000
3187     76527517.90000001
3188     76700328.90000001
3189     76873500.80000000
3190     77047027.00000000
3191     77220908.00000000
3192     77395150.80000000
3193     77569752.40000001
3194     77744713.30000000
3195     77920037.09999999
3196     78095717.40000001
3197     78271761.30000000
3198     78448169.40000001
3199     78624938.30000000
3200     78802075.50000000
3201     78979570.80000000
3202     79157435.09999999
3203     79335665.30000000
3204     79514261.59999999
3205     79693224.40000001
3206     79872554.20000000
3207     80052254.70000000
3208     80232322.80000000
3209     80412762.30000000
3210     80593570.20000000
3211     80774753.70000000
3212     80956306.30000000
3213     81138231.80000000
3214     81320530.59999999
3215     81503203.00000000
3216     81686249.40000001
3217     81869673.59999999
3218     82053472.50000000
3219     82237646.50000000
3220     82422199.50000000
3221     82607131.80000000
3222     82792443.70000000
3223     82978132.20000000
3224     83164204.59999999
3225     83350657.80000000
3226     83537488.70000000
3227     83724704.50000000
3228     83912305.80000000
3229     84100289.40000001
3230     84288655.50000000
3231     84477408.20000000
3232     84666547.80000000
3233     84856071.20000000
3234     85045985.70000000
3235     85236284.70000000
3236     85426975.59999999
3237     85618055.30000000
3238     85809524.20000000
3239     86001386.00000000
3240     86193637.80000000
3241     86386283.40000001
3242     86579323.20000000
3243     86772754.00000000
3244     86966579.80000000
3245     87160804.40000001
3246     87355421.20000000
3247     87550434.09999999
3248     87745847.09999999
3249     87941660.40000001
3250     88137867.40000001
3251     88334479.09999999
3252     88531488.90000001
3253     88728900.50000000
3254     88926711.00000000
3255     89124927.70000000
3256     89323547.59999999
3257     89522570.90000001
3258     89721998.09999999
3259     89921833.20000000
3260     90122072.90000001
3261     90322721.20000000
3262     90523775.00000000
3263     90725238.09999999
3264     90927111.09999999
3265     91129397.80000000
3266     91332091.50000000
3267     91535196.20000000
3268     91738715.80000000
3269     91942647.20000000
3270     92146990.70000000
3271     92351750.40000001
3272     92556926.59999999
3273     92762519.70000000
3274     92968526.59999999
3275     93174954.80000000
3276     93381797.50000000
3277     93589062.30000000
3278     93796746.09999999
3279     94004852.80000000
3280     94213379.20000000
3281     94422325.80000000
3282     94631696.50000000
3283     94841495.40000001
3284     95051715.50000000
3285     95262361.09999999
3286     95473432.40000001
3287     95684929.90000001
3288     95896857.50000000
3289     96109212.09999999
3290     96321994.09999999
3291     96535211.20000000
3292     96748856.40000001
3293     96962933.90000001
3294     97177440.40000001
3295     97392383.59999999
3296     97607760.20000000
3297     97823570.70000000
3298     98039819.20000000
3299     98256502.30000000
3300     98473624.20000000
3301     98691181.59999999
3302     98909178.70000000
3303     99127615.70000000
3304     99346493.09999999
3305     99565811.40000001
3306     99785571.00000000
3307    100005776.00000000
3308    100226423.00000000
3309    100447512.00000000
3310    100669048.00000000
3311    100891031.00000000
3312    101113462.00000000
3313    101336337.00000000
3314    101559663.00000000
3315    101783439.00000000
3316    102007663.00000000
3317    102232337.00000000
3318    102457465.00000000
3319    102683047.00000000
3320    102909079.00000000
3321    103135567.00000000
3322    103362510.00000000
3323    103589908.00000000
3324    103817763.00000000
3325    104046075.00000000
3326    104274843.00000000
3327    104504073.00000000
3328    104733764.00000000
3329    104963914.00000000
3330    105194527.00000000
3331    105425602.00000000
3332    105657140.00000000
3333    105889139.00000000
3334    106121606.00000000
3335    106354541.00000000
3336    106587941.00000000
3337    106821807.00000000
3338    107056142.00000000
3339    107290948.00000000
3340    107526220.00000000
3341    107761967.00000000
3342    107998182.00000000
3343    108234873.00000000
3344    108472036.00000000
3345    108709675.00000000
3346    108947788.00000000
3347    109186374.00000000
3348    109425442.00000000
3349    109664984.00000000
3350    109905005.00000000
3351    110145509.00000000
3352    110386489.00000000
3353    110627953.00000000
3354    110869898.00000000
3355    111112327.00000000
3356    111355237.00000000
3357    111598633.00000000
3358    111842515.00000000
3359    112086884.00000000
3360    112331740.00000000
3361    112577083.00000000
3362    112822914.00000000
3363    113069237.00000000
3364    113316049.00000000
3365    113563354.00000000
3366    113811153.00000000
3367    114059445.00000000
3368    114308228.00000000
3369    114557510.00000000
3370    114807287.00000000
3371    115057560.00000000
3372    115308333.00000000
3373    115559602.00000000
3374    115811373.00000000
3375    116063644.00000000
3376    116316414.00000000
3377    116569690.00000000
3378    116823469.00000000
3379    117077748.00000000
3380    117332537.00000000
3381    117587831.00000000
3382    117843629.00000000
3383    118099937.00000000
3384    118356754.00000000
3385    118614080.00000000
3386    118871914.00000000
3387    119130262.00000000
3388    119389125.00000000
3389    119648496.00000000
3390    119908386.00000000
3391    120168790.00000000
3392    120429706.00000000
3393    120691144.00000000
3394    120953096.00000000
3395    121215567.00000000
3396    121478560.00000000
3397    121742073.00000000
3398    122006109.00000000
3399    122270666.00000000
3400    122535747.00000000
3401    122801350.00000000
3402    123067482.00000000
3403    123334136.00000000
3404    123601321.00000000
3405    123869033.00000000
3406    124137272.00000000
3407    124406043.00000000
3408    124675347.00000000
3409    124945179.00000000
3410    125215545.00000000
3411    125486445.00000000
3412    125757883.00000000
3413    126029852.00000000
3414    126302360.00000000
3415    126575404.00000000
3416    126848988.00000000
3417    127123113.00000000
3418    127397775.00000000
3419    127672982.00000000
3420    127948728.00000000
3421    128225020.00000000
3422    128501855.00000000
3423    128779234.00000000
3424    129057161.00000000
3425    129335637.00000000
3426    129614657.00000000
3427    129894231.00000000
3428    130174351.00000000
3429    130455025.00000000
3430    130736251.00000000
3431    131018028.00000000
3432    131300360.00000000
3433    131583246.00000000
3434    131866692.00000000
3435    132150691.00000000
3436    132435249.00000000
3437    132720365.00000000
3438    133006043.00000000
3439    133292282.00000000
3440    133579080.00000000
3441    133866446.00000000
3442    134154374.00000000
3443    134442863.00000000
3444    134731921.00000000
3445    135021547.00000000
3446    135311743.00000000
3447    135602502.00000000
3448    135893834.00000000
3449    136185738.00000000
3450    136478214.00000000
3451    136771261.00000000
3452    137064885.00000000
3453    137359080.00000000
3454    137653853.00000000
3455    137949203.00000000
3456    138245132.00000000
3457    138541642.00000000
3458    138838729.00000000
3459    139136397.00000000
3460    139434648.00000000
3461    139733481.00000000
3462    140032901.00000000
3463    140332905.00000000
3464    140633493.00000000
3465    140934674.00000000
3466    141236440.00000000
3467    141538791.00000000
3468    141841737.00000000
3469    142145274.00000000
3470    142449406.00000000
3471    142754130.00000000
3472    143059447.00000000
3473    143365360.00000000
3474    143671871.00000000
3475    143978979.00000000
3476    144286683.00000000
3477    144594989.00000000
3478    144903899.00000000
3479    145213409.00000000
3480    145523520.00000000
3481    145834236.00000000
3482    146145557.00000000
3483    146457485.00000000
3484    146770020.00000000
3485    147083166.00000000
3486    147396917.00000000
3487    147711283.00000000
3488    148026255.00000000
3489    148341844.00000000
3490    148658044.00000000
3491    148974862.00000000
3492    149292295.00000000
3493    149610340.00000000
3494    149929009.00000000
3495    150248295.00000000
3496    150568199.00000000
3497    150888729.00000000
3498    151209877.00000000
3499    151531652.00000000
3500    151854047.00000000
