   1            1.45430000
   2            3.45800000
   3            6.18470000
   4            9.40730000
   5           13.05300000
   6           17.07700000
   7           21.44660000
   8           26.13630000
   9           31.12570000
  10           36.39760000
  11           41.93780000
  12           47.73380000
  13           53.77480000
  14           60.05130000
  15           66.55470000
  16           73.27740000
  17           80.21260000
  18           87.35380000
  19           94.69530000
  20          102.23190000
  21          109.95850000
  22          117.87070000
  23          125.96420000
  24          134.23500000
  25          142.67950000
  26          151.29410000
  27          160.07560000
  28          169.02090000
  29          178.12700000
  30          187.39110000
  31          196.81060000
  32          206.38310000
  33          216.10600000
  34          225.97720000
  35          235.99440000
  36          246.15560000
  37          256.45870000
  38          266.90180000
  39          277.48320000
  40          288.20090000
  41          299.05340000
  42          310.03890000
  43          321.15590000
  44          332.40290000
  45          343.77840000
  46          355.28090000
  47          366.90920000
  48          378.66170000
  49          390.53740000
  50          402.53480000
  51          414.65290000
  52          426.89030000
  53          439.24610000
  54          451.71900000
  55          464.30800000
  56          477.01210000
  57          489.83020000
  58          502.76140000
  59          515.80460000
  60          528.95900000
  61          542.22370000
  62          555.59780000
  63          569.08030000
  64          582.67060000
  65          596.36770000
  66          610.17090000
  67          624.07940000
  68          638.12470000
  69          652.23948000
  70          666.45712000
  71          680.78355000
  72          695.20457000
  73          709.73340000
  74          724.35508000
  75          739.08340000
  76          753.91077000
  77          768.82854000
  78          783.85150000
  79          798.97145000
  80          814.18789000
  81          829.50000000
  82          844.90738000
  83          860.41805000
  84          876.01435000
  85          891.71296000
  86          907.49598000
  87          923.38061000
  88          939.35750000
  89          955.42612000
  90          971.58604000
  91          987.84653000
  92         1004.18746000
  93         1020.62857000
  94         1037.15925000
  95         1053.77898000
  96         1070.49832000
  97         1087.29534000
  98         1104.19135000
  99         1121.17493000
 100         1138.24598000
 101         1155.41544000
 102         1172.65991000
 103         1190.00255000
 104         1207.44315000
 105         1224.95789000
 106         1242.56999000
 107         1260.26741000
 108         1278.04966000
 109         1295.92947000
 110         1313.89364000
 111         1331.94196000
 112         1350.07443000
 113         1368.30390000
 114         1386.61669000
 115         1405.02687000
 116         1423.52005000
 117         1442.09626000
 118         1460.76986000
 119         1479.52568000
 120         1498.36410000
 121         1517.28430000
 122         1536.30175000
 123         1555.41643000
 124         1574.61311000
 125         1593.89144000
 126         1613.25109000
 127         1632.70823000
 128         1652.26287000
 129         1671.89871000
 130         1691.61589000
 131         1711.41359000
 132         1731.32672000
 133         1751.30327000
 134         1771.37775000
 135         1791.53306000
 136         1811.78666000
 137         1832.12070000
 138         1852.55378000
 139         1873.06729000
 140         1893.67961000
 141         1914.37260000
 142         1935.14568000
 143         1956.01835000
 144         1976.99101000
 145         1998.04396000
 146         2019.17714000
 147         2040.41062000
 148         2061.72445000
 149         2083.13876000
 150         2104.63369000
 151         2126.22942000
 152         2147.90604000
 153         2169.68415000
 154         2191.54245000
 155         2213.50293000
 156         2235.54414000
 157         2257.68800000
 158         2279.91237000
 159         2302.24036000
 160         2324.64867000
 161         2347.16059000
 162         2369.75387000
 163         2392.45101000
 164         2415.22932000
 165         2438.08860000
 166         2461.07736000
 167         2484.12255000
 168         2507.29841000
 169         2530.53109000
 170         2553.86968000
 171         2577.31491000
 172         2600.84236000
 173         2624.47698000
 174         2648.19341000
 175         2672.01780000
 176         2695.92458000
 177         2719.93988000
 178         2744.03742000
 179         2768.24477000
 180         2792.53447000
 181         2816.93431000
 182         2841.41709000
 183         2866.01058000
 184         2890.68739000
 185         2915.47573000
 186         2940.34750000
 187         2965.33140000
 188         2990.39860000
 189         3015.57952000
 190         3040.84388000
 191         3066.22230000
 192         3091.68505000
 193         3117.26221000
 194         3142.92435000
 195         3168.70152000
 196         3194.56456000
 197         3220.54276000
 198         3246.63842000
 199         3272.78748000
 200         3299.08583000
 201         3325.43800000
 202         3351.94035000
 203         3378.49694000
 204         3405.20511000
 205         3431.96668000
 206         3458.88198000
 207         3485.84987000
 208         3512.97314000
 209         3540.14995000
 210         3567.48229000
 211         3594.86760000
 212         3622.37549000
 213         3650.00605000
 214         3677.72501000
 215         3705.56857000
 216         3733.50022000
 217         3761.55717000
 218         3789.70315000
 219         3817.93801000
 220         3846.29923000
 221         3874.78743000
 222         3903.36481000
 223         3932.03375000
 224         3960.82947000
 225         3989.75436000
 226         4018.76960000
 227         4047.87608000
 228         4077.11231000
 229         4106.44023000
 230         4135.89865000
 231         4165.44924000
 232         4195.13182000
 233         4224.90630000
 234         4254.81454000
 235         4284.81464000
 236         4314.94978000
 237         4345.17778000
 238         4375.54055000
 239         4405.99694000
 240         4436.54757000
 241         4467.23411000
 242         4498.05850000
 243         4528.97699000
 244         4559.99072000
 245         4591.14244000
 246         4622.38965000
 247         4653.77667000
 248         4685.25943000
 249         4716.88226000
 250         4748.60265000
 251         4780.41916000
 252         4812.37746000
 253         4844.47795000
 254         4876.67652000
 255         4908.97278000
 256         4941.41296000
 257         4973.95161000
 258         5006.63500000
 259         5039.41713000
 260         5072.34638000
 261         5105.37414000
 262         5138.50209000
 263         5171.77787000
 264         5205.20190000
 265         5238.67694000
 266         5272.35096000
 267         5306.12642000
 268         5340.00240000
 269         5373.98008000
 270         5408.10852000
 271         5442.39026000
 272         5476.77416000
 273         5511.26034000
 274         5545.90005000
 275         5580.64391000
 276         5615.54165000
 277         5650.54489000
 278         5685.70236000
 279         5720.96511000
 280         5756.33224000
 281         5791.85699000
 282         5827.54034000
 283         5863.27540000
 284         5899.22493000
 285         5935.22486000
 286         5971.38618000
 287         6007.70831000
 288         6044.13820000
 289         6080.67438000
 290         6117.37482000
 291         6154.18242000
 292         6191.15358000
 293         6228.23382000
 294         6265.42167000
 295         6302.77657000
 296         6340.29741000
 297         6377.92851000
 298         6415.66842000
 299         6453.51942000
 300         6491.53868000
 301         6529.72776000
 302         6568.02794000
 303         6606.43934000
 304         6645.02301000
 305         6683.71719000
 306         6722.58565000
 307         6761.56549000
 308         6800.65848000
 309         6839.92553000
 310         6879.36823000
 311         6918.86270000
 312         6958.53264000
 313         6998.38017000
 314         7038.34245000
 315         7078.41960000
 316         7118.67577000
 317         7159.04881000
 318         7199.60074000
 319         7240.26827000
 320         7281.11839000
 321         7322.08502000
 322         7363.16941000
 323         7404.43617000
 324         7445.82106000
 325         7487.32476000
 326         7529.01283000
 327         7570.88690000
 328         7612.88037000
 329         7654.99342000
 330         7697.22562000
 331         7739.71599000
 332         7782.25706000
 333         7824.98870000
 334         7867.84026000
 335         7910.88283000
 336         7954.04791000
 337         7997.40558000
 338         8040.81424000
 339         8084.48809000
 340         8128.28521000
 341         8172.20466000
 342         8216.24881000
 343         8260.48852000
 344         8304.92657000
 345         8349.48884000
 346         8394.17604000
 347         8438.98833000
 348         8484.00094000
 349         8529.21332000
 350         8574.55197000
 351         8620.01819000
 352         8665.68625000
 353         8711.48228000
 354         8757.40531000
 355         8803.53395000
 356         8849.78943000
 357         8896.25158000
 358         8942.84380000
 359         8989.64261000
 360         9036.57133000
 361         9083.62955000
 362         9130.89705000
 363         9178.29615000
 364         9225.82761000
 365         9273.56876000
 366         9321.52188000
 367         9369.60744000
 368         9417.82618000
 369         9466.17999000
 370         9514.74611000
 371         9563.52741000
 372         9612.36270000
 373         9661.41244000
 374         9710.68183000
 375         9760.08466000
 376         9809.62457000
 377         9859.38398000
 378         9909.27800000
 379         9959.39435000
 380        10009.64862000
 381        10060.03984000
 382        10110.65440000
 383        10161.40692000
 384        10212.38214000
 385        10263.49980000
 386        10314.75544000
 387        10366.23713000
 388        10417.85897000
 389        10469.70857000
 390        10521.69932000
 391        10573.83376000
 392        10626.19699000
 393        10678.70141000
 394        10731.43750000
 395        10784.31697000
 396        10837.33884000
 397        10890.59577000
 398        10943.99494000
 399        10997.63091000
 400        11051.41014000
 401        11105.33636000
 402        11159.49925000
 403        11213.80662000
 404        11268.26220000
 405        11322.95670000
 406        11377.89133000
 407        11432.88011000
 408        11488.20401000
 409        11543.58123000
 410        11599.20255000
 411        11654.97303000
 412        11710.98697000
 413        11767.15232000
 414        11823.56409000
 415        11880.12592000
 416        11936.83920000
 417        11993.79998000
 418        12050.91447000
 419        12108.18045000
 420        12165.69622000
 421        12223.36453000
 422        12281.28562000
 423        12339.36031000
 424        12397.68713000
 425        12456.17105000
 426        12514.80985000
 427        12573.60370000
 428        12632.75346000
 429        12691.95997000
 430        12751.42324000
 431        12811.04615000
 432        12870.92761000
 433        12930.96490000
 434        12991.16312000
 435        13051.62221000
 436        13112.24087000
 437        13173.12220000
 438        13234.16419000
 439        13295.36578000
 440        13356.83487000
 441        13418.46342000
 442        13480.36004000
 443        13542.41846000
 444        13604.64011000
 445        13667.13221000
 446        13729.78614000
 447        13792.60335000
 448        13855.69338000
 449        13919.05503000
 450        13982.47311000
 451        14046.16768000
 452        14110.13498000
 453        14174.26887000
 454        14238.56955000
 455        14303.14914000
 456        14367.89537000
 457        14432.80842000
 458        14498.00279000
 459        14563.36511000
 460        14629.00808000
 461        14694.82265000
 462        14760.80520000
 463        14827.07336000
 464        14893.51063000
 465        14960.23410000
 466        15027.12907000
 467        15094.19703000
 468        15161.55106000
 469        15229.08050000
 470        15296.89917000
 471        15364.77394000
 472        15433.05861000
 473        15501.39978000
 474        15570.14961000
 475        15638.95891000
 476        15708.06235000
 477        15777.34243000
 478        15846.91725000
 479        15916.66856000
 480        15986.59916000
 481        16056.82826000
 482        16127.23651000
 483        16197.94386000
 484        16268.83151000
 485        16339.89834000
 486        16411.26807000
 487        16482.81814000
 488        16554.67172000
 489        16626.70810000
 490        16698.92750000
 491        16771.45158000
 492        16844.15984000
 493        16917.17603000
 494        16990.25363000
 495        17063.76464000
 496        17137.33349000
 497        17211.21470000
 498        17285.40829000
 499        17359.79244000
 500        17434.35803000
 501        17509.23986000
 502        17584.30830000
 503        17659.56756000
 504        17735.14159000
 505        17810.90494000
 506        17886.98904000
 507        17963.26230000
 508        18039.72629000
 509        18116.51087000
 510        18193.48736000
 511        18270.65461000
 512        18348.14772000
 513        18425.96264000
 514        18503.84161000
 515        18582.04493000
 516        18660.57670000
 517        18739.30145000
 518        18818.22347000
 519        18897.47378000
 520        18976.92258000
 521        19056.56595000
 522        19136.54158000
 523        19216.71573000
 524        19297.22412000
 525        19377.92811000
 526        19458.83619000
 527        19540.07835000
 528        19621.52028000
 529        19703.15944000
 530        19785.14081000
 531        19867.46301000
 532        19949.84601000
 533        20032.57105000
 534        20115.63816000
 535        20198.90891000
 536        20282.38491000
 537        20366.20559000
 538        20450.22995000
 539        20534.45960000
 540        20619.03796000
 541        20703.82145000
 542        20788.95426000
 543        20874.29483000
 544        20959.84336000
 545        21045.74245000
 546        21131.85075000
 547        21218.16846000
 548        21304.83938000
 549        21391.86777000
 550        21478.95920000
 551        21566.55554000
 552        21654.21535000
 553        21742.23878000
 554        21830.47272000
 555        21919.06518000
 556        22007.87225000
 557        22096.89127000
 558        22186.27436000
 559        22275.87496000
 560        22365.83882000
 561        22456.01856000
 562        22546.41442000
 563        22637.18055000
 564        22728.16259000
 565        22819.51408000
 566        22911.08273000
 567        23002.87315000
 568        23095.03425000
 569        23187.41545000
 570        23280.01699000
 571        23372.99338000
 572        23466.34902000
 573        23559.76630000
 574        23653.56262000
 575        23747.74091000
 576        23842.14039000
 577        23936.76572000
 578        24031.61119000
 579        24126.84201000
 580        24222.45818000
 581        24318.29978000
 582        24414.36407000
 583        24510.65721000
 584        24607.33611000
 585        24704.40520000
 586        24801.70102000
 587        24899.22677000
 588        24996.97969000
 589        25095.12772000
 590        25193.50421000
 591        25292.27192000
 592        25391.27388000
 593        25490.67068000
 594        25590.30154000
 595        25690.16364000
 596        25790.25722000
 597        25890.75209000
 598        25991.64976000
 599        26092.77823000
 600        26194.14380000
 601        26295.91191000
 602        26397.91843000
 603        26500.15749000
 604        26602.80494000
 605        26705.69235000
 606        26808.81688000
 607        26912.34954000
 608        27016.29185000
 609        27120.47674000
 610        27224.89827000
 611        27329.56286000
 612        27434.64056000
 613        27539.95643000
 614        27645.69067000
 615        27751.67060000
 616        27858.06487000
 617        27964.70616000
 618        28071.59159000
 619        28178.71827000
 620        28286.44534000
 621        28394.24221000
 622        28502.46219000
 623        28610.92605000
 624        28719.81519000
 625        28828.95584000
 626        28938.34507000
 627        29048.15929000
 628        29158.22659000
 629        29268.72107000
 630        29379.46997000
 631        29490.46717000
 632        29601.90078000
 633        29713.58721000
 634        29825.70907000
 635        29937.89592000
 636        30050.70594000
 637        30163.76827000
 638        30277.08956000
 639        30390.66363000
 640        30504.67888000
 641        30618.94824000
 642        30733.66423000
 643        30848.63891000
 644        30964.05599000
 645        31079.72988000
 646        31195.66404000
 647        31312.04673000
 648        31428.69106000
 649        31545.59728000
 650        31662.95169000
 651        31780.56935000
 652        31898.63742000
 653        32016.97010000
 654        32135.56763000
 655        32254.61849000
 656        32373.93558000
 657        32493.70823000
 658        32613.74848000
 659        32734.05656000
 660        32854.81983000
 661        32975.86225000
 662        33097.35548000
 663        33219.12261000
 664        33341.15392000
 665        33463.65891000
 666        33586.42611000
 667        33709.66260000
 668        33833.17603000
 669        33956.95660000
 670        34081.20944000
 671        34205.73414000
 672        34330.73002000
 673        34456.00252000
 674        34581.54850000
 675        34707.56863000
 676        34833.87040000
 677        34960.64521000
 678        35087.49793000
 679        35215.02725000
 680        35342.84103000
 681        35470.92931000
 682        35599.29914000
 683        35728.15136000
 684        35857.27969000
 685        35986.89956000
 686        36116.79692000
 687        36247.18814000
 688        36377.85826000
 689        36508.81441000
 690        36640.25710000
 691        36771.98723000
 692        36903.99813000
 693        37036.50549000
 694        37169.51093000
 695        37302.58680000
 696        37436.16564000
 697        37570.23514000
 698        37704.60007000
 699        37839.25022000
 700        37974.40453000
 701        38109.84897000
 702        38245.58028000
 703        38381.81880000
 704        38518.55911000
 705        38655.38194000
 706        38792.71150000
 707        38930.54590000
 708        39068.67847000
 709        39207.10595000
 710        39346.03775000
 711        39485.27297000
 712        39624.80478000
 713        39764.84393000
 714        39905.40634000
 715        40046.04938000
 716        40187.20281000
 717        40328.87901000
 718        40470.85609000
 719        40613.13071000
 720        40755.92760000
 721        40899.03068000
 722        41042.65478000
 723        41186.35702000
 724        41330.81168000
 725        41475.56818000
 726        41620.63403000
 727        41765.99860000
 728        41911.89764000
 729        42058.10045000
 730        42204.83648000
 731        42351.87772000
 732        42499.45822000
 733        42647.34539000
 734        42795.54315000
 735        42944.27963000
 736        43093.32080000
 737        43242.90675000
 738        43392.80992000
 739        43543.01578000
 740        43693.77328000
 741        43844.83861000
 742        43996.45057000
 743        44148.37180000
 744        44300.62118000
 745        44453.40915000
 746        44606.51930000
 747        44760.17416000
 748        44914.15644000
 749        45068.44766000
 750        45223.29796000
 751        45378.45865000
 752        45534.18462000
 753        45690.22618000
 754        45846.59872000
 755        46003.52841000
 756        46160.77163000
 757        46318.58579000
 758        46476.71494000
 759        46635.17834000
 760        46794.19685000
 761        46953.78741000
 762        47113.45910000
 763        47273.70434000
 764        47434.51335000
 765        47595.65731000
 766        47757.12113000
 767        47919.16726000
 768        48081.53472000
 769        48244.48311000
 770        48407.75816000
 771        48571.37173000
 772        48735.55396000
 773        48900.08012000
 774        49065.17347000
 775        49230.61226000
 776        49396.38121000
 777        49562.73611000
 778        49729.42265000
 779        49896.70154000
 780        50064.30963000
 781        50232.26680000
 782        50400.80779000
 783        50569.68366000
 784        50739.15762000
 785        50908.96400000
 786        51079.37096000
 787        51250.11580000
 788        51421.21464000
 789        51592.89352000
 790        51764.92793000
 791        51937.29827000
 792        52110.27574000
 793        52283.84610000
 794        52457.51513000
 795        52632.03902000
 796        52806.66617000
 797        52981.88216000
 798        53157.71281000
 799        53333.88940000
 800        53510.42026000
 801        53687.55697000
 802        53865.04949000
 803        54042.89405000
 804        54221.35584000
 805        54400.42034000
 806        54579.59006000
 807        54759.36399000
 808        54939.76424000
 809        55120.52933000
 810        55301.63498000
 811        55483.37028000
 812        55665.45583000
 813        55848.17358000
 814        56031.25134000
 815        56214.95563000
 816        56399.00908000
 817        56583.43673000
 818        56768.49008000
 819        56953.90681000
 820        57139.67888000
 821        57326.09238000
 822        57513.13662000
 823        57700.27714000
 824        57888.32062000
 825        58076.46511000
 826        58265.24442000
 827        58454.66868000
 828        58644.45022000
 829        58834.61450000
 830        59025.41446000
 831        59216.59035000
 832        59408.12557000
 833        59600.32512000
 834        59793.15697000
 835        59986.37213000
 836        60179.96667000
 837        60373.91963000
 838        60568.81209000
 839        60763.79159000
 840        60959.44407000
 841        61155.45374000
 842        61352.13474000
 843        61549.18729000
 844        61746.90520000
 845        61944.99192000
 846        62143.47785000
 847        62342.60668000
 848        62542.13634000
 849        62742.31143000
 850        62942.88464000
 851        63143.83464000
 852        63345.45939000
 853        63547.73897000
 854        63750.42863000
 855        63953.48514000
 856        64156.94364000
 857        64361.06107000
 858        64565.86546000
 859        64771.05289000
 860        64976.63681000
 861        65182.89795000
 862        65389.55280000
 863        65596.88747000
 864        65804.61303000
 865        66012.73418000
 866        66221.53854000
 867        66430.74010000
 868        66640.61860000
 869        66850.91369000
 870        67061.58561000
 871        67272.96461000
 872        67485.02126000
 873        67697.49334000
 874        67910.34984000
 875        68123.91875000
 876        68337.86913000
 877        68552.23272000
 878        68767.29421000
 879        68982.76156000
 880        69198.92491000
 881        69415.49573000
 882        69632.77423000
 883        69850.45730000
 884        70068.84162000
 885        70287.64119000
 886        70506.84267000
 887        70726.75795000
 888        70947.08130000
 889        71168.12113000
 890        71389.57981000
 891        71611.43014000
 892        71834.01419000
 893        72056.99144000
 894        72280.70972000
 895        72504.82279000
 896        72729.67499000
 897        72954.92354000
 898        73180.61039000
 899        73407.00749000
 900        73634.13521000
 901        73861.37131000
 902        74089.64529000
 903        74318.02822000
 904        74547.14612000
 905        74776.99618000
 906        75007.26792000
 907        75237.95693000
 908        75469.39569000
 909        75701.23925000
 910        75933.84469000
 911        76166.85180000
 912        76400.30335000
 913        76634.48255000
 914        76869.41967000
 915        77104.46357000
 916        77340.57037000
 917        77576.79882000
 918        77813.75150000
 919        78051.47794000
 920        78289.62699000
 921        78528.20849000
 922        78767.54344000
 923        79007.31250000
 924        79247.83771000
 925        79488.80832000
 926        79730.51369000
 927        79972.68061000
 928        80215.26593000
 929        80458.63301000
 930        80702.42496000
 931        80946.98688000
 932        81191.98986000
 933        81437.76557000
 934        81683.96938000
 935        81930.63086000
 936        82178.05399000
 937        82425.92671000
 938        82674.56868000
 939        82923.66193000
 940        83173.51731000
 941        83423.84535000
 942        83674.92837000
 943        83926.47593000
 944        84178.47849000
 945        84431.24941000
 946        84684.46710000
 947        84938.47567000
 948        85192.94263000
 949        85448.18334000
 950        85703.89410000
 951        85960.05528000
 952        86217.00376000
 953        86474.40432000
 954        86732.61496000
 955        86991.26936000
 956        87250.72658000
 957        87510.62918000
 958        87771.01778000
 959        88032.17247000
 960        88294.15575000
 961        88556.59786000
 962        88819.50926000
 963        89083.20225000
 964        89347.37636000
 965        89612.35513000
 966        89877.79641000
 967        90143.71069000
 968        90410.43325000
 969        90677.63055000
 970        90945.62865000
 971        91214.46023000
 972        91483.40183000
 973        91753.17869000
 974        92023.75153000
 975        92294.81461000
 976        92566.68672000
 977        92838.70084000
 978        93111.86584000
 979        93385.53499000
 980        93659.65669000
 981        93934.62499000
 982        94210.06834000
 983        94485.97660000
 984        94762.72474000
 985        95040.31474000
 986        95318.38321000
 987        95596.91995000
 988        95876.30223000
 989        96156.18606000
 990        96436.88668000
 991        96718.09060000
 992        97000.11405000
 993        97282.64258000
 994        97565.65536000
 995        97849.52309000
 996        98134.22650000
 997        98419.05641000
 998        98705.11706000
 999        98991.29420000
1000        99278.69539000
1001        99566.21365000
1002        99854.58556000
1003       100143.82380000
1004       100433.56569000
1005       100723.79003000
1006       101014.89525000
1007       101306.47385000
1008       101598.92539000
1009       101891.87361000
1010       102185.69766000
1011       102480.02014000
1012       102775.21047000
1013       103070.90096000
1014       103367.10285000
1015       103664.15446000
1016       103962.11238000
1017       104260.18024000
1018       104559.51769000
1019       104858.97664000
1020       105159.69823000
1021       105460.54191000
1022       105762.26658000
1023       106064.88526000
1024       106368.02423000
1025       106671.67280000
1026       106976.19703000
1027       107281.24367000
1028       107587.16881000
1029       107894.00778000
1030       108200.94880000
1031       108508.81661000
1032       108817.56861000
1033       109126.84842000
1034       109437.01525000
1035       109747.71169000
1036       110058.92684000
1037       110371.04400000
1038       110683.68164000
1039       110997.23545000
1040       111311.27763000
1041       111626.26148000
1042       111941.75804000
1043       112258.18796000
1044       112575.12100000
1045       112892.97897000
1046       113211.35314000
1047       113530.27804000
1048       113850.10890000
1049       114170.46946000
1050       114491.75029000
1051       114813.57408000
1052       115136.30957000
1053       115459.57834000
1054       115783.78470000
1055       116108.51461000
1056       116434.18507000
1057       116760.38083000
1058       117087.13694000
1059       117414.80271000
1060       117743.41492000
1061       118072.55596000
1062       118402.26106000
1063       118732.88154000
1064       119064.06795000
1065       119396.18430000
1066       119728.84504000
1067       120062.45032000
1068       120396.61355000
1069       120731.29981000
1070       121066.95798000
1071       121403.54301000
1072       121740.70144000
1073       122078.39823000
1074       122417.03743000
1075       122756.24043000
1076       123096.41252000
1077       123437.12652000
1078       123778.80069000
1079       124121.04238000
1080       124464.23529000
1081       124807.99756000
1082       125152.70201000
1083       125497.98964000
1084       125843.81288000
1085       126190.63008000
1086       126538.40729000
1087       126886.74740000
1088       127235.65075000
1089       127585.52999000
1090       127935.96220000
1091       128287.39750000
1092       128639.37546000
1093       128992.35955000
1094       129345.88808000
1095       129700.41360000
1096       130055.49750000
1097       130411.58143000
1098       130768.22553000
1099       131125.45463000
1100       131483.66320000
1101       131842.89014000
1102       132202.66862000
1103       132563.02352000
1104       132924.37614000
1105       133286.30705000
1106       133649.25104000
1107       134012.75043000
1108       134377.27832000
1109       134742.36340000
1110       135108.46761000
1111       135475.13078000
1112       135842.82857000
1113       136211.09959000
1114       136579.96915000
1115       136950.25466000
1116       137320.72641000
1117       137692.18978000
1118       138064.25545000
1119       138437.32826000
1120       138811.43547000
1121       139186.12322000
1122       139561.40444000
1123       139937.72408000
1124       140314.63911000
1125       140692.55759000
1126       141071.08599000
1127       141450.63350000
1128       141830.79284000
1129       142211.96155000
1130       142593.75675000
1131       142976.56431000
1132       143359.98750000
1133       143744.02672000
1134       144129.06936000
1135       144515.18168000
1136       144901.88776000
1137       145289.21368000
1138       145677.56183000
1139       146066.98592000
1140       146456.98159000
1141       146847.61388000
1142       147239.27434000
1143       147631.57339000
1144       148024.90363000
1145       148418.86139000
1146       148813.85330000
1147       149209.50079000
1148       149606.18548000
1149       150003.48848000
1150       150401.84475000
1151       150800.83435000
1152       151200.86711000
1153       151601.53512000
1154       152003.26247000
1155       152405.62701000
1156       152808.60272000
1157       153212.68148000
1158       153617.79922000
1159       154023.55804000
1160       154429.94506000
1161       154837.38821000
1162       155245.92955000
1163       155655.08917000
1164       156064.89415000
1165       156475.78809000
1166       156887.30257000
1167       157299.89567000
1168       157713.59638000
1169       158127.44863000
1170       158542.88343000
1171       158958.93059000
1172       159375.64443000
1173       159793.41909000
1174       160211.86241000
1175       160631.36954000
1176       161051.54731000
1177       161472.80549000
1178       161894.73632000
1179       162317.29938000
1180       162741.42597000
1181       163165.73541000
1182       163591.15965000
1183       164017.67344000
1184       164444.86589000
1185       164873.15098000
1186       165302.11675000
1187       165731.72235000
1188       166162.42457000
1189       166594.26694000
1190       167026.73872000
1191       167459.89560000
1192       167894.64178000
1193       168329.57529000
1194       168765.61463000
1195       169202.32918000
1196       169640.15262000
1197       170079.15685000
1198       170518.78404000
1199       170959.09045000
1200       171400.51190000
1201       171843.10665000
1202       172286.32803000
1203       172730.26073000
1204       173175.30060000
1205       173621.02566000
1206       174067.87503000
1207       174515.41156000
1208       174964.10384000
1209       175413.93985000
1210       175863.95477000
1211       176315.62787000
1212       176767.95108000
1213       177220.96746000
1214       177675.16339000
1215       178129.99741000
1216       178586.01414000
1217       179042.68510000
1218       179500.54199000
1219       179959.08376000
1220       180418.78595000
1221       180879.16057000
1222       181340.71316000
1223       181802.96902000
1224       182266.39162000
1225       182730.47607000
1226       183195.75936000
1227       183661.70640000
1228       184128.88461000
1229       184596.69941000
1230       185065.73410000
1231       185535.42177000
1232       186006.33262000
1233       186477.92760000
1234       186950.71978000
1235       187424.18337000
1236       187898.86203000
1237       188374.24343000
1238       188850.81376000
1239       189328.05931000
1240       189806.52643000
1241       190285.72988000
1242       190765.58128000
1243       191247.16212000
1244       191728.91942000
1245       192212.41065000
1246       192696.10883000
1247       193181.51567000
1248       193667.10038000
1249       194153.92074000
1250       194641.96411000
1251       195130.72425000
1252       195620.66563000
1253       196111.35577000
1254       196603.26038000
1255       197095.87072000
1256       197589.69868000
1257       198084.26452000
1258       198580.05123000
1259       199076.56276000
1260       199574.28322000
1261       200072.73047000
1262       200572.43540000
1263       201072.83878000
1264       201574.47263000
1265       202076.85260000
1266       202580.48160000
1267       203084.81293000
1268       203590.41184000
1269       204096.73039000
1270       204604.28913000
1271       205112.55408000
1272       205622.10858000
1273       206132.38671000
1274       206643.91150000
1275       207156.14640000
1276       207669.67757000
1277       208184.46092000
1278       208699.44831000
1279       209216.20007000
1280       209733.74523000
1281       210251.97530000
1282       210771.51175000
1283       211291.75058000
1284       211813.31480000
1285       212335.56770000
1286       212859.11805000
1287       213383.95248000
1288       213909.51045000
1289       214435.82376000
1290       214963.40969000
1291       215492.30207000
1292       216021.93775000
1293       216552.30126000
1294       217083.99144000
1295       217616.41148000
1296       218150.09808000
1297       218685.10115000
1298       219220.86947000
1299       219757.92580000
1300       220295.71752000
1301       220834.30889000
1302       221374.16058000
1303       221915.33882000
1304       222457.27249000
1305       223000.52006000
1306       223544.49290000
1307       224089.25571000
1308       224635.88071000
1309       225182.73843000
1310       225730.86926000
1311       226280.35633000
1312       226830.57454000
1313       227382.13617000
1314       227934.47964000
1315       228488.12118000
1316       229042.53031000
1317       229598.30595000
1318       230155.36888000
1319       230712.66859000
1320       231271.85810000
1321       231831.82099000
1322       232392.55764000
1323       232954.63825000
1324       233517.49468000
1325       234081.66547000
1326       234647.23536000
1327       235213.53528000
1328       235780.64814000
1329       236349.09851000
1330       236918.88868000
1331       237489.46245000
1332       238060.87011000
1333       238634.13177000
1334       239207.65370000
1335       239782.52312000
1336       240358.75902000
1337       240935.75128000
1338       241514.16361000
1339       242093.33433000
1340       242673.87828000
1341       243255.21618000
1342       243837.93071000
1343       244421.42440000
1344       245006.33186000
1345       245591.98675000
1346       246179.04192000
1347       246767.48285000
1348       247356.72564000
1349       247946.77069000
1350       248538.20595000
1351       249130.42851000
1352       249724.02761000
1353       250319.05679000
1354       250914.84281000
1355       251512.04526000
1356       252110.07500000
1357       252708.91534000
1358       253309.71805000
1359       253910.75835000
1360       254513.76565000
1361       255117.04584000
1362       255722.26319000
1363       256327.75429000
1364       256935.22174000
1365       257543.50941000
1366       258152.60032000
1367       258763.14583000
1368       259374.47928000
1369       259987.27086000
1370       260601.41839000
1371       261216.42729000
1372       261832.28060000
1373       262449.52910000
1374       263068.17505000
1375       263687.72186000
1376       264308.65200000
1377       264930.43256000
1378       265553.63493000
1379       266177.65460000
1380       266803.15242000
1381       267429.43428000
1382       268057.18011000
1383       268686.37464000
1384       269315.79984000
1385       269947.26899000
1386       270579.58113000
1387       271212.71883000
1388       271847.34886000
1389       272483.38443000
1390       273120.30296000
1391       273758.63034000
1392       274397.84287000
1393       275038.50347000
1394       275680.01555000
1395       276322.94311000
1396       276966.81427000
1397       277612.06827000
1398       278258.25019000
1399       278905.81818000
1400       279554.90112000
1401       280204.84366000
1402       280855.64620000
1403       281507.93215000
1404       282161.64931000
1405       282816.26671000
1406       283472.35517000
1407       284129.30962000
1408       284787.73855000
1409       285447.05391000
1410       286107.81055000
1411       286769.51084000
1412       287432.61907000
1413       288097.28460000
1414       288762.76906000
1415       289429.20183000
1416       290097.04911000
1417       290766.42398000
1418       291436.67729000
1419       292108.44329000
1420       292781.08991000
1421       293455.23416000
1422       294130.22395000
1423       294806.78928000
1424       295484.18362000
1425       296163.13851000
1426       296842.94313000
1427       297524.27447000
1428       298207.11626000
1429       298890.84901000
1430       299576.15206000
1431       300262.27308000
1432       300949.96797000
1433       301638.52048000
1434       302328.61272000
1435       303019.60243000
1436       303712.13545000
1437       304405.56815000
1438       305100.52873000
1439       305797.01961000
1440       306494.41406000
1441       307193.32324000
1442       307893.19533000
1443       308593.91638000
1444       309296.88400000
1445       310000.68481000
1446       310705.47233000
1447       311411.72747000
1448       312118.93324000
1449       312827.70605000
1450       313538.02911000
1451       314249.26843000
1452       314961.42444000
1453       315675.77303000
1454       316390.40341000
1455       317107.25060000
1456       317824.36107000
1457       318543.67380000
1458       319263.93055000
1459       319985.11232000
1460       320707.86195000
1461       321432.18186000
1462       322157.43074000
1463       322884.25343000
1464       323612.02689000
1465       324341.35809000
1466       325071.60302000
1467       325803.50743000
1468       326536.26877000
1469       327270.69331000
1470       328006.62587000
1471       328743.57695000
1472       329481.38898000
1473       330221.54257000
1474       330961.88892000
1475       331704.54222000
1476       332447.50811000
1477       333192.66675000
1478       333938.81314000
1479       334685.86807000
1480       335434.64744000
1481       336184.91406000
1482       336936.17307000
1483       337689.08284000
1484       338442.90720000
1485       339198.30556000
1486       339954.74120000
1487       340712.79471000
1488       341472.42819000
1489       342233.02255000
1490       342994.57820000
1491       343758.46245000
1492       344522.60727000
1493       345289.04510000
1494       346055.78484000
1495       346824.90390000
1496       347594.91101000
1497       348365.88789000
1498       349138.50289000
1499       349912.84025000
1500       350688.06973000
1501       351464.98436000
1502       352242.83410000
1503       353022.41378000
1504       353803.56160000
1505       354585.73070000
1506       355368.79796000
1507       356153.68520000
1508       356940.10617000
1509       357727.55309000
1510       358516.66115000
1511       359306.71465000
1512       360098.47432000
1513       360891.85962000
1514       361686.36071000
1515       362481.72838000
1516       363278.80964000
1517       364077.52358000
1518       364877.31657000
1519       365678.70396000
1520       366481.81374000
1521       367285.88112000
1522       368091.07451000
1523       368897.82717000
1524       369706.30968000
1525       370515.75409000
1526       371327.01656000
1527       372139.15875000
1528       372953.03824000
1529       373768.57294000
1530       374585.24529000
1531       375403.49162000
1532       376222.79312000
1533       377043.75689000
1534       377865.86350000
1535       378689.55075000
1536       379514.29793000
1537       380340.75728000
1538       381168.93130000
1539       381998.08383000
1540       382828.99754000
1541       383660.97794000
1542       384494.63737000
1543       385329.27970000
1544       386165.69072000
1545       387003.82991000
1546       387842.99921000
1547       388683.85704000
1548       389525.79053000
1549       390369.45952000
1550       391214.16323000
1551       392060.56260000
1552       392908.74715000
1553       393757.97053000
1554       394608.93931000
1555       395460.90552000
1556       396314.66447000
1557       397170.17502000
1558       398026.73087000
1559       398884.24465000
1560       399743.60262000
1561       400604.71957000
1562       401466.88645000
1563       402330.72776000
1564       403196.46661000
1565       404063.21544000
1566       404930.93026000
1567       405800.50363000
1568       406671.84962000
1569       407544.20991000
1570       408418.30193000
1571       409294.26172000
1572       410171.23982000
1573       411050.04507000
1574       411929.82617000
1575       412811.43811000
1576       413694.16235000
1577       414578.63175000
1578       415464.12605000
1579       416351.45887000
1580       417240.58788000
1581       418130.79091000
1582       419022.74874000
1583       419916.55415000
1584       420811.43777000
1585       421707.40008000
1586       422605.16980000
1587       423504.65871000
1588       424405.36663000
1589       425307.79738000
1590       426212.04431000
1591       427117.42385000
1592       428023.89102000
1593       428932.08795000
1594       429842.15422000
1595       430754.09253000
1596       431666.34350000
1597       432581.11303000
1598       433497.02441000
1599       434414.81557000
1600       435333.65909000
1601       436254.34012000
1602       437176.02947000
1603       438099.74487000
1604       439025.11913000
1605       439951.69084000
1606       440880.01737000
1607       441809.63686000
1608       442740.92190000
1609       443674.10728000
1610       444608.40415000
1611       445544.60536000
1612       446481.92055000
1613       447421.00370000
1614       448361.24983000
1615       449303.36120000
1616       450247.34038000
1617       451192.39308000
1618       452139.41141000
1619       453087.45853000
1620       454037.38095000
1621       454989.18127000
1622       455942.20324000
1623       456897.01247000
1624       457852.95117000
1625       458810.77538000
1626       459769.73147000
1627       460731.38137000
1628       461693.26659000
1629       462657.89840000
1630       463622.95694000
1631       464590.62453000
1632       465559.38478000
1633       466529.28590000
1634       467501.94806000
1635       468475.61114000
1636       469450.51540000
1637       470427.23327000
1638       471405.95967000
1639       472385.73927000
1640       473366.71705000
1641       474350.37903000
1642       475335.24324000
1643       476321.16504000
1644       477309.01055000
1645       478298.87949000
1646       479290.53181000
1647       480282.67074000
1648       481277.46427000
1649       482273.46949000
1650       483271.36266000
1651       484270.32341000
1652       485271.32233000
1653       486274.31339000
1654       487278.37617000
1655       488283.60905000
1656       489291.56755000
1657       490300.02023000
1658       491311.05619000
1659       492323.31779000
1660       493337.48724000
1661       494352.98377000
1662       495370.29314000
1663       496388.78367000
1664       497409.28872000
1665       498431.76140000
1666       499455.37003000
1667       500480.95005000
1668       501507.71809000
1669       502537.34799000
1670       503567.18269000
1671       504599.09637000
1672       505632.99187000
1673       506668.87186000
1674       507705.84827000
1675       508744.12228000
1676       509785.22796000
1677       510826.59141000
1678       511870.79174000
1679       512916.14518000
1680       513963.59829000
1681       515012.15636000
1682       516062.71693000
1683       517114.53660000
1684       518168.36280000
1685       519224.14739000
1686       520281.09391000
1687       521340.10425000
1688       522401.18126000
1689       523463.37352000
1690       524526.78343000
1691       525593.01662000
1692       526660.57382000
1693       527729.19949000
1694       528799.90371000
1695       529872.63794000
1696       530946.59870000
1697       532022.59340000
1698       533100.52157000
1699       534179.83539000
1700       535260.32916000
1701       536343.57100000
1702       537428.09987000
1703       538513.86460000
1704       539601.67765000
1705       540691.54170000
1706       541783.35539000
1707       542876.56744000
1708       543970.86598000
1709       545067.27540000
1710       546165.74633000
1711       547266.28143000
1712       548368.06572000
1713       549470.99481000
1714       550576.91726000
1715       551684.09337000
1716       552792.41843000
1717       553902.87201000
1718       555015.35151000
1719       556129.19507000
1720       557245.06853000
1721       558362.92149000
1722       559482.09028000
1723       560602.57561000
1724       561725.92485000
1725       562850.48840000
1726       563976.37307000
1727       565105.18351000
1728       566234.32993000
1729       567366.46072000
1730       568499.97285000
1731       569635.37760000
1732       570772.16622000
1733       571910.95801000
1734       573051.19015000
1735       574193.48311000
1736       575337.78560000
1737       576483.37188000
1738       577631.18698000
1739       578781.01800000
1740       579932.19141000
1741       581085.38437000
1742       582239.97644000
1743       583396.59184000
1744       584555.39586000
1745       585715.49530000
1746       586877.67876000
1747       588042.05777000
1748       589207.68222000
1749       590375.39715000
1750       591544.52371000
1751       592715.63532000
1752       593889.00812000
1753       595063.74276000
1754       596240.46868000
1755       597418.55888000
1756       598598.69881000
1757       599781.16633000
1758       600964.89282000
1759       602150.67548000
1760       603338.68250000
1761       604528.11869000
1762       605719.50678000
1763       606912.32662000
1764       608107.21270000
1765       609304.38979000
1766       610502.89253000
1767       611703.41227000
1768       612906.23006000
1769       614110.43382000
1770       615316.66085000
1771       616524.27632000
1772       617734.03053000
1773       618946.09429000
1774       620159.43927000
1775       621374.87342000
1776       622592.56795000
1777       623811.71687000
1778       625032.84879000
1779       626255.43768000
1780       627480.23896000
1781       628707.19882000
1782       629935.50752000
1783       631165.97864000
1784       632397.91459000
1785       633632.88824000
1786       634868.23171000
1787       636106.73183000
1788       637346.58996000
1789       638588.68082000
1790       639832.07516000
1791       641077.64902000
1792       642324.75762000
1793       643574.86975000
1794       644825.41384000
1795       646079.08129000
1796       647334.17597000
1797       648591.46355000
1798       649850.12344000
1799       651110.98011000
1800       652374.20943000
1801       653638.70023000
1802       654905.39438000
1803       656173.52587000
1804       657443.98074000
1805       658716.58774000
1806       659991.46560000
1807       661267.78779000
1808       662545.38025000
1809       663826.19625000
1810       665107.39648000
1811       666391.94280000
1812       667677.82417000
1813       668965.81582000
1814       670256.21326000
1815       671548.06745000
1816       672841.14405000
1817       674137.46843000
1818       675435.19544000
1819       676734.32566000
1820       678036.59511000
1821       679340.21269000
1822       680645.29711000
1823       681952.80785000
1824       683262.39239000
1825       684574.34954000
1826       685887.72117000
1827       687202.56737000
1828       688520.51669000
1829       689839.94475000
1830       691160.67323000
1831       692484.75232000
1832       693810.19558000
1833       695136.94350000
1834       696466.20374000
1835       697797.61968000
1836       699131.43386000
1837       700466.67918000
1838       701803.35622000
1839       703143.22832000
1840       704484.53619000
1841       705828.07264000
1842       707173.28912000
1843       708520.67784000
1844       709869.44696000
1845       711221.55025000
1846       712575.15945000
1847       713930.03222000
1848       715287.33021000
1849       716646.99560000
1850       718008.11142000
1851       719372.51936000
1852       720737.39953000
1853       722105.51621000
1854       723475.21248000
1855       724846.30536000
1856       726220.58251000
1857       727596.38285000
1858       728973.70718000
1859       730353.23657000
1860       731735.28149000
1861       733119.78352000
1862       734505.50796000
1863       735893.75531000
1864       737283.35080000
1865       738675.53565000
1866       740070.00313000
1867       741466.75570000
1868       742865.04895000
1869       744264.94593000
1870       745668.00595000
1871       747072.54931000
1872       748478.63906000
1873       749888.02539000
1874       751298.89991000
1875       752711.26320000
1876       754126.86944000
1877       755543.21653000
1878       756962.81220000
1879       758383.77765000
1880       759807.30757000
1881       761232.39889000
1882       762660.62495000
1883       764089.53478000
1884       765521.77406000
1885       766955.58175000
1886       768391.77898000
1887       769829.48403000
1888       771269.58261000
1889       772712.14100000
1890       774156.21196000
1891       775602.68328000
1892       777051.74903000
1893       778502.20465000
1894       779955.00354000
1895       781410.40418000
1896       782867.39107000
1897       784326.66402000
1898       785788.48212000
1899       787251.76291000
1900       788717.59327000
1901       790184.88893000
1902       791654.67412000
1903       793126.88721000
1904       794601.66012000
1905       796077.90498000
1906       797556.58461000
1907       799036.73855000
1908       800520.55460000
1909       802004.81975000
1910       803492.42832000
1911       804981.71297000
1912       806473.57660000
1913       807966.72845000
1914       809462.52860000
1915       810960.91503000
1916       812460.59364000
1917       813962.92807000
1918       815467.79053000
1919       816974.14593000
1920       818484.00669000
1921       819994.45627000
1922       821508.28540000
1923       823023.81163000
1924       824540.83804000
1925       826061.25300000
1926       827583.37031000
1927       829107.05861000
1928       830634.14463000
1929       832162.80570000
1930       833693.04244000
1931       835226.95171000
1932       836762.17510000
1933       838299.04548000
1934       839839.46490000
1935       841381.46918000
1936       842925.05894000
1937       844471.15419000
1938       846019.69073000
1939       847571.07327000
1940       849123.84729000
1941       850679.13650000
1942       852237.14539000
1943       853796.68448000
1944       855358.61110000
1945       856923.26485000
1946       858489.58837000
1947       860058.30611000
1948       861629.69107000
1949       863202.68313000
1950       864778.34707000
1951       866355.41744000
1952       867936.16183000
1953       869518.45235000
1954       871102.42562000
1955       872689.94662000
1956       874279.01843000
1957       875869.64147000
1958       877463.09224000
1959       879059.03212000
1960       880657.46364000
1961       882257.59023000
1962       883860.48709000
1963       885465.81397000
1964       887072.70357000
1965       888682.30207000
1966       890294.61270000
1967       891908.35297000
1968       893524.80963000
1969       895144.05502000
1970       896764.66525000
1971       898387.99932000
1972       900013.99106000
1973       901641.62922000
1974       903271.85992000
1975       904904.75558000
1976       906539.23289000
1977       908176.44916000
1978       909816.26797000
1979       911458.76199000
1980       913102.77458000
1981       914748.58607000
1982       916398.02982000
1983       918048.99663000
1984       919702.72034000
1985       921358.25083000
1986       923016.33205000
1987       924676.89610000
1988       926340.29803000
1989       928005.44389000
1990       929673.07938000
1991       931342.46154000
1992       933014.54953000
1993       934689.27548000
1994       936366.71315000
1995       938045.83407000
1996       939727.74229000
1997       941411.12320000
1998       943098.32957000
1999       944787.15506000
2000       946477.67151000
2001       948170.91578000
2002       949866.89091000
2003       951565.52828000
2004       953265.86384000
2005       954968.86581000
2006       956674.60886000
2007       958381.98316000
2008       960093.28859000
2009       961805.11517000
2010       963520.59064000
2011       965237.92068000
2012       966958.07898000
2013       968679.80601000
2014       970404.14844000
2015       972131.32643000
2016       973860.36781000
2017       975592.93531000
2018       977327.29794000
2019       979063.38378000
2020       980802.31760000
2021       982543.81078000
2022       984288.15785000
2023       986034.30852000
2024       987783.02530000
2025       989534.60361000
2026       991287.91743000
2027       993044.09761000
2028       994802.77994000
2029       996563.34968000
2030       998327.70523000
2031      1000092.74581000
2032      1001861.65181000
2033      1003632.23182000
2034      1005405.62250000
2035      1007180.68984000
2036      1008959.71019000
2037      1010739.34692000
2038      1012522.72020000
2039      1014308.07412000
2040      1016096.03075000
2041      1017886.89031000
2042      1019679.28931000
2043      1021474.81950000
2044      1023273.03670000
2045      1025073.86874000
2046      1026876.62044000
2047      1028682.29061000
2048      1030489.58416000
2049      1032299.57551000
2050      1034112.71820000
2051      1035928.48962000
2052      1037745.89085000
2053      1039566.22568000
2054      1041389.57289000
2055      1043214.55484000
2056      1045042.17597000
2057      1046872.81712000
2058      1048705.40043000
2059      1050540.47835000
2060      1052378.58424000
2061      1054219.56967000
2062      1056062.42919000
2063      1057907.86838000
2064      1059755.26058000
2065      1061606.55200000
2066      1063458.63729000
2067      1065314.47494000
2068      1067173.28647000
2069      1069033.90841000
2070      1070896.34147000
2071      1072762.69314000
2072      1074630.78354000
2073      1076501.86032000
2074      1078374.67867000
2075      1080251.42902000
2076      1082130.00221000
2077      1084010.55339000
2078      1085894.81469000
2079      1087780.98123000
2080      1089668.97644000
2081      1091560.92314000
2082      1093454.70296000
2083      1095351.41807000
2084      1097249.89154000
2085      1099152.40779000
2086      1101055.66080000
2087      1102962.88481000
2088      1104871.95227000
2089      1106783.97017000
2090      1108698.86338000
2091      1110616.71311000
2092      1112536.17858000
2093      1114458.91865000
2094      1116383.35575000
2095      1118310.67984000
2096      1120240.81509000
2097      1122174.23691000
2098      1124109.28377000
2099      1126048.42116000
2100      1127988.07217000
2101      1129932.13590000
2102      1131877.91029000
2103      1133826.43385000
2104      1135777.14602000
2105      1137731.81031000
2106      1139688.27132000
2107      1141646.44997000
2108      1143608.98796000
2109      1145573.24807000
2110      1147540.51341000
2111      1149509.42339000
2112      1151481.66269000
2113      1153456.75506000
2114      1155434.78329000
2115      1157414.54285000
2116      1159397.56350000
2117      1161383.44724000
2118      1163372.35764000
2119      1165362.92575000
2120      1167356.84720000
2121      1169352.42910000
2122      1171352.09889000
2123      1173353.67524000
2124      1175357.40172000
2125      1177365.06439000
2126      1179374.39578000
2127      1181387.01994000
2128      1183401.55917000
2129      1185420.12876000
2130      1187440.53638000
2131      1189463.02701000
2132      1191489.55767000
2133      1193518.01304000
2134      1195549.37306000
2135      1197582.90603000
2136      1199620.41061000
2137      1201659.92935000
2138      1203701.13499000
2139      1205746.81391000
2140      1207794.26618000
2141      1209844.80503000
2142      1211897.11968000
2143      1213952.69024000
2144      1216011.27277000
2145      1218072.70492000
2146      1220136.25020000
2147      1222204.13368000
2148      1224272.65023000
2149      1226345.26246000
2150      1228419.91313000
2151      1230497.84290000
2152      1232578.63943000
2153      1234661.23029000
2154      1236747.10816000
2155      1238836.19332000
2156      1240928.15507000
2157      1243022.00160000
2158      1245119.23049000
2159      1247219.34300000
2160      1249321.42926000
2161      1251426.48687000
2162      1253534.93862000
2163      1255646.36796000
2164      1257759.77875000
2165      1259876.08694000
2166      1261995.88548000
2167      1264117.41783000
2168      1266243.27855000
2169      1268369.79015000
2170      1270500.89022000
2171      1272633.73072000
2172      1274770.99854000
2173      1276908.83614000
2174      1279051.27736000
2175      1281195.55065000
2176      1283343.00372000
2177      1285493.38399000
2178      1287646.11262000
2179      1289801.77289000
2180      1291960.62382000
2181      1294122.49744000
2182      1296286.64284000
2183      1298453.81555000
2184      1300624.10415000
2185      1302796.41305000
2186      1304971.84230000
2187      1307150.56708000
2188      1309332.33230000
2189      1311516.21173000
2190      1313703.13590000
2191      1315893.36687000
2192      1318086.73508000
2193      1320282.05242000
2194      1322480.68469000
2195      1324682.37505000
2196      1326886.19324000
2197      1329094.35519000
2198      1331303.28068000
2199      1333516.64300000
2200      1335732.05414000
2201      1337951.82296000
2202      1340172.44670000
2203      1342397.43431000
2204      1344624.47837000
2205      1346854.95591000
2206      1349088.25681000
2207      1351323.79483000
2208      1353563.71466000
2209      1355805.87698000
2210      1358049.66678000
2211      1360298.11244000
2212      1362548.71829000
2213      1364802.51648000
2214      1367058.03638000
2215      1369318.31558000
2216      1371580.67469000
2217      1373845.02583000
2218      1376113.61569000
2219      1378384.46802000
2220      1380658.61977000
2221      1382935.98524000
2222      1385215.26324000
2223      1387497.84829000
2224      1389784.01134000
2225      1392073.22056000
2226      1394364.25994000
2227      1396660.01556000
2228      1398956.83329000
2229      1401257.92652000
2230      1403561.12589000
2231      1405867.38530000
2232      1408177.33670000
2233      1410490.44438000
2234      1412805.57602000
2235      1415123.77779000
2236      1417445.68403000
2237      1419769.52932000
2238      1422096.63282000
2239      1424427.08810000
2240      1426760.89842000
2241      1429096.74541000
2242      1431437.09322000
2243      1433779.57294000
2244      1436124.18537000
2245      1438473.30888000
2246      1440824.56983000
2247      1443179.29623000
2248      1445535.79825000
2249      1447897.00795000
2250      1450260.36291000
2251      1452626.04704000
2252      1454995.90043000
2253      1457368.08774000
2254      1459743.57667000
2255      1462122.55408000
2256      1464504.65551000
2257      1466889.00748000
2258      1469276.67189000
2259      1471667.92861000
2260      1474060.98040000
2261      1476458.78475000
2262      1478858.66548000
2263      1481260.90100000
2264      1483667.62232000
2265      1486076.23974000
2266      1488488.65540000
2267      1490904.22288000
2268      1493321.97023000
2269      1495742.96644000
2270      1498167.68047000
2271      1500595.55648000
2272      1503025.62027000
2273      1505460.20127000
2274      1507897.25543000
2275      1510336.31591000
2276      1512779.99751000
2277      1515225.87725000
2278      1517675.12401000
2279      1520126.57203000
2280      1522582.65546000
2281      1525040.94491000
2282      1527502.70664000
2283      1529967.84958000
2284      1532435.20418000
2285      1534905.94460000
2286      1537380.26325000
2287      1539857.69000000
2288      1542337.52564000
2289      1544820.85300000
2290      1547307.67541000
2291      1549797.71092000
2292      1552290.06896000
2293      1554786.02532000
2294      1557285.29750000
2295      1559787.98378000
2296      1562292.71440000
2297      1564802.61976000
2298      1567313.19977000
2299      1569828.57880000
2300      1572347.19433000
2301      1574868.34348000
2302      1577392.92579000
2303      1579919.56498000
2304      1582451.11826000
2305      1584984.82928000
2306      1587521.98429000
2307      1590062.68295000
2308      1592605.54455000
2309      1595151.95465000
2310      1597701.91661000
2311      1600255.33689000
2312      1602810.92773000
2313      1605371.56436000
2314      1607934.08503000
2315      1610498.97587000
2316      1613068.72908000
2317      1615640.85786000
2318      1618216.07393000
2319      1620795.16045000
2320      1623376.53078000
2321      1625962.58705000
2322      1628550.93182000
2323      1631142.67008000
2324      1633736.89600000
2325      1636334.61829000
2326      1638935.84007000
2327      1641540.36768000
2328      1644148.89297000
2329      1646759.42517000
2330      1649373.56643000
2331      1651991.32012000
2332      1654612.59080000
2333      1657236.07285000
2334      1659863.17544000
2335      1662493.90195000
2336      1665128.15657000
2337      1667765.94243000
2338      1670406.14841000
2339      1673049.89052000
2340      1675696.05632000
2341      1678346.68005000
2342      1680999.73199000
2343      1683656.53055000
2344      1686317.07941000
2345      1688981.18217000
2346      1691647.12157000
2347      1694317.22002000
2348      1696990.67977000
2349      1699666.58262000
2350      1702346.97323000
2351      1705030.21387000
2352      1707716.82624000
2353      1710405.89021000
2354      1713099.65683000
2355      1715795.87996000
2356      1718495.68703000
2357      1721199.28351000
2358      1723905.14043000
2359      1726614.58937000
2360      1729328.96533000
2361      1732044.27585000
2362      1734764.72294000
2363      1737487.64397000
2364      1740213.76450000
2365      1742943.69799000
2366      1745677.44816000
2367      1748413.68083000
2368      1751153.32711000
2369      1753896.59416000
2370      1756643.48513000
2371      1759394.41306000
2372      1762147.42462000
2373      1764904.27354000
2374      1767664.75802000
2375      1770427.33071000
2376      1773195.30060000
2377      1775965.36330000
2378      1778739.48499000
2379      1781515.49589000
2380      1784296.71359000
2381      1787080.23763000
2382      1789867.83349000
2383      1792658.88378000
2384      1795452.03855000
2385      1798249.27402000
2386      1801051.53322000
2387      1803854.75643000
2388      1806663.00969000
2389      1809473.58499000
2390      1812289.61552000
2391      1815107.76472000
2392      1817928.24153000
2393      1820753.55808000
2394      1823581.83443000
2395      1826413.59691000
2396      1829249.05781000
2397      1832086.85651000
2398      1834929.93302000
2399      1837775.35232000
2400      1840624.48141000
2401      1843477.53413000
2402      1846332.93523000
2403      1849191.84325000
2404      1852054.68329000
2405      1854921.67054000
2406      1857791.96281000
2407      1860664.82513000
2408      1863541.20797000
2409      1866421.75057000
2410      1869306.03246000
2411      1872194.05685000
2412      1875084.45008000
2413      1877978.59043000
2414      1880876.69428000
2415      1883777.17259000
2416      1886682.78657000
2417      1889590.99341000
2418      1892502.53445000
2419      1895418.26836000
2420      1898336.38698000
2421      1901258.70467000
2422      1904185.75237000
2423      1907113.80538000
2424      1910047.23862000
2425      1912984.67035000
2426      1915924.28429000
2427      1918867.90178000
2428      1921815.31068000
2429      1924765.12258000
2430      1927720.33938000
2431      1930677.74772000
2432      1933639.39196000
2433      1936603.01377000
2434      1939572.27295000
2435      1942543.73087000
2436      1945519.43774000
2437      1948498.74493000
2438      1951481.87292000
2439      1954467.42455000
2440      1957457.23822000
2441      1960450.66291000
2442      1963447.91991000
2443      1966449.01246000
2444      1969452.75806000
2445      1972460.34428000
2446      1975471.99380000
2447      1978487.27112000
2448      1981506.61858000
2449      1984528.41080000
2450      1987554.05841000
2451      1990583.56462000
2452      1993617.37396000
2453      1996653.19481000
2454      1999693.10324000
2455      2002737.10307000
2456      2005784.97669000
2457      2008836.72734000
2458      2011890.71936000
2459      2014950.45471000
2460      2018012.43615000
2461      2021077.10855000
2462      2024147.09159000
2463      2027219.54827000
2464      2030297.54686000
2465      2033377.80097000
2466      2036460.75748000
2467      2039549.26750000
2468      2042640.03816000
2469      2045734.72023000
2470      2048833.54118000
2471      2051936.50488000
2472      2055043.39051000
2473      2058152.32139000
2474      2061265.62824000
2475      2064383.09027000
2476      2067504.26041000
2477      2070627.93321000
2478      2073757.20443000
2479      2076888.98345000
2480      2080024.70728000
2481      2083162.94190000
2482      2086307.01759000
2483      2089453.38274000
2484      2092603.47730000
2485      2095757.75848000
2486      2098916.45761000
2487      2102077.22585000
2488      2105243.63321000
2489      2108412.56939000
2490      2111585.70855000
2491      2114761.37992000
2492      2117942.47817000
2493      2121126.11340000
2494      2124313.73501000
2495      2127505.34628000
2496      2130701.17997000
2497      2133899.55882000
2498      2137103.61802000
2499      2140310.22754000
2500      2143520.61179000
2501      2146733.54896000
2502      2149952.64364000
2503      2153173.83536000
2504      2156399.27460000
2505      2159628.27120000
2506      2162861.98500000
2507      2166098.26551000
2508      2169339.80380000
2509      2172584.37753000
2510      2175832.52201000
2511      2179083.47317000
2512      2182339.92899000
2513      2185599.43011000
2514      2188864.21186000
2515      2192130.11068000
2516      2195401.29587000
2517      2198677.00504000
2518      2201955.30455000
2519      2205237.66601000
2520      2208524.09272000
2521      2211814.82262000
2522      2215109.38990000
2523      2218406.79282000
2524      2221708.27280000
2525      2225014.06861000
2526      2228323.71279000
2527      2231637.44391000
2528      2234954.02238000
2529      2238276.64556000
2530      2241601.41299000
2531      2244930.51594000
2532      2248261.76492000
2533      2251599.31201000
2534      2254939.48427000
2535      2258283.52999000
2536      2261632.16522000
2537      2264984.44255000
2538      2268339.59069000
2539      2271700.35016000
2540      2275064.22473000
2541      2278431.75159000
2542      2281803.64992000
2543      2285177.95275000
2544      2288558.60453000
2545      2291941.66607000
2546      2295328.63247000
2547      2298720.22668000
2548      2302115.73239000
2549      2305513.89500000
2550      2308916.45456000
2551      2312324.67365000
2552      2315735.79850000
2553      2319149.58902000
2554      2322568.56722000
2555      2325990.69865000
2556      2329417.24729000
2557      2332847.73269000
2558      2336282.64237000
2559      2339721.25241000
2560      2343163.27143000
2561      2346610.74685000
2562      2350060.90843000
2563      2353515.75412000
2564      2356973.04621000
2565      2360435.80898000
2566      2363901.50998000
2567      2367373.17836000
2568      2370847.54658000
2569      2374324.61528000
2570      2377806.92844000
2571      2381294.44437000
2572      2384784.17816000
2573      2388278.38534000
2574      2391776.82408000
2575      2395279.74375000
2576      2398784.88753000
2577      2402296.28655000
2578      2405810.16040000
2579      2409328.77453000
2580      2412851.39223000
2581      2416376.73698000
2582      2419907.86434000
2583      2423442.21917000
2584      2426980.58874000
2585      2430523.22395000
2586      2434070.37656000
2587      2437621.55332000
2588      2441175.72176000
2589      2444734.16789000
2590      2448297.14433000
2591      2451864.40561000
2592      2455435.70539000
2593      2459011.29629000
2594      2462590.14366000
2595      2466173.03759000
2596      2469760.48192000
2597      2473352.22989000
2598      2476948.28486000
2599      2480546.85617000
2600      2484151.78557000
2601      2487759.23623000
2602      2491371.50930000
2603      2494987.85319000
2604      2498606.72327000
2605      2502231.72109000
2606      2505860.00783000
2607      2509492.37664000
2608      2513129.08340000
2609      2516770.13151000
2610      2520413.97155000
2611      2524063.96540000
2612      2527716.50250000
2613      2531373.64691000
2614      2535035.65717000
2615      2538701.51913000
2616      2542371.74470000
2617      2546045.03329000
2618      2549722.69090000
2619      2553404.97650000
2620      2557091.38251000
2621      2560782.67976000
2622      2564477.59169000
2623      2568175.83749000
2624      2571878.72794000
2625      2575586.01019000
2626      2579297.68762000
2627      2583013.50629000
2628      2586733.98407000
2629      2590457.55495000
2630      2594185.27521000
2631      2597917.66405000
2632      2601654.46708000
2633      2605395.68769000
2634      2609139.75467000
2635      2612889.81974000
2636      2616642.99551000
2637      2620400.86066000
2638      2624162.89968000
2639      2627929.11530000
2640      2631700.29099000
2641      2635474.32954000
2642      2639252.81355000
2643      2643035.74644000
2644      2646823.65386000
2645      2650615.23380000
2646      2654411.79556000
2647      2658210.97198000
2648      2662015.13655000
2649      2665825.35785000
2650      2669638.20110000
2651      2673453.92898000
2652      2677276.25015000
2653      2681102.79070000
2654      2684932.22385000
2655      2688766.14408000
2656      2692605.08246000
2657      2696447.98758000
2658      2700295.65431000
2659      2704146.22480000
2660      2708003.16121000
2661      2711863.00683000
2662      2715727.36258000
2663      2719595.96648000
2664      2723468.01608000
2665      2727345.92184000
2666      2731227.01360000
2667      2735114.23608000
2668      2739004.65049000
2669      2742899.06461000
2670      2746798.28144000
2671      2750700.96380000
2672      2754609.53028000
2673      2758521.03337000
2674      2762437.08501000
2675      2766357.68864000
2676      2770283.11604000
2677      2774212.83420000
2678      2778145.76853000
2679      2782085.15211000
2680      2786027.48903000
2681      2789973.85870000
2682      2793925.34204000
2683      2797881.67392000
2684      2801842.31815000
2685      2805805.92651000
2686      2809774.39260000
2687      2813748.80209000
2688      2817726.45437000
2689      2821708.70457000
2690      2825693.93016000
2691      2829685.92919000
2692      2833680.36560000
2693      2837681.04067000
2694      2841684.97371000
2695      2845693.79672000
2696      2849707.24092000
2697      2853723.40418000
2698      2857746.37337000
2699      2861771.79310000
2700      2865802.11939000
2701      2869837.08234000
2702      2873877.23402000
2703      2877921.75567000
2704      2881970.92485000
2705      2886023.10517000
2706      2890081.57886000
2707      2894143.06879000
2708      2898209.49394000
2709      2902280.58258000
2710      2906356.61432000
2711      2910435.39517000
2712      2914520.21778000
2713      2918608.62375000
2714      2922701.98626000
2715      2926799.75487000
2716      2930902.20990000
2717      2935009.63261000
2718      2939119.81927000
2719      2943236.63200000
2720      2947356.49180000
2721      2951481.05403000
2722      2955610.60114000
2723      2959744.57894000
2724      2963883.26965000
2725      2968027.23602000
2726      2972173.98400000
2727      2976325.45395000
2728      2980483.59089000
2729      2984644.79700000
2730      2988809.07299000
2731      2992979.46644000
2732      2997154.88060000
2733      3001333.65385000
2734      3005518.83935000
2735      3009706.82604000
2736      3013899.84697000
2737      3018097.62390000
2738      3022298.48984000
2739      3026506.07125000
2740      3030718.41962000
2741      3034933.86519000
2742      3039154.08287000
2743      3043378.79229000
2744      3047608.84858000
2745      3051843.68796000
2746      3056083.31395000
2747      3060326.05118000
2748      3064573.58017000
2749      3068827.87046000
2750      3073084.70914000
2751      3077346.92117000
2752      3081614.22548000
2753      3085884.36934000
2754      3090161.01006000
2755      3094440.78125000
2756      3098727.34515000
2757      3103016.75798000
2758      3107311.28375000
2759      3111610.63903000
2760      3115913.71213000
2761      3120222.73652000
2762      3124536.88937000
2763      3128853.61521000
2764      3133176.05241000
2765      3137503.33935000
2766      3141835.19020000
2767      3146171.89734000
2768      3150514.04397000
2769      3154858.77535000
2770      3159210.36243000
2771      3163565.11910000
2772      3167925.03910000
2773      3172289.83569000
2774      3176659.51238000
2775      3181034.07271000
2776      3185413.52023000
2777      3189796.15151000
2778      3194183.67518000
2779      3198578.38852000
2780      3202976.00169000
2781      3207378.51833000
2782      3211785.64881000
2783      3216196.56365000
2784      3220614.10473000
2785      3225036.27003000
2786      3229461.93529000
2787      3233892.81829000
2788      3238328.62868000
2789      3242768.78023000
2790      3247214.16041000
2791      3251665.06888000
2792      3256118.90277000
2793      3260579.40189000
2794      3265043.42287000
2795      3269512.09835000
2796      3273987.45256000
2797      3278466.33721000
2798      3282948.45667000
2799      3287437.56428000
2800      3291931.64101000
2801      3296428.66309000
2802      3300932.38950000
2803      3305439.66212000
2804      3309951.91622000
2805      3314469.45414000
2806      3318991.98117000
2807      3323517.76568000
2808      3328049.98114000
2809      3332587.19592000
2810      3337128.27557000
2811      3341674.06052000
2812      3346225.15458000
2813      3350780.96058000
2814      3355342.38434000
2815      3359908.22593000
2816      3364479.39193000
2817      3369053.84027000
2818      3373635.36484000
2819      3378220.17751000
2820      3382810.02649000
2821      3387404.91537000
2822      3392004.84772000
2823      3396609.82713000
2824      3401219.85717000
2825      3405833.49293000
2826      3410454.24222000
2827      3415077.99557000
2828      3419706.81250000
2829      3424340.39189000
2830      3428979.65144000
2831      3433623.98582000
2832      3438273.39862000
2833      3442928.19914000
2834      3447586.01908000
2835      3452248.92632000
2836      3456918.38066000
2837      3461592.08737000
2838      3466270.58623000
2839      3470954.18727000
2840      3475642.89409000
2841      3480337.01798000
2842      3485034.17906000
2843      3489738.22412000
2844      3494445.92755000
2845      3499159.06205000
2846      3503877.01409000
2847      3508602.17802000
2848      3513328.62000000
2849      3518061.97188000
2850      3522800.77411000
2851      3527544.72086000
2852      3532292.03788000
2853      3537045.12611000
2854      3541804.52668000
2855      3546567.61668000
2856      3551335.24496000
2857      3556108.97211000
2858      3560887.55622000
2859      3565669.84003000
2860      3570459.08354000
2861      3575251.72038000
2862      3580051.32607000
2863      3584853.70399000
2864      3589662.21000000
2865      3594475.90885000
2866      3599294.49019000
2867      3604118.58533000
2868      3608948.19865000
2869      3613782.70508000
2870      3618619.99747000
2871      3623465.24322000
2872      3628313.91076000
2873      3633167.79874000
2874      3638026.59479000
2875      3642890.93429000
2876      3647760.82164000
2877      3652635.31093000
2878      3657515.67236000
2879      3662399.15562000
2880      3667290.32250000
2881      3672184.61657000
2882      3677084.16239000
2883      3681988.96360000
2884      3686899.02382000
2885      3691814.66552000
2886      3696735.25498000
2887      3701661.75302000
2888      3706593.20610000
2889      3711528.12372000
2890      3716470.45509000
2891      3721415.93652000
2892      3726367.02533000
2893      3731323.08422000
2894      3736284.75829000
2895      3741252.05197000
2896      3746224.64805000
2897      3751202.22830000
2898      3756182.97374000
2899      3761171.81961000
2900      3766163.83658000
2901      3771162.99704000
2902      3776165.65613000
2903      3781174.28816000
2904      3786187.60357000
2905      3791206.25236000
2906      3796230.56241000
2907      3801260.53816000
2908      3806293.70312000
2909      3811334.04714000
2910      3816378.23523000
2911      3821429.61216000
2912      3826484.18808000
2913      3831544.45132000
2914      3836610.40632000
2915      3841681.40446000
2916      3846758.10222000
2917      3851839.84994000
2918      3856927.63248000
2919      3862018.63024000
2920      3867116.52931000
2921      3872218.30367000
2922      3877325.79987000
2923      3882440.53966000
2924      3887558.50693000
2925      3892682.20785000
2926      3897811.64689000
2927      3902945.83948000
2928      3908083.92679000
2929      3913229.61384000
2930      3918380.72485000
2931      3923535.40984000
2932      3928695.52423000
2933      3933862.92729000
2934      3939033.91250000
2935      3944210.33817000
2936      3949392.54003000
2937      3954579.85795000
2938      3959773.29254000
2939      3964971.85058000
2940      3970174.00570000
2941      3975383.48536000
2942      3980596.90118000
2943      3985817.31751000
2944      3991041.67598000
2945      3996271.84539000
2946      4001507.16087000
2947      4006747.96027000
2948      4011994.24730000
2949      4017246.02566000
2950      4022503.29905000
2951      4027767.07918000
2952      4033033.81681000
2953      4038307.93415000
2954      4043585.68594000
2955      4048871.16385000
2956      4054159.60756000
2957      4059454.24550000
2958      4064754.06941000
2959      4070060.77281000
2960      4075371.99388000
2961      4080688.74990000
2962      4086011.04460000
2963      4091337.33619000
2964      4096670.37922000
2965      4102009.65099000
2966      4107353.26923000
2967      4112702.10413000
2968      4118058.04815000
2969      4123417.66690000
2970      4128783.19373000
2971      4134153.60918000
2972      4139530.28176000
2973      4144912.53306000
2974      4150299.49785000
2975      4155692.91763000
2976      4161092.27000000
2977      4166494.97529000
2978      4171905.51851000
2979      4177319.07615000
2980      4182739.26739000
2981      4188164.72230000
2982      4193598.37989000
2983      4199035.40641000
2984      4204478.05183000
2985      4209925.97480000
2986      4215377.61652000
2987      4220837.13958000
2988      4226302.29650000
2989      4231771.52719000
2990      4237248.65526000
2991      4242729.17081000
2992      4248217.24673000
2993      4253709.06184000
2994      4259206.18434000
2995      4264709.31276000
2996      4270218.10359000
2997      4275733.60562000
2998      4281254.08196000
2999      4286780.23250000
3000      4292312.06099000
3001      4297846.95056000
3002      4303390.49441000
3003      4308937.45433000
3004      4314492.38022000
3005      4320051.42823000
3006      4325617.75173000
3007      4331187.85238000
3008      4336764.01097000
3009      4342344.82560000
3010      4347932.40894000
3011      4353525.35854000
3012      4359124.38223000
3013      4364729.83731000
3014      4370338.38272000
3015      4375954.59514000
3016      4381576.54482000
3017      4387201.94426000
3018      4392835.73260000
3019      4398473.33064000
3020      4404117.38888000
3021      4409768.43446000
3022      4415423.29812000
3023      4421083.92402000
3024      4426749.96020000
3025      4432422.47766000
3026      4438100.41295000
3027      4443782.53488000
3028      4449473.09848000
3029      4455168.73440000
3030      4460870.51697000
3031      4466575.78423000
3032      4472288.44057000
3033      4478005.66023000
3034      4483728.32434000
3035      4489459.10859000
3036      4495194.82639000
3037      4500935.28217000
3038      4506681.55605000
3039      4512434.01174000
3040      4518191.57333000
3041      4523955.68475000
3042      4529725.63001000
3043      4535501.41289000
3044      4541281.79575000
3045      4547069.26485000
3046      4552862.94481000
3047      4558660.14904000
3048      4564463.20790000
3049      4570274.09417000
3050      4576089.23765000
3051      4581911.33746000
3052      4587740.19072000
3053      4593572.94724000
3054      4599411.94585000
3055      4605256.82684000
3056      4611106.86473000
3057      4616963.52133000
3058      4622826.07173000
3059      4628693.63732000
3060      4634567.98660000
3061      4640448.24111000
3062      4646332.78916000
3063      4652225.23146000
3064      4658120.87342000
3065      4664025.15246000
3066      4669933.37057000
3067      4675848.61858000
3068      4681770.68252000
3069      4687697.06233000
3070      4693629.38085000
3071      4699566.90420000
3072      4705511.11108000
3073      4711461.26814000
3074      4717418.48834000
3075      4723380.55811000
3076      4729348.58953000
3077      4735320.96032000
3078      4741301.29669000
3079      4747287.60678000
3080      4753277.15192000
3081      4759275.79106000
3082      4765278.78630000
3083      4771289.40013000
3084      4777303.63120000
3085      4783324.22982000
3086      4789352.83321000
3087      4795385.43493000
3088      4801423.29607000
3089      4807467.91465000
3090      4813519.67049000
3091      4819576.32273000
3092      4825639.37196000
3093      4831708.44777000
3094      4837783.55400000
3095      4843862.67990000
3096      4849949.10556000
3097      4856042.70081000
3098      4862140.70140000
3099      4868246.39255000
3100      4874358.13776000
3101      4880473.54293000
3102      4886595.38501000
3103      4892725.31328000
3104      4898858.90920000
3105      4905000.09012000
3106      4911148.23698000
3107      4917300.81748000
3108      4923459.10204000
3109      4929623.85308000
3110      4935794.69533000
3111      4941971.63264000
3112      4948154.28830000
3113      4954344.18876000
3114      4960539.81587000
3115      4966741.55408000
3116      4972946.98997000
3117      4979160.96067000
3118      4985381.05407000
3119      4991605.23548000
3120      4997837.20198000
3121      5004074.79435000
3122      5010319.41578000
3123      5016568.52047000
3124      5022825.42914000
3125      5029086.82740000
3126      5035354.37790000
3127      5041630.13106000
3128      5047910.38388000
3129      5054196.80116000
3130      5060489.00098000
3131      5066787.75851000
3132      5073092.69213000
3133      5079403.80573000
3134      5085721.10319000
3135      5092044.58838000
3136      5098375.04030000
3137      5104710.52538000
3138      5111052.98554000
3139      5117401.26114000
3140      5123754.07305000
3141      5130115.15518000
3142      5136482.45286000
3143      5142853.90737000
3144      5149234.81645000
3145      5155617.93901000
3146      5162010.52653000
3147      5168407.28303000
3148      5174811.95356000
3149      5181221.18963000
3150      5187638.74060000
3151      5194060.47212000
3152      5200489.63343000
3153      5206923.48336000
3154      5213366.06005000
3155      5219813.22200000
3156      5226266.25981000
3157      5232725.96392000
3158      5239191.94512000
3159      5245665.39023000
3160      5252143.93821000
3161      5258628.77500000
3162      5265119.50932000
3163      5271617.33066000
3164      5278121.05734000
3165      5284629.39983000
3166      5291146.13501000
3167      5297670.37309000
3168      5304199.73883000
3169      5310733.33652000
3170      5317274.94903000
3171      5323823.68521000
3172      5330376.26450000
3173      5336937.66943000
3174      5343503.32144000
3175      5350078.20920000
3176      5356656.55236000
3177      5363243.74267000
3178      5369834.79238000
3179      5376431.80035000
3180      5383038.07113000
3181      5389648.61000000
3182      5396266.32205000
3183      5402889.60724000
3184      5409521.37510000
3185      5416157.42274000
3186      5422799.85699000
3187      5429449.08444000
3188      5436103.90109000
3189      5442765.92206000
3190      5449435.15307000
3191      5456109.98450000
3192      5462791.22677000
3193      5469478.88382000
3194      5476172.95959000
3195      5482873.86307000
3196      5489580.38307000
3197      5496293.73866000
3198      5503014.74661000
3199      5509739.26319000
3200      5516472.34086000
3201      5523211.86547000
3202      5529958.24813000
3203      5536708.55560000
3204      5543467.85179000
3205      5550232.79520000
3206      5557003.30358000
3207      5563782.00036000
3208      5570567.17235000
3209      5577356.69424000
3210      5584155.23709000
3211      5590957.72645000
3212      5597768.83714000
3213      5604585.54097000
3214      5611409.23472000
3215      5618238.11762000
3216      5625075.64237000
3217      5631917.54118000
3218      5638765.95338000
3219      5645623.02237000
3220      5652484.47427000
3221      5659353.69025000
3222      5666229.92687000
3223      5673111.38172000
3224      5679998.96054000
3225      5686893.49468000
3226      5693794.57457000
3227      5700704.35177000
3228      5707618.95118000
3229      5714540.52426000
3230      5721468.24454000
3231      5728401.69909000
3232      5735342.13894000
3233      5742289.56897000
3234      5749245.73191000
3235      5756206.32332000
3236      5763174.75344000
3237      5770148.52206000
3238      5777128.88479000
3239      5784116.26406000
3240      5791109.40854000
3241      5798109.57754000
3242      5805116.77597000
3243      5812128.42517000
3244      5819149.69588000
3245      5826177.17019000
3246      5833210.85115000
3247      5840251.16276000
3248      5847298.53021000
3249      5854351.69385000
3250      5861411.92134000
3251      5868477.04551000
3252      5875551.83691000
3253      5882632.43924000
3254      5889720.12389000
3255      5896814.04901000
3256      5903912.46416000
3257      5911020.15076000
3258      5918133.66458000
3259      5925254.28166000
3260      5932380.67554000
3261      5939515.08831000
3262      5946656.19299000
3263      5953802.23507000
3264      5960956.73485000
3265      5968117.93856000
3266      5975284.08958000
3267      5982459.13959000
3268      5989640.90620000
3269      5996826.77513000
3270      6004021.98564000
3271      6011223.92477000
3272      6018430.40296000
3273      6025646.23941000
3274      6032866.19221000
3275      6040096.37325000
3276      6047331.15519000
3277      6054571.78067000
3278      6061821.36128000
3279      6069075.50252000
3280      6076338.60901000
3281      6083606.28213000
3282      6090882.93060000
3283      6098165.44813000
3284      6105455.65564000
3285      6112752.21599000
3286      6120053.79044000
3287      6127364.79894000
3288      6134680.39571000
3289      6142005.00389000
3290      6149335.07506000
3291      6156673.29970000
3292      6164016.55962000
3293      6171368.41655000
3294      6178724.44419000
3295      6186089.94894000
3296      6193460.50228000
3297      6200840.10821000
3298      6208225.20690000
3299      6215618.49521000
3300      6223016.40854000
3301      6230423.39477000
3302      6237835.45021000
3303      6245255.27394000
3304      6252681.04985000
3305      6260115.91961000
3306      6267556.31199000
3307      6275004.49044000
3308      6282457.75812000
3309      6289920.14000000
3310      6297387.17773000
3311      6304863.78086000
3312      6312346.84000000
3313      6319834.12241000
3314      6327332.31173000
3315      6334833.84706000
3316      6342344.97485000
3317      6349860.78031000
3318      6357385.74644000
3319      6364915.39630000
3320      6372454.21704000
3321      6379999.06020000
3322      6387550.86370000
3323      6395108.69633000
3324      6402675.27571000
3325      6410249.25079000
3326      6417827.93146000
3327      6425415.81939000
3328      6433008.41898000
3329      6440611.12962000
3330      6448219.91854000
3331      6455832.98081000
3332      6463455.72300000
3333      6471083.64013000
3334      6478720.35255000
3335      6486364.50528000
3336      6494013.39465000
3337      6501672.44180000
3338      6509337.59535000
3339      6517007.49467000
3340      6524686.66840000
3341      6532372.40822000
3342      6540065.61920000
3343      6547764.03944000
3344      6555472.65852000
3345      6563186.95677000
3346      6570906.47441000
3347      6578635.30301000
3348      6586371.17763000
3349      6594114.10237000
3350      6601863.17416000
3351      6609618.38939000
3352      6617383.39613000
3353      6625155.01612000
3354      6632933.25247000
3355      6640719.01873000
3356      6648511.86445000
3357      6656311.79371000
3358      6664116.52807000
3359      6671930.63571000
3360      6679752.29605000
3361      6687580.59985000
3362      6695416.00773000
3363      6703258.98161000
3364      6711108.61029000
3365      6718965.81385000
3366      6726830.13857000
3367      6734701.12945000
3368      6742581.08689000
3369      6750465.88089000
3370      6758358.73141000
3371      6766261.01980000
3372      6774168.61973000
3373      6782082.90920000
3374      6790004.81418000
3375      6797934.33979000
3376      6805870.56696000
3377      6813816.26362000
3378      6821766.83017000
3379      6829723.64593000
3380      6837688.56667000
3381      6845662.97757000
3382      6853642.73476000
3383      6861630.14886000
3384      6869626.60525000
3385      6877627.48870000
3386      6885636.04179000
3387      6893654.11677000
3388      6901677.09312000
3389      6909708.66895000
3390      6917746.08444000
3391      6925793.97662000
3392      6933846.31649000
3393      6941907.74229000
3394      6949974.08800000
3395      6958050.46543000
3396      6966133.62318000
3397      6974222.17917000
3398      6982320.78410000
3399      6990425.71175000
3400      6998536.04792000
3401      7006655.97924000
3402      7014783.65516000
3403      7022918.13876000
3404      7031057.57388000
3405      7039207.09666000
3406      7047364.85468000
3407      7055528.49222000
3408      7063698.95585000
3409      7071877.66784000
3410      7080063.68761000
3411      7088257.01929000
3412      7096457.66707000
3413      7104665.63508000
3414      7112882.35164000
3415      7121104.97361000
3416      7129334.92830000
3417      7137572.69559000
3418      7145816.85248000
3419      7154071.65311000
3420      7162330.98168000
3421      7170598.14086000
3422      7178876.44019000
3423      7187158.32234000
3424      7195447.57119000
3425      7203746.54366000
3426      7212050.53949000
3427      7220364.74847000
3428      7228683.02887000
3429      7237012.97218000
3430      7245346.51304000
3431      7253690.28931000
3432      7262039.10834000
3433      7270397.69348000
3434      7278763.68984000
3435      7287134.73834000
3436      7295515.56865000
3437      7303905.27015000
3438      7312300.47038000
3439      7320703.58522000
3440      7329112.25132000
3441      7337530.72609000
3442      7345956.16207000
3443      7354389.53143000
3444      7362830.35454000
3445      7371280.09116000
3446      7379735.83534000
3447      7388201.42179000
3448      7396671.13143000
3449      7405149.77407000
3450      7413635.40939000
3451      7422129.01504000
3452      7430633.46504000
3453      7439142.05256000
3454      7447660.03153000
3455      7456183.61669000
3456      7464714.70662000
3457      7473255.69203000
3458      7481801.31552000
3459      7490357.33430000
3460      7498922.34771000
3461      7507491.02835000
3462      7516070.12179000
3463      7524656.26087000
3464      7533250.43217000
3465      7541849.75388000
3466      7550459.01915000
3467      7559075.83825000
3468      7567700.21540000
3469      7576332.15481000
3470      7584972.15444000
3471      7593619.23136000
3472      7602273.88318000
3473      7610936.60891000
3474      7619608.82808000
3475      7628286.72680000
3476      7636973.20963000
3477      7645666.29821000
3478      7654369.39648000
3479      7663076.69844000
3480      7671795.01370000
3481      7680518.53270000
3482      7689252.08254000
3483      7697992.33718000
3484      7706741.13955000
3485      7715498.07348000
3486      7724259.72837000
3487      7733031.94021000
3488      7741811.79805000
3489      7750598.30549000
3490      7759393.46735000
3491      7768197.28997000
3492      7777007.77418000
3493      7785825.92558000
3494      7794651.74839000
3495      7803485.74929000
3496      7812326.92801000
3497      7821175.79088000
3498      7830035.27565000
3499      7838900.02475000
3500      7847772.47141000
