   1            3.78086000
   2            7.19722000
   3           10.62088000
   4           14.04635000
   5           17.47256000
   6           20.89920000
   7           24.32610000
   8           27.75320000
   9           31.18046000
  10           34.60784000
  11           38.03535000
  12           41.46297000
  13           44.89069000
  14           48.31851000
  15           51.74642000
  16           55.17442000
  17           58.60250000
  18           62.03068000
  19           65.45894000
  20           68.88728000
  21           72.31571000
  22           75.74422000
  23           79.17281000
  24           82.60149000
  25           86.03025000
  26           89.45908000
  27           92.88800000
  28           96.31700000
  29           99.74607000
  30          103.17523000
  31          106.60447000
  32          110.03379000
  33          113.46318000
  34          116.89267000
  35          120.32222000
  36          123.75185000
  37          127.18159000
  38          130.61139000
  39          134.04125000
  40          137.47121000
  41          140.90124000
  42          144.33136000
  43          147.76155000
  44          151.19182000
  45          154.62217000
  46          158.05262000
  47          161.48313000
  48          164.91368000
  49          168.34438000
  50          171.77512000
  51          175.20593000
  52          178.63683000
  53          182.06784000
  54          185.49889000
  55          188.93002000
  56          192.36128000
  57          195.79253000
  58          199.22391000
  59          202.65740000
  60          206.08897000
  61          209.52061000
  62          212.95236000
  63          216.38416000
  64          219.81823000
  65          223.25025000
  66          226.68231000
  67          230.11677000
  68          233.54904000
  69          236.98376000
  70          240.41862000
  71          243.85121000
  72          247.28631000
  73          250.72158000
  74          254.15700000
  75          257.59255000
  76          261.03087000
  77          264.46679000
  78          267.90550000
  79          271.34172000
  80          274.78082000
  81          278.22019000
  82          281.66253000
  83          285.10234000
  84          288.54526000
  85          291.98842000
  86          295.43189000
  87          298.87866000
  88          302.32273000
  89          305.77319000
  90          309.22102000
  91          312.67229000
  92          316.12400000
  93          319.57613000
  94          323.03191000
  95          326.48817000
  96          329.94493000
  97          333.40555000
  98          336.87002000
  99          340.33176000
 100          343.80095000
 101          347.26731000
 102          350.74135000
 103          354.21262000
 104          357.68811000
 105          361.16798000
 106          364.64877000
 107          368.13396000
 108          371.62381000
 109          375.11468000
 110          378.60643000
 111          382.10298000
 112          385.60453000
 113          389.11094000
 114          392.61857000
 115          396.13137000
 116          399.64535000
 117          403.16460000
 118          406.68927000
 119          410.21939000
 120          413.75095000
 121          417.28811000
 122          420.83102000
 123          424.37969000
 124          427.93011000
 125          431.48642000
 126          435.04877000
 127          438.61725000
 128          442.19206000
 129          445.76878000
 130          449.35640000
 131          452.94605000
 132          456.54230000
 133          460.14526000
 134          463.75512000
 135          467.36714000
 136          470.99082000
 137          474.62171000
 138          478.25498000
 139          481.89549000
 140          485.54831000
 141          489.20374000
 142          492.86670000
 143          496.54233000
 144          500.22076000
 145          503.90709000
 146          507.60154000
 147          511.30393000
 148          515.01452000
 149          518.73859000
 150          522.46590000
 151          526.20173000
 152          529.94622000
 153          533.69935000
 154          537.46657000
 155          541.23753000
 156          545.01742000
 157          548.81181000
 158          552.61018000
 159          556.42324000
 160          560.24027000
 161          564.07244000
 162          567.90875000
 163          571.76034000
 164          575.62183000
 165          579.49346000
 166          583.37510000
 167          587.26693000
 168          591.16920000
 169          595.08181000
 170          599.00493000
 171          602.94470000
 172          606.88923000
 173          610.85056000
 174          614.82298000
 175          618.80043000
 176          622.79509000
 177          626.80113000
 178          630.81853000
 179          634.85360000
 180          638.89428000
 181          642.94660000
 182          647.01703000
 183          651.09959000
 184          655.18781000
 185          659.29453000
 186          663.41357000
 187          667.54512000
 188          671.69566000
 189          675.85233000
 190          680.02185000
 191          684.21064000
 192          688.41246000
 193          692.62750000
 194          696.85575000
 195          701.09720000
 196          705.35222000
 197          709.62062000
 198          713.90269000
 199          718.20542000
 200          722.52210000
 201          726.84574000
 202          731.19049000
 203          735.54932000
 204          739.92255000
 205          744.31028000
 206          748.71957000
 207          753.13637000
 208          757.57515000
 209          762.02158000
 210          766.49018000
 211          770.97401000
 212          775.47302000
 213          779.98723000
 214          784.51692000
 215          789.06966000
 216          793.63055000
 217          798.21460000
 218          802.80727000
 219          807.42325000
 220          812.05530000
 221          816.70372000
 222          821.36834000
 223          826.04947000
 224          830.74724000
 225          835.46148000
 226          840.20016000
 227          844.94815000
 228          849.72079000
 229          854.51055000
 230          859.30977000
 231          864.13401000
 232          868.97574000
 233          873.83506000
 234          878.71195000
 235          883.61468000
 236          888.52726000
 237          893.45780000
 238          898.41446000
 239          903.38111000
 240          908.37449000
 241          913.37779000
 242          918.40790000
 243          923.45691000
 244          928.52441000
 245          933.61077000
 246          938.71618000
 247          943.84060000
 248          948.98416000
 249          954.14706000
 250          959.33789000
 251          964.53951000
 252          969.76092000
 253          975.01052000
 254          980.27120000
 255          985.56083000
 256          990.86145000
 257          996.19107000
 258         1001.54102000
 259         1006.91120000
 260         1012.29298000
 261         1017.70439000
 262         1023.13624000
 263         1028.58897000
 264         1034.06266000
 265         1039.55727000
 266         1045.07291000
 267         1050.60990000
 268         1056.16815000
 269         1061.75697000
 270         1067.35804000
 271         1072.98094000
 272         1078.62541000
 273         1084.30123000
 274         1089.98956000
 275         1095.69988000
 276         1101.44171000
 277         1107.19651000
 278         1112.98307000
 279         1118.78259000
 280         1124.61452000
 281         1130.45931000
 282         1136.33655000
 283         1142.22706000
 284         1148.15020000
 285         1154.08666000
 286         1160.05633000
 287         1166.03926000
 288         1172.05548000
 289         1178.09551000
 290         1184.14891000
 291         1190.23609000
 292         1196.34748000
 293         1202.47239000
 294         1208.63146000
 295         1214.80446000
 296         1221.01219000
 297         1227.24406000
 298         1233.49022000
 299         1239.77132000
 300         1246.07692000
 301         1252.39699000
 302         1258.75248000
 303         1265.13277000
 304         1271.52781000
 305         1277.95857000
 306         1284.41453000
 307         1290.88535000
 308         1297.39235000
 309         1303.91421000
 310         1310.47247000
 311         1317.04599000
 312         1323.65592000
 313         1330.29191000
 314         1336.94340000
 315         1343.63184000
 316         1350.33576000
 317         1357.07712000
 318         1363.83392000
 319         1370.61732000
 320         1377.43843000
 321         1384.27562000
 322         1391.15066000
 323         1398.04162000
 324         1404.95984000
 325         1411.91628000
 326         1418.88900000
 327         1425.88928000
 328         1432.91691000
 329         1439.97230000
 330         1447.06692000
 331         1454.17781000
 332         1461.31680000
 333         1468.48394000
 334         1475.67902000
 335         1482.90259000
 336         1490.15448000
 337         1497.43480000
 338         1504.74361000
 339         1512.08135000
 340         1519.44764000
 341         1526.84305000
 342         1534.25565000
 343         1541.70897000
 344         1549.19145000
 345         1556.70347000
 346         1564.23282000
 347         1571.80369000
 348         1579.39199000
 349         1587.02225000
 350         1594.67009000
 351         1602.35987000
 352         1610.06787000
 353         1617.81789000
 354         1625.58587000
 355         1633.38444000
 356         1641.22536000
 357         1649.08458000
 358         1656.97465000
 359         1664.89528000
 360         1672.84657000
 361         1680.82908000
 362         1688.84230000
 363         1696.88681000
 364         1704.96258000
 365         1713.06959000
 366         1721.20806000
 367         1729.37821000
 368         1737.57978000
 369         1745.80029000
 370         1754.06573000
 371         1762.36278000
 372         1770.67913000
 373         1779.04060000
 374         1787.42128000
 375         1795.84740000
 376         1804.29279000
 377         1812.78399000
 378         1821.29452000
 379         1829.83785000
 380         1838.41426000
 381         1847.03646000
 382         1855.67852000
 383         1864.35405000
 384         1873.06254000
 385         1881.80438000
 386         1890.58000000
 387         1899.38900000
 388         1908.23167000
 389         1917.10812000
 390         1926.00485000
 391         1934.94894000
 392         1943.92746000
 393         1952.92631000
 394         1961.97283000
 395         1971.05411000
 396         1980.15597000
 397         1989.30611000
 398         1998.47737000
 399         2007.68345000
 400         2016.93798000
 401         2026.21389000
 402         2035.52455000
 403         2044.87041000
 404         2054.26548000
 405         2063.68230000
 406         2073.13417000
 407         2082.62175000
 408         2092.14538000
 409         2101.70431000
 410         2111.28529000
 411         2120.91668000
 412         2130.58364000
 413         2140.28687000
 414         2150.02655000
 415         2159.78814000
 416         2169.60057000
 417         2179.44992000
 418         2189.32121000
 419         2199.24374000
 420         2209.18907000
 421         2219.18566000
 422         2229.20475000
 423         2239.26118000
 424         2249.36969000
 425         2259.50056000
 426         2269.66931000
 427         2279.87553000
 428         2290.11921000
 429         2300.41564000
 430         2310.73553000
 431         2321.09297000
 432         2331.48879000
 433         2341.92298000
 434         2352.39512000
 435         2362.90583000
 436         2373.44052000
 437         2384.02834000
 438         2394.65493000
 439         2405.32053000
 440         2416.02491000
 441         2426.75330000
 442         2437.53608000
 443         2448.35787000
 444         2459.20381000
 445         2470.10490000
 446         2481.02988000
 447         2492.00965000
 448         2503.01460000
 449         2514.07399000
 450         2525.15828000
 451         2536.29823000
 452         2547.46236000
 453         2558.66687000
 454         2569.92789000
 455         2581.21325000
 456         2592.53928000
 457         2603.92167000
 458         2615.32944000
 459         2626.77763000
 460         2638.26720000
 461         2649.79794000
 462         2661.38532000
 463         2672.99827000
 464         2684.65296000
 465         2696.34892000
 466         2708.08617000
 467         2719.86574000
 468         2731.68666000
 469         2743.54946000
 470         2755.45493000
 471         2767.40184000
 472         2779.39123000
 473         2791.42340000
 474         2803.49762000
 475         2815.61417000
 476         2827.77386000
 477         2839.97597000
 478         2852.22079000
 479         2864.49263000
 480         2876.82375000
 481         2889.19768000
 482         2901.61555000
 483         2914.07634000
 484         2926.58062000
 485         2939.12891000
 486         2951.70419000
 487         2964.33947000
 488         2977.01890000
 489         2989.74278000
 490         3002.51008000
 491         3015.32196000
 492         3028.16120000
 493         3041.06180000
 494         3054.00685000
 495         3066.99667000
 496         3080.03138000
 497         3093.11071000
 498         3106.21810000
 499         3119.38739000
 500         3132.60207000
 501         3145.86215000
 502         3159.16717000
 503         3172.51776000
 504         3185.91457000
 505         3199.35649000
 506         3212.82673000
 507         3226.36080000
 508         3239.94015000
 509         3253.56610000
 510         3267.23869000
 511         3280.95708000
 512         3294.72163000
 513         3308.53294000
 514         3322.39139000
 515         3336.29580000
 516         3350.24755000
 517         3364.24631000
 518         3378.30978000
 519         3392.40265000
 520         3406.54311000
 521         3420.73029000
 522         3434.96564000
 523         3449.26649000
 524         3463.59665000
 525         3477.97486000
 526         3492.40114000
 527         3506.89315000
 528         3521.41532000
 529         3536.00442000
 530         3550.62312000
 531         3565.30832000
 532         3580.02457000
 533         3594.80726000
 534         3609.62081000
 535         3624.50128000
 536         3639.43090000
 537         3654.39080000
 538         3669.41871000
 539         3684.49616000
 540         3699.62263000
 541         3714.79892000
 542         3730.02504000
 543         3745.30046000
 544         3760.62601000
 545         3776.00169000
 546         3791.42779000
 547         3806.90309000
 548         3822.42965000
 549         3838.00613000
 550         3853.65190000
 551         3869.32949000
 552         3885.07676000
 553         3900.85568000
 554         3916.70521000
 555         3932.58622000
 556         3948.53738000
 557         3964.54046000
 558         3980.59449000
 559         3996.70035000
 560         4012.83873000
 561         4029.04768000
 562         4045.32775000
 563         4061.64066000
 564         4078.00566000
 565         4094.42230000
 566         4110.91099000
 567         4127.43270000
 568         4144.00686000
 569         4160.65261000
 570         4177.35227000
 571         4194.08466000
 572         4210.88912000
 573         4227.74741000
 574         4244.65802000
 575         4261.62239000
 576         4278.64003000
 577         4295.71136000
 578         4312.85582000
 579         4330.03454000
 580         4347.28638000
 581         4364.57233000
 582         4381.93295000
 583         4399.34767000
 584         4416.79633000
 585         4434.31968000
 586         4451.89704000
 587         4469.54917000
 588         4487.23661000
 589         4504.97798000
 590         4522.77430000
 591         4540.64701000
 592         4558.57415000
 593         4576.53577000
 594         4594.57381000
 595         4612.66783000
 596         4630.81670000
 597         4649.02149000
 598         4667.30310000
 599         4685.61942000
 600         4703.99186000
 601         4722.44200000
 602         4740.94743000
 603         4759.48874000
 604         4778.10805000
 605         4796.78315000
 606         4815.53607000
 607         4834.32556000
 608         4853.17163000
 609         4872.09555000
 610         4891.07722000
 611         4910.09466000
 612         4929.19057000
 613         4948.34447000
 614         4967.55576000
 615         4986.84562000
 616         5006.17312000
 617         5025.57923000
 618         5045.04329000
 619         5064.54483000
 620         5084.12595000
 621         5103.76526000
 622         5123.48452000
 623         5143.24143000
 624         5163.07834000
 625         5182.95248000
 626         5202.90788000
 627         5222.92175000
 628         5242.99501000
 629         5263.12826000
 630         5283.34231000
 631         5303.59397000
 632         5323.92805000
 633         5344.32118000
 634         5364.77431000
 635         5385.28805000
 636         5405.88340000
 637         5426.51711000
 638         5447.23374000
 639         5468.01038000
 640         5488.84764000
 641         5509.74652000
 642         5530.70568000
 643         5551.74760000
 644         5572.82999000
 645         5593.99451000
 646         5615.22068000
 647         5636.50878000
 648         5657.88019000
 649         5679.29085000
 650         5700.78589000
 651         5722.34397000
 652         5743.96296000
 653         5765.64427000
 654         5787.38858000
 655         5809.21710000
 656         5831.10834000
 657         5853.06335000
 658         5875.07996000
 659         5897.15962000
 660         5919.32580000
 661         5941.55436000
 662         5963.84597000
 663         5986.20213000
 664         6008.62099000
 665         6031.12622000
 666         6053.67302000
 667         6076.30589000
 668         6099.00259000
 669         6121.78772000
 670         6144.61324000
 671         6167.52570000
 672         6190.50353000
 673         6213.54524000
 674         6236.65196000
 675         6259.84733000
 676         6283.10660000
 677         6306.43132000
 678         6329.82107000
 679         6353.27700000
 680         6376.82067000
 681         6400.43066000
 682         6424.10689000
 683         6447.84778000
 684         6471.67817000
 685         6495.57568000
 686         6519.53832000
 687         6543.56729000
 688         6567.68711000
 689         6591.84916000
 690         6616.10134000
 691         6640.42108000
 692         6664.83117000
 693         6689.28416000
 694         6713.82957000
 695         6738.44053000
 696         6763.14323000
 697         6787.89043000
 698         6812.72815000
 699         6837.63408000
 700         6862.63226000
 701         6887.67415000
 702         6912.80750000
 703         6938.01038000
 704         6963.30547000
 705         6988.64448000
 706         7014.07655000
 707         7039.57820000
 708         7065.17170000
 709         7090.83497000
 710         7116.56784000
 711         7142.36913000
 712         7168.23964000
 713         7194.20538000
 714         7220.23954000
 715         7246.34399000
 716         7272.54328000
 717         7298.81206000
 718         7325.15116000
 719         7351.56093000
 720         7378.06500000
 721         7404.63997000
 722         7431.28616000
 723         7458.00233000
 724         7484.81384000
 725         7511.69770000
 726         7538.67719000
 727         7565.70197000
 728         7592.82478000
 729         7620.01816000
 730         7647.30824000
 731         7674.67132000
 732         7702.10499000
 733         7729.61072000
 734         7757.21386000
 735         7784.89003000
 736         7812.66337000
 737         7840.48396000
 738         7868.40248000
 739         7896.39450000
 740         7924.48362000
 741         7952.64760000
 742         7980.88278000
 743         8009.21813000
 744         8037.60090000
 745         8066.08294000
 746         8094.66351000
 747         8123.32025000
 748         8152.04820000
 749         8180.85196000
 750         8209.75599000
 751         8238.73307000
 752         8267.81077000
 753         8296.93750000
 754         8326.16518000
 755         8355.49237000
 756         8384.89655000
 757         8414.37445000
 758         8443.92769000
 759         8473.58288000
 760         8503.31373000
 761         8533.11997000
 762         8563.02727000
 763         8593.01233000
 764         8623.09754000
 765         8653.26018000
 766         8683.49933000
 767         8713.81421000
 768         8744.23174000
 769         8774.72781000
 770         8805.32494000
 771         8836.00029000
 772         8866.75288000
 773         8897.60870000
 774         8928.54211000
 775         8959.58029000
 776         8990.66892000
 777         9021.88748000
 778         9053.15931000
 779         9084.53392000
 780         9115.98763000
 781         9147.54711000
 782         9179.18395000
 783         9210.89922000
 784         9242.72185000
 785         9274.62115000
 786         9306.62756000
 787         9338.71361000
 788         9370.87708000
 789         9403.14855000
 790         9435.49785000
 791         9467.95643000
 792         9500.49249000
 793         9533.10940000
 794         9565.83424000
 795         9598.63887000
 796         9631.52212000
 797         9664.51652000
 798         9697.58920000
 799         9730.76971000
 800         9764.03318000
 801         9797.40265000
 802         9830.85477000
 803         9864.38756000
 804         9898.02963000
 805         9931.75203000
 806         9965.58620000
 807         9999.49956000
 808        10033.49649000
 809        10067.60296000
 810        10101.79187000
 811        10136.09086000
 812        10170.47149000
 813        10204.96357000
 814        10239.53695000
 815        10274.19616000
 816        10308.96365000
 817        10343.81498000
 818        10378.77676000
 819        10413.82453000
 820        10448.98248000
 821        10484.22439000
 822        10519.57995000
 823        10555.01656000
 824        10590.53892000
 825        10626.17334000
 826        10661.89320000
 827        10697.72396000
 828        10733.64189000
 829        10769.67134000
 830        10805.78585000
 831        10842.01546000
 832        10878.32890000
 833        10914.72745000
 834        10951.24217000
 835        10987.86965000
 836        11024.58235000
 837        11061.38343000
 838        11098.29648000
 839        11135.29757000
 840        11172.41339000
 841        11209.61601000
 842        11246.93307000
 843        11284.36789000
 844        11321.85854000
 845        11359.49490000
 846        11397.18977000
 847        11435.00182000
 848        11472.92963000
 849        11510.94389000
 850        11549.07734000
 851        11587.29690000
 852        11625.63440000
 853        11664.06083000
 854        11702.60496000
 855        11741.23567000
 856        11779.98699000
 857        11818.82556000
 858        11857.78247000
 859        11896.83052000
 860        11935.99460000
 861        11975.24845000
 862        12014.59249000
 863        12054.08564000
 864        12093.66768000
 865        12133.34106000
 866        12173.13287000
 867        12213.01464000
 868        12253.01787000
 869        12293.11073000
 870        12333.32372000
 871        12373.65947000
 872        12414.08497000
 873        12454.59951000
 874        12495.23917000
 875        12535.99673000
 876        12576.84780000
 877        12617.81835000
 878        12658.88402000
 879        12700.06999000
 880        12741.34741000
 881        12782.74940000
 882        12824.24251000
 883        12865.85653000
 884        12907.59765000
 885        12949.42999000
 886        12991.38346000
 887        13033.43359000
 888        13075.60456000
 889        13117.87071000
 890        13160.26094000
 891        13202.74369000
 892        13245.35142000
 893        13288.08462000
 894        13330.91046000
 895        13373.86269000
 896        13416.91081000
 897        13460.08026000
 898        13503.37755000
 899        13546.77086000
 900        13590.25817000
 901        13633.86986000
 902        13677.61130000
 903        13721.47567000
 904        13765.43708000
 905        13809.49304000
 906        13853.67908000
 907        13897.99076000
 908        13942.42981000
 909        13986.96653000
 910        14031.59758000
 911        14076.35743000
 912        14121.24659000
 913        14166.26309000
 914        14211.37576000
 915        14256.58759000
 916        14301.92690000
 917        14347.39549000
 918        14392.99386000
 919        14438.69081000
 920        14484.48410000
 921        14530.44054000
 922        14576.49438000
 923        14622.64464000
 924        14668.96110000
 925        14715.34168000
 926        14761.88559000
 927        14808.52920000
 928        14855.30388000
 929        14902.17656000
 930        14949.18398000
 931        14996.31855000
 932        15043.55539000
 933        15090.92585000
 934        15138.39408000
 935        15186.02806000
 936        15233.76030000
 937        15281.59689000
 938        15329.56240000
 939        15377.66448000
 940        15425.89932000
 941        15474.23508000
 942        15522.70186000
 943        15571.27477000
 944        15619.97844000
 945        15668.81775000
 946        15717.79319000
 947        15766.86832000
 948        15816.04650000
 949        15865.39237000
 950        15914.84103000
 951        15964.42431000
 952        16014.14572000
 953        16063.96703000
 954        16113.92622000
 955        16163.98918000
 956        16214.21985000
 957        16264.55557000
 958        16314.99518000
 959        16365.60438000
 960        16416.31721000
 961        16467.13563000
 962        16518.12238000
 963        16569.21606000
 964        16620.44530000
 965        16671.78353000
 966        16723.28892000
 967        16774.90148000
 968        16826.61995000
 969        16878.51075000
 970        16930.50724000
 971        16982.64343000
 972        17034.88500000
 973        17087.26436000
 974        17139.78698000
 975        17192.44721000
 976        17245.24887000
 977        17298.15857000
 978        17351.20780000
 979        17404.36137000
 980        17457.69439000
 981        17511.13151000
 982        17564.71225000
 983        17618.40132000
 984        17672.22861000
 985        17726.23566000
 986        17780.31532000
 987        17834.57109000
 988        17888.93508000
 989        17943.44368000
 990        17998.09273000
 991        18052.88802000
 992        18107.79207000
 993        18162.83858000
 994        18218.02799000
 995        18273.36221000
 996        18328.80719000
 997        18384.39493000
 998        18440.12773000
 999        18496.00787000
1000        18551.99643000
1001        18608.12842000
1002        18664.40987000
1003        18720.83274000
1004        18777.40306000
1005        18834.08649000
1006        18890.91339000
1007        18947.88802000
1008        19005.01084000
1009        19062.24244000
1010        19119.65702000
1011        19177.18505000
1012        19234.85897000
1013        19292.64606000
1014        19350.61698000
1015        19408.69888000
1016        19466.92735000
1017        19525.31071000
1018        19583.83652000
1019        19642.47783000
1020        19701.30570000
1021        19760.24286000
1022        19819.33310000
1023        19878.56847000
1024        19937.92402000
1025        19997.45999000
1026        20057.11394000
1027        20116.91772000
1028        20176.87282000
1029        20236.97554000
1030        20297.19681000
1031        20357.60541000
1032        20418.12610000
1033        20478.80133000
1034        20539.62633000
1035        20600.60575000
1036        20661.69987000
1037        20722.98207000
1038        20784.38089000
1039        20845.93483000
1040        20907.63905000
1041        20969.49611000
1042        21031.50862000
1043        21093.67386000
1044        21155.95823000
1045        21218.39611000
1046        21281.02323000
1047        21343.76748000
1048        21406.66996000
1049        21469.68708000
1050        21532.89871000
1051        21596.26442000
1052        21659.74944000
1053        21723.38835000
1054        21787.18350000
1055        21851.13992000
1056        21915.24559000
1057        21979.51014000
1058        22043.93397000
1059        22108.51195000
1060        22173.21002000
1061        22238.10444000
1062        22303.11644000
1063        22368.28789000
1064        22433.61921000
1065        22499.10755000
1066        22564.75089000
1067        22630.55680000
1068        22696.52245000
1069        22762.60384000
1070        22828.88764000
1071        22895.29188000
1072        22961.89122000
1073        23028.61414000
1074        23095.49733000
1075        23162.53871000
1076        23229.74610000
1077        23297.10912000
1078        23364.63310000
1079        23432.32093000
1080        23500.16715000
1081        23568.17718000
1082        23636.34886000
1083        23704.64418000
1084        23773.13605000
1085        23841.75709000
1086        23910.57519000
1087        23979.51978000
1088        24048.62627000
1089        24117.93803000
1090        24187.36863000
1091        24256.96669000
1092        24326.73257000
1093        24396.69324000
1094        24466.78114000
1095        24537.03720000
1096        24607.45569000
1097        24678.03695000
1098        24748.78940000
1099        24819.69915000
1100        24890.78010000
1101        24962.02442000
1102        25033.43448000
1103        25105.01060000
1104        25176.71758000
1105        25248.62611000
1106        25320.70101000
1107        25392.94819000
1108        25465.35613000
1109        25537.93354000
1110        25610.64224000
1111        25683.55609000
1112        25756.63405000
1113        25829.88479000
1114        25903.30289000
1115        25976.89093000
1116        26050.60468000
1117        26124.53350000
1118        26198.62675000
1119        26272.88763000
1120        26347.32524000
1121        26421.92755000
1122        26496.70073000
1123        26571.64508000
1124        26646.76032000
1125        26722.04376000
1126        26797.50166000
1127        26873.12776000
1128        26948.92838000
1129        27024.90077000
1130        27101.08086000
1131        27177.39660000
1132        27253.88442000
1133        27330.54405000
1134        27407.41206000
1135        27484.42237000
1136        27561.63805000
1137        27638.98983000
1138        27716.55374000
1139        27794.29330000
1140        27872.16602000
1141        27950.25445000
1142        28028.51887000
1143        28106.95313000
1144        28185.56372000
1145        28264.35088000
1146        28343.31445000
1147        28422.44820000
1148        28501.80519000
1149        28581.29255000
1150        28661.00009000
1151        28740.84165000
1152        28820.90025000
1153        28901.09615000
1154        28981.51295000
1155        29062.10388000
1156        29142.86909000
1157        29223.81889000
1158        29304.97990000
1159        29386.28206000
1160        29467.76237000
1161        29549.46447000
1162        29631.29768000
1163        29713.36003000
1164        29795.59391000
1165        29878.01333000
1166        29960.61156000
1167        30043.38502000
1168        30126.38495000
1169        30209.52343000
1170        30292.88159000
1171        30376.37832000
1172        30460.10221000
1173        30544.00193000
1174        30628.08476000
1175        30712.34721000
1176        30796.84110000
1177        30881.46674000
1178        30966.32045000
1179        31051.36157000
1180        31136.57552000
1181        31221.98071000
1182        31307.56630000
1183        31393.33599000
1184        31479.32734000
1185        31565.50682000
1186        31651.86706000
1187        31738.41565000
1188        31825.14897000
1189        31912.06710000
1190        31999.20769000
1191        32086.53716000
1192        32174.01040000
1193        32261.75174000
1194        32349.64089000
1195        32437.71166000
1196        32526.01148000
1197        32614.50092000
1198        32703.17425000
1199        32792.03351000
1200        32881.08662000
1201        32970.36368000
1202        33059.83097000
1203        33149.48858000
1204        33239.32873000
1205        33329.36143000
1206        33419.62068000
1207        33510.03483000
1208        33600.67382000
1209        33691.54588000
1210        33782.56707000
1211        33873.81963000
1212        33965.25954000
1213        34056.89709000
1214        34148.71814000
1215        34240.73300000
1216        34332.98398000
1217        34425.42083000
1218        34518.05190000
1219        34610.91958000
1220        34703.97557000
1221        34797.18161000
1222        34890.66929000
1223        34984.30096000
1224        35078.17225000
1225        35172.23641000
1226        35266.49376000
1227        35360.94430000
1228        35455.63500000
1229        35550.51494000
1230        35645.58841000
1231        35740.86414000
1232        35836.36998000
1233        35932.07193000
1234        36027.97436000
1235        36124.10953000
1236        36220.44117000
1237        36316.96939000
1238        36413.69639000
1239        36510.66115000
1240        36607.77978000
1241        36705.18376000
1242        36802.73973000
1243        36900.53387000
1244        36998.53213000
1245        37096.72121000
1246        37195.15353000
1247        37293.78808000
1248        37392.61841000
1249        37491.68781000
1250        37590.92105000
1251        37690.43264000
1252        37790.10381000
1253        37890.02387000
1254        37990.13330000
1255        38090.44855000
1256        38191.00841000
1257        38291.76748000
1258        38392.72560000
1259        38493.93604000
1260        38595.34121000
1261        38696.94821000
1262        38798.80563000
1263        38900.86052000
1264        39003.12005000
1265        39105.62807000
1266        39208.33637000
1267        39311.24474000
1268        39414.40482000
1269        39517.76994000
1270        39621.37994000
1271        39725.14884000
1272        39829.17232000
1273        39933.43609000
1274        40037.91091000
1275        40142.59150000
1276        40247.51786000
1277        40352.60618000
1278        40457.99202000
1279        40563.53777000
1280        40669.32952000
1281        40775.38270000
1282        40881.63282000
1283        40988.09264000
1284        41094.76457000
1285        41201.68360000
1286        41308.85217000
1287        41416.19384000
1288        41523.82785000
1289        41631.62228000
1290        41739.67713000
1291        41847.93513000
1292        41956.44894000
1293        42065.17340000
1294        42174.15176000
1295        42283.29096000
1296        42392.73946000
1297        42502.38906000
1298        42612.25312000
1299        42722.32624000
1300        42832.66160000
1301        42943.25200000
1302        43054.04910000
1303        43165.06370000
1304        43276.33100000
1305        43387.81092000
1306        43499.50876000
1307        43611.45973000
1308        43723.66920000
1309        43836.09991000
1310        43948.73297000
1311        44061.63073000
1312        44174.74441000
1313        44288.11793000
1314        44401.70235000
1315        44515.50596000
1316        44629.56697000
1317        44743.88795000
1318        44858.43153000
1319        44973.18420000
1320        45088.20025000
1321        45203.43634000
1322        45318.93081000
1323        45434.68623000
1324        45550.61908000
1325        45666.85985000
1326        45783.26683000
1327        45899.99301000
1328        46016.88313000
1329        46134.08439000
1330        46251.46376000
1331        46369.10289000
1332        46487.00746000
1333        46605.13129000
1334        46723.52646000
1335        46842.13560000
1336        46961.01086000
1337        47080.11463000
1338        47199.47929000
1339        47319.06398000
1340        47438.92427000
1341        47558.99608000
1342        47679.33817000
1343        47799.90652000
1344        47920.73983000
1345        48041.79398000
1346        48163.12483000
1347        48284.67105000
1348        48406.49186000
1349        48528.58348000
1350        48650.89736000
1351        48773.43285000
1352        48896.24288000
1353        49019.32264000
1354        49142.62439000
1355        49266.20457000
1356        49390.00449000
1357        49514.07730000
1358        49638.42915000
1359        49762.95380000
1360        49887.79581000
1361        50012.87680000
1362        50138.22226000
1363        50263.79425000
1364        50389.64379000
1365        50515.72272000
1366        50642.07354000
1367        50768.69554000
1368        50895.55776000
1369        51022.63777000
1370        51150.04756000
1371        51277.68761000
1372        51405.55282000
1373        51533.69366000
1374        51662.12000000
1375        51790.77192000
1376        51919.69643000
1377        52048.86268000
1378        52178.29921000
1379        52308.01601000
1380        52437.96786000
1381        52568.19769000
1382        52698.70108000
1383        52829.45088000
1384        52960.46827000
1385        53091.72244000
1386        53223.26074000
1387        53355.07810000
1388        53487.12903000
1389        53619.46466000
1390        53752.02775000
1391        53884.92161000
1392        54018.01132000
1393        54151.42582000
1394        54285.07475000
1395        54419.01323000
1396        54553.17993000
1397        54687.63004000
1398        54822.37139000
1399        54957.35057000
1400        55092.60716000
1401        55228.15559000
1402        55363.94227000
1403        55500.01072000
1404        55636.35994000
1405        55772.96340000
1406        55909.83741000
1407        56047.00835000
1408        56184.41840000
1409        56322.11122000
1410        56460.09368000
1411        56598.36877000
1412        56736.88200000
1413        56875.67744000
1414        57014.72884000
1415        57154.05598000
1416        57293.67384000
1417        57433.58947000
1418        57573.74412000
1419        57714.18190000
1420        57854.92620000
1421        57995.89764000
1422        58137.21863000
1423        58278.73541000
1424        58420.58701000
1425        58562.68555000
1426        58705.07947000
1427        58847.76334000
1428        58990.73597000
1429        59133.96739000
1430        59277.48088000
1431        59421.29206000
1432        59565.34279000
1433        59709.70292000
1434        59854.34569000
1435        59999.28692000
1436        60144.48398000
1437        60289.96408000
1438        60435.74754000
1439        60581.83312000
1440        60728.20660000
1441        60874.82951000
1442        61021.75948000
1443        61168.92755000
1444        61316.44604000
1445        61464.21750000
1446        61612.28663000
1447        61760.64762000
1448        61909.32137000
1449        62058.23846000
1450        62207.45235000
1451        62356.97964000
1452        62506.79674000
1453        62656.91574000
1454        62807.28908000
1455        62957.96632000
1456        63108.93686000
1457        63260.22213000
1458        63411.75193000
1459        63563.63553000
1460        63715.77908000
1461        63868.21843000
1462        64020.96599000
1463        64173.96168000
1464        64327.32460000
1465        64480.92830000
1466        64634.84570000
1467        64789.07057000
1468        64943.59717000
1469        65098.37269000
1470        65253.52174000
1471        65408.91225000
1472        65564.61775000
1473        65720.63668000
1474        65876.95360000
1475        66033.52021000
1476        66190.46193000
1477        66347.65555000
1478        66505.16057000
1479        66662.97037000
1480        66821.09387000
1481        66979.52442000
1482        67138.22353000
1483        67297.26874000
1484        67456.57979000
1485        67616.21161000
1486        67776.20018000
1487        67936.44511000
1488        68096.95457000
1489        68257.82637000
1490        68419.01194000
1491        68580.46766000
1492        68742.27113000
1493        68904.34712000
1494        69066.74583000
1495        69229.44592000
1496        69392.45570000
1497        69555.79092000
1498        69719.44975000
1499        69883.41057000
1500        70047.64002000
1501        70212.23548000
1502        70377.10207000
1503        70542.33204000
1504        70707.83445000
1505        70873.63974000
1506        71039.82498000
1507        71206.28321000
1508        71373.05555000
1509        71540.14530000
1510        71707.55037000
1511        71875.22280000
1512        72043.27127000
1513        72211.64650000
1514        72380.33150000
1515        72549.28770000
1516        72718.62408000
1517        72888.22335000
1518        73058.18909000
1519        73228.44091000
1520        73399.06205000
1521        73569.94986000
1522        73741.17184000
1523        73912.75257000
1524        74084.61162000
1525        74256.79989000
1526        74429.36441000
1527        74602.18517000
1528        74775.35278000
1529        74948.83836000
1530        75122.64526000
1531        75296.83598000
1532        75471.29758000
1533        75646.08682000
1534        75821.19812000
1535        75996.65229000
1536        76172.46759000
1537        76348.56946000
1538        76525.00322000
1539        76701.75675000
1540        76878.83338000
1541        77056.31396000
1542        77234.05522000
1543        77412.13204000
1544        77590.58984000
1545        77769.32058000
1546        77948.38755000
1547        78127.84818000
1548        78307.57624000
1549        78487.68307000
1550        78668.08838000
1551        78848.86967000
1552        79029.92829000
1553        79211.36983000
1554        79393.15219000
1555        79575.26661000
1556        79757.72274000
1557        79940.44133000
1558        80123.55919000
1559        80307.01941000
1560        80490.86377000
1561        80674.98694000
1562        80859.45310000
1563        81044.24952000
1564        81229.43425000
1565        81414.91441000
1566        81600.77368000
1567        81786.91902000
1568        81973.45997000
1569        82160.34546000
1570        82347.55614000
1571        82535.10838000
1572        82723.01873000
1573        82911.25478000
1574        83099.88144000
1575        83288.79897000
1576        83478.11072000
1577        83667.71034000
1578        83857.71801000
1579        84048.04580000
1580        84238.72366000
1581        84429.75524000
1582        84621.17589000
1583        84812.88547000
1584        85004.99131000
1585        85197.38972000
1586        85390.18141000
1587        85583.33500000
1588        85776.81002000
1589        85970.69259000
1590        86164.88236000
1591        86359.40082000
1592        86554.31390000
1593        86749.59722000
1594        86945.21666000
1595        87141.17580000
1596        87337.55472000
1597        87534.20766000
1598        87731.27047000
1599        87928.69119000
1600        88126.45614000
1601        88324.55483000
1602        88523.01561000
1603        88721.89110000
1604        88921.11167000
1605        89120.66664000
1606        89320.59532000
1607        89520.86246000
1608        89721.54213000
1609        89922.52584000
1610        90123.89746000
1611        90325.68964000
1612        90527.78646000
1613        90730.23006000
1614        90933.06583000
1615        91136.28505000
1616        91339.84436000
1617        91543.81116000
1618        91748.14018000
1619        91952.76811000
1620        92157.86077000
1621        92363.25978000
1622        92569.07144000
1623        92775.16377000
1624        92981.69127000
1625        93188.63221000
1626        93395.86177000
1627        93603.51227000
1628        93811.52012000
1629        94019.88907000
1630        94228.68748000
1631        94437.82092000
1632        94647.32379000
1633        94857.19992000
1634        95067.47630000
1635        95278.12286000
1636        95489.12008000
1637        95700.49218000
1638        95912.26888000
1639        96124.41671000
1640        96336.93165000
1641        96549.85614000
1642        96763.15251000
1643        96976.81665000
1644        97190.84162000
1645        97405.27264000
1646        97620.08805000
1647        97835.31441000
1648        98050.85654000
1649        98266.81724000
1650        98483.14001000
1651        98699.89440000
1652        98917.02671000
1653        99134.49730000
1654        99352.40846000
1655        99570.69828000
1656        99789.34326000
1657       100008.35539000
1658       100227.80470000
1659       100447.60969000
1660       100667.84878000
1661       100888.47629000
1662       101109.44338000
1663       101330.84532000
1664       101552.63645000
1665       101774.79287000
1666       101997.35965000
1667       102220.32484000
1668       102443.64743000
1669       102667.40656000
1670       102891.53934000
1671       103116.03861000
1672       103340.96660000
1673       103566.28610000
1674       103792.03121000
1675       104018.13870000
1676       104244.62603000
1677       104471.56448000
1678       104698.87095000
1679       104926.59913000
1680       105154.72067000
1681       105383.21079000
1682       105612.14095000
1683       105841.45643000
1684       106071.13219000
1685       106301.24877000
1686       106531.81915000
1687       106762.70049000
1688       106994.06442000
1689       107225.77408000
1690       107457.90414000
1691       107690.48574000
1692       107923.37745000
1693       108156.77663000
1694       108390.55995000
1695       108624.73141000
1696       108859.27451000
1697       109094.24318000
1698       109329.68763000
1699       109565.49513000
1700       109801.68810000
1701       110038.32992000
1702       110275.35395000
1703       110512.82364000
1704       110750.68350000
1705       110988.97638000
1706       111227.65611000
1707       111466.80530000
1708       111706.31910000
1709       111946.28012000
1710       112186.63272000
1711       112427.36952000
1712       112668.55433000
1713       112910.19706000
1714       113152.22267000
1715       113394.63339000
1716       113637.49315000
1717       113880.81578000
1718       114124.52429000
1719       114368.60302000
1720       114613.22519000
1721       114858.15409000
1722       115103.54345000
1723       115349.38756000
1724       115595.61882000
1725       115842.25119000
1726       116089.33907000
1727       116336.86510000
1728       116584.79299000
1729       116833.18724000
1730       117081.95990000
1731       117331.19567000
1732       117580.82802000
1733       117830.91002000
1734       118081.44582000
1735       118332.39931000
1736       118583.72213000
1737       118835.50968000
1738       119087.77649000
1739       119340.42349000
1740       119593.52577000
1741       119847.04741000
1742       120101.01064000
1743       120355.44042000
1744       120610.27997000
1745       120865.49027000
1746       121121.23941000
1747       121377.34857000
1748       121633.96179000
1749       121890.96090000
1750       122148.37795000
1751       122406.27830000
1752       122664.62255000
1753       122923.41470000
1754       123182.64057000
1755       123442.26039000
1756       123702.33959000
1757       123962.90403000
1758       124223.91367000
1759       124485.33290000
1760       124747.16582000
1761       125009.52803000
1762       125272.21703000
1763       125535.45468000
1764       125799.09928000
1765       126063.20556000
1766       126327.71592000
1767       126592.76858000
1768       126858.16010000
1769       127124.10240000
1770       127390.44194000
1771       127657.17146000
1772       127924.46402000
1773       128192.16578000
1774       128460.25810000
1775       128728.90327000
1776       128997.94687000
1777       129267.47803000
1778       129537.42738000
1779       129807.83797000
1780       130078.71398000
1781       130350.03194000
1782       130621.80034000
1783       130894.05808000
1784       131166.73546000
1785       131439.87554000
1786       131713.49419000
1787       131987.60348000
1788       132262.12159000
1789       132537.12698000
1790       132812.60030000
1791       133088.50676000
1792       133364.88959000
1793       133641.72908000
1794       133919.07721000
1795       134196.83978000
1796       134475.07167000
1797       134753.80118000
1798       135032.94582000
1799       135312.57265000
1800       135592.69804000
1801       135873.27787000
1802       136154.28988000
1803       136435.80135000
1804       136717.79247000
1805       137000.25510000
1806       137283.15495000
1807       137566.53520000
1808       137850.40009000
1809       138134.77877000
1810       138419.60131000
1811       138704.87094000
1812       138990.64280000
1813       139276.89676000
1814       139563.56096000
1815       139850.74090000
1816       140138.45457000
1817       140426.59180000
1818       140715.18223000
1819       141004.29441000
1820       141293.85640000
1821       141583.92339000
1822       141874.46202000
1823       142165.48935000
1824       142456.97168000
1825       142748.99019000
1826       143041.44734000
1827       143334.38123000
1828       143627.84833000
1829       143921.72474000
1830       144216.15573000
1831       144511.04387000
1832       144806.40596000
1833       145102.25938000
1834       145398.64829000
1835       145695.44768000
1836       145992.79013000
1837       146290.60486000
1838       146588.90835000
1839       146887.70485000
1840       147187.01209000
1841       147486.79534000
1842       147787.03499000
1843       148087.85076000
1844       148389.09239000
1845       148690.81488000
1846       148993.07722000
1847       149295.83072000
1848       149599.07962000
1849       149902.84193000
1850       150207.10998000
1851       150511.80947000
1852       150817.03716000
1853       151122.82241000
1854       151429.02578000
1855       151735.77231000
1856       152043.01237000
1857       152350.76428000
1858       152659.01820000
1859       152967.71546000
1860       153276.99047000
1861       153586.71742000
1862       153896.99026000
1863       154207.72572000
1864       154519.05870000
1865       154830.82228000
1866       155143.08594000
1867       155455.86432000
1868       155769.17625000
1869       156082.98507000
1870       156397.30955000
1871       156712.13940000
1872       157027.49610000
1873       157343.36937000
1874       157659.76357000
1875       157976.57577000
1876       158293.98575000
1877       158611.94715000
1878       158930.32720000
1879       159249.29131000
1880       159568.71223000
1881       159888.71385000
1882       160209.23472000
1883       160530.21318000
1884       160851.75823000
1885       161173.77244000
1886       161496.39224000
1887       161819.44750000
1888       162143.07452000
1889       162467.19121000
1890       162791.87629000
1891       163117.01700000
1892       163442.76543000
1893       163768.93517000
1894       164095.72477000
1895       164422.97510000
1896       164750.81105000
1897       165079.13941000
1898       165407.97601000
1899       165737.38360000
1900       166067.31566000
1901       166397.77641000
1902       166728.77401000
1903       167060.21446000
1904       167392.28285000
1905       167724.85727000
1906       168057.94188000
1907       168391.56887000
1908       168725.82548000
1909       169060.52234000
1910       169395.73038000
1911       169731.50224000
1912       170067.84877000
1913       170404.67275000
1914       170742.11246000
1915       171080.06071000
1916       171418.47088000
1917       171757.51422000
1918       172097.06680000
1919       172437.14926000
1920       172777.79891000
1921       173119.02581000
1922       173460.71616000
1923       173802.95812000
1924       174145.79477000
1925       174489.17977000
1926       174833.11749000
1927       175177.49912000
1928       175522.48065000
1929       175868.10024000
1930       176214.18135000
1931       176560.79575000
1932       176908.01538000
1933       177255.78196000
1934       177604.01493000
1935       177952.88838000
1936       178302.32601000
1937       178652.26525000
1938       179002.76103000
1939       179353.85636000
1940       179705.48755000
1941       180057.67625000
1942       180410.39738000
1943       180763.67269000
1944       181117.50646000
1945       181471.92405000
1946       181826.89677000
1947       182182.44657000
1948       182538.51285000
1949       182895.11740000
1950       183252.36443000
1951       183610.10388000
1952       183968.44694000
1953       184327.32948000
1954       184686.86011000
1955       185046.84039000
1956       185407.46556000
1957       185768.63531000
1958       186130.34196000
1959       186492.67651000
1960       186855.52426000
1961       187218.97850000
1962       187582.95638000
1963       187947.53548000
1964       188312.72203000
1965       188678.45139000
1966       189044.76478000
1967       189411.59904000
1968       189778.99545000
1969       190147.06455000
1970       190515.65531000
1971       190884.77173000
1972       191254.58090000
1973       191624.91239000
1974       191995.80802000
1975       192367.29094000
1976       192739.36605000
1977       193112.00619000
1978       193485.23471000
1979       193859.02507000
1980       194233.39339000
1981       194608.38948000
1982       194983.92914000
1983       195360.08601000
1984       195736.83343000
1985       196114.12523000
1986       196491.98492000
1987       196870.50590000
1988       197249.55251000
1989       197629.23768000
1990       198009.44189000
1991       198390.28927000
1992       198771.75271000
1993       199153.78633000
1994       199536.41409000
1995       199919.58891000
1996       200303.40475000
1997       200687.81583000
1998       201072.77483000
1999       201458.37590000
2000       201844.57330000
2001       202231.31940000
2002       202618.68840000
2003       203006.67502000
2004       203395.28139000
2005       203784.46170000
2006       204174.22008000
2007       204564.54913000
2008       204955.52337000
2009       205347.16762000
2010       205739.29252000
2011       206132.13416000
2012       206525.50590000
2013       206919.52085000
2014       207314.09177000
2015       207709.33498000
2016       208105.15177000
2017       208501.52528000
2018       208898.59322000
2019       209296.28550000
2020       209694.48553000
2021       210093.36026000
2022       210492.86012000
2023       210892.93950000
2024       211293.64505000
2025       211694.97670000
2026       212096.88880000
2027       212499.47797000
2028       212902.62299000
2029       213306.42046000
2030       213710.84660000
2031       214115.82941000
2032       214521.44402000
2033       214927.71021000
2034       215334.60514000
2035       215742.06147000
2036       216150.19455000
2037       216558.93720000
2038       216968.33178000
2039       217378.31082000
2040       217788.97207000
2041       218200.17033000
2042       218611.99831000
2043       219024.50961000
2044       219437.67495000
2045       219851.38185000
2046       220265.74625000
2047       220680.83753000
2048       221096.42169000
2049       221512.71409000
2050       221929.61726000
2051       222347.15389000
2052       222765.30543000
2053       223184.09123000
2054       223603.53807000
2055       224023.62376000
2056       224444.36763000
2057       224865.67839000
2058       225287.70140000
2059       225710.28819000
2060       226133.56123000
2061       226557.47560000
2062       226982.02692000
2063       227407.14663000
2064       227833.00454000
2065       228259.50026000
2066       228686.58862000
2067       229114.39324000
2068       229542.76391000
2069       229971.82436000
2070       230401.52982000
2071       230831.85096000
2072       231262.79031000
2073       231694.52128000
2074       232126.74708000
2075       232559.73782000
2076       232993.27910000
2077       233427.55848000
2078       233862.43413000
2079       234298.00347000
2080       234734.19757000
2081       235171.05831000
2082       235608.51644000
2083       236046.69784000
2084       236485.52234000
2085       236924.99435000
2086       237365.14177000
2087       237805.98251000
2088       238247.42258000
2089       238689.56377000
2090       239132.37464000
2091       239575.81054000
2092       240019.94878000
2093       240464.65919000
2094       240910.09419000
2095       241356.23265000
2096       241802.96932000
2097       242250.38139000
2098       242698.52336000
2099       243147.26442000
2100       243596.70740000
2101       244046.85615000
2102       244497.65306000
2103       244949.10483000
2104       245401.18969000
2105       245854.02311000
2106       246307.46104000
2107       246761.63287000
2108       247216.40638000
2109       247671.95928000
2110       248128.17350000
2111       248584.93808000
2112       249042.50940000
2113       249500.74321000
2114       249959.62845000
2115       250419.14710000
2116       250879.40361000
2117       251340.31233000
2118       251801.95641000
2119       252264.23878000
2120       252727.27524000
2121       253190.87284000
2122       253655.25862000
2123       254120.27742000
2124       254586.02810000
2125       255052.44269000
2126       255519.52491000
2127       255987.36382000
2128       256455.81361000
2129       256925.00695000
2130       257394.83581000
2131       257865.42600000
2132       258336.65883000
2133       258808.60306000
2134       259281.23474000
2135       259754.64028000
2136       260228.65584000
2137       260703.33208000
2138       261178.78359000
2139       261654.92097000
2140       262131.77572000
2141       262609.30419000
2142       263087.51957000
2143       263566.42523000
2144       264046.10927000
2145       264526.45294000
2146       265007.44081000
2147       265489.20852000
2148       265971.71211000
2149       266454.81404000
2150       266938.68713000
2151       267423.30721000
2152       267908.54501000
2153       268394.61247000
2154       268881.29511000
2155       269368.70074000
2156       269856.86181000
2157       270345.71460000
2158       270835.21577000
2159       271325.54946000
2160       271816.50003000
2161       272308.20516000
2162       272800.63905000
2163       273293.76662000
2164       273787.62055000
2165       274282.23382000
2166       274777.49531000
2167       275273.53076000
2168       275770.25076000
2169       276267.77229000
2170       276765.94637000
2171       277264.85250000
2172       277764.45507000
2173       278264.81749000
2174       278765.91009000
2175       279267.79675000
2176       279770.24422000
2177       280273.52968000
2178       280777.61067000
2179       281282.28345000
2180       281787.76512000
2181       282293.96720000
2182       282800.86896000
2183       283308.58096000
2184       283817.01488000
2185       284326.08755000
2186       284835.95682000
2187       285346.59511000
2188       285857.90385000
2189       286369.97951000
2190       286882.82546000
2191       287396.37390000
2192       287910.69068000
2193       288425.74755000
2194       288941.53939000
2195       289458.06927000
2196       289975.40378000
2197       290493.41096000
2198       291012.07995000
2199       291531.63220000
2200       292051.92181000
2201       292572.91969000
2202       293094.69299000
2203       293617.20466000
2204       294140.45773000
2205       294664.51997000
2206       295189.25694000
2207       295714.76888000
2208       296241.05886000
2209       296768.08958000
2210       297295.83120000
2211       297824.38488000
2212       298353.64756000
2213       298883.76559000
2214       299414.58660000
2215       299946.11750000
2216       300478.47199000
2217       301011.56379000
2218       301545.44430000
2219       302079.99377000
2220       302615.43784000
2221       303151.59371000
2222       303688.53124000
2223       304226.25335000
2224       304764.65431000
2225       305303.87200000
2226       305843.83917000
2227       306384.59257000
2228       306926.13810000
2229       307468.42408000
2230       308011.54189000
2231       308555.40872000
2232       309099.91440000
2233       309645.35608000
2234       310191.51351000
2235       310738.50226000
2236       311286.23719000
2237       311834.68867000
2238       312383.97262000
2239       312934.11775000
2240       313484.94549000
2241       314036.52810000
2242       314588.97354000
2243       315142.13741000
2244       315696.13622000
2245       316250.88543000
2246       316806.39732000
2247       317362.73730000
2248       317919.87256000
2249       318477.72791000
2250       319036.45623000
2251       319595.98110000
2252       320156.18369000
2253       320717.26070000
2254       321279.17872000
2255       321841.81158000
2256       322405.28420000
2257       322969.47654000
2258       323534.50729000
2259       324100.37890000
2260       324667.00793000
2261       325234.44006000
2262       325802.70811000
2263       326371.74110000
2264       326941.53537000
2265       327512.09316000
2266       328083.60747000
2267       328655.81014000
2268       329228.89428000
2269       329802.74011000
2270       330377.42938000
2271       330952.88437000
2272       331529.14482000
2273       332106.16988000
2274       332684.07930000
2275       333262.79545000
2276       333842.23951000
2277       334422.60716000
2278       335003.74311000
2279       335585.72557000
2280       336168.43708000
2281       336752.03628000
2282       337336.44516000
2283       337921.66076000
2284       338507.72709000
2285       339094.52403000
2286       339682.25108000
2287       340270.70789000
2288       340860.05737000
2289       341450.13839000
2290       342041.06968000
2291       342632.93417000
2292       343225.53123000
2293       343818.90170000
2294       344413.20679000
2295       345008.28460000
2296       345604.17643000
2297       346201.00470000
2298       346798.52743000
2299       347396.90517000
2300       347996.22090000
2301       348596.27170000
2302       349197.09897000
2303       349798.90590000
2304       350401.44864000
2305       351004.93070000
2306       351609.19221000
2307       352214.23073000
2308       352820.21015000
2309       353427.01071000
2310       354034.58941000
2311       354642.98829000
2312       355252.33194000
2313       355862.49535000
2314       356473.48058000
2315       357085.28933000
2316       357697.95979000
2317       358311.45333000
2318       358925.89463000
2319       359541.11737000
2320       360157.08126000
2321       360774.07777000
2322       361391.89677000
2323       362010.41786000
2324       362629.88978000
2325       363250.26902000
2326       363871.43319000
2327       364493.54997000
2328       365116.40903000
2329       365740.13873000
2330       366364.77915000
2331       366990.24975000
2332       367616.58844000
2333       368243.75708000
2334       368871.83920000
2335       369500.75133000
2336       370130.57698000
2337       370761.19213000
2338       371392.76406000
2339       372025.12539000
2340       372658.36393000
2341       373292.51292000
2342       373927.45690000
2343       374563.31840000
2344       375200.09643000
2345       375837.66578000
2346       376476.19797000
2347       377115.52146000
2348       377755.76399000
2349       378396.88837000
2350       379038.84342000
2351       379681.68063000
2352       380325.48393000
2353       380970.03606000
2354       381615.50992000
2355       382261.91341000
2356       382909.14946000
2357       383557.30864000
2358       384206.39936000
2359       384856.27823000
2360       385507.04388000
2361       386158.82587000
2362       386811.35909000
2363       387464.77266000
2364       388119.20437000
2365       388774.43381000
2366       389430.50732000
2367       390087.59232000
2368       390745.43864000
2369       391404.29712000
2370       392064.00172000
2371       392724.63581000
2372       393386.07009000
2373       394048.52820000
2374       394711.78718000
2375       395375.97770000
2376       396041.10036000
2377       396707.07172000
2378       397373.97596000
2379       398041.81375000
2380       398710.50152000
2381       399380.07616000
2382       400050.68043000
2383       400722.08862000
2384       401394.43245000
2385       402067.67626000
2386       402741.80891000
2387       403416.87853000
2388       404092.88569000
2389       404769.79471000
2390       405447.59415000
2391       406126.24817000
2392       406805.91401000
2393       407486.47142000
2394       408167.94471000
2395       408850.34723000
2396       409533.64239000
2397       410217.81921000
2398       410903.02219000
2399       411589.08362000
2400       412276.00350000
2401       412964.02507000
2402       413652.80748000
2403       414342.58372000
2404       415033.26947000
2405       415724.93586000
2406       416417.46321000
2407       417110.98625000
2408       417805.32157000
2409       418500.65410000
2410       419196.95879000
2411       419894.13644000
2412       420592.31292000
2413       421291.42875000
2414       421991.41854000
2415       422692.35808000
2416       423394.23849000
2417       424097.01933000
2418       424800.86198000
2419       425505.53638000
2420       426211.17186000
2421       426917.81123000
2422       427625.36912000
2423       428333.85547000
2424       429043.24389000
2425       429753.60400000
2426       430464.97926000
2427       431177.22436000
2428       431890.45024000
2429       432604.63325000
2430       433319.68720000
2431       434035.83528000
2432       434752.82999000
2433       435470.75615000
2434       436189.74520000
2435       436909.66789000
2436       437630.52332000
2437       438352.30462000
2438       439075.04723000
2439       439798.83637000
2440       440523.55295000
2441       441249.17871000
2442       441975.73405000
2443       442703.39041000
2444       443431.87101000
2445       444161.42801000
2446       444891.88823000
2447       445623.31408000
2448       446355.73176000
2449       447089.11451000
2450       447823.48858000
2451       448558.85752000
2452       449295.07914000
2453       450032.46233000
2454       450770.64552000
2455       451509.82399000
2456       452250.05189000
2457       452991.28132000
2458       453733.42101000
2459       454476.58413000
2460       455220.69113000
2461       455965.70970000
2462       456711.86812000
2463       457458.91553000
2464       458206.90403000
2465       458956.00605000
2466       459706.05444000
2467       460457.01727000
2468       461209.09528000
2469       461962.03397000
2470       462715.94692000
2471       463471.03386000
2472       464226.92540000
2473       464983.84978000
2474       465741.89281000
2475       466500.79868000
2476       467260.68156000
2477       468021.65508000
2478       468783.63837000
2479       469546.54166000
2480       470310.50856000
2481       471075.39890000
2482       471841.38550000
2483       472608.35000000
2484       473376.26830000
2485       474145.13812000
2486       474915.22150000
2487       475686.14283000
2488       476458.16365000
2489       477231.10648000
2490       478005.06470000
2491       478780.09425000
2492       479556.19463000
2493       480333.16449000
2494       481111.20714000
2495       481890.35228000
2496       482670.33798000
2497       483451.42796000
2498       484233.56205000
2499       485016.68603000
2500       485800.82782000
2501       486586.04561000
2502       487372.25198000
2503       488159.45007000
2504       488947.69552000
2505       489736.99142000
2506       490527.25041000
2507       491318.58531000
2508       492110.94497000
2509       492904.32686000
2510       493698.79017000
2511       494494.18716000
2512       495290.60772000
2513       496088.23099000
2514       496886.70047000
2515       497686.31486000
2516       498486.89251000
2517       499288.61810000
2518       500091.27985000
2519       500894.96866000
2520       501699.83353000
2521       502505.57814000
2522       503312.44019000
2523       504120.42295000
2524       504929.31207000
2525       505739.26300000
2526       506550.39369000
2527       507362.43826000
2528       508175.57153000
2529       508989.76524000
2530       509804.99525000
2531       510621.22613000
2532       511438.67282000
2533       512257.06068000
2534       513076.48291000
2535       513897.03364000
2536       514718.55890000
2537       515541.17706000
2538       516364.83607000
2539       517189.64989000
2540       518015.41160000
2541       518842.27289000
2542       519670.20062000
2543       520499.16726000
2544       521329.26824000
2545       522160.43713000
2546       522992.49023000
2547       523825.83577000
2548       524660.21727000
2549       525495.55069000
2550       526332.07886000
2551       527169.58740000
2552       528008.17275000
2553       528847.95480000
2554       529688.62837000
2555       530530.52684000
2556       531373.44358000
2557       532217.46706000
2558       533062.53688000
2559       533908.68272000
2560       534755.93679000
2561       535604.27270000
2562       536453.72053000
2563       537304.11910000
2564       538155.69155000
2565       539008.41204000
2566       539862.17482000
2567       540717.02269000
2568       541572.98599000
2569       542430.02727000
2570       543288.06467000
2571       544147.40068000
2572       545007.59951000
2573       545869.01241000
2574       546731.54432000
2575       547595.15670000
2576       548459.85929000
2577       549325.73828000
2578       550192.55234000
2579       551060.51374000
2580       551929.72410000
2581       552799.89078000
2582       553671.18651000
2583       554543.69766000
2584       555417.20189000
2585       556291.72955000
2586       557167.47985000
2587       558044.44803000
2588       558922.35551000
2589       559801.41560000
2590       560681.65919000
2591       561562.97088000
2592       562445.34522000
2593       563328.97758000
2594       564213.53382000
2595       565099.35517000
2596       565986.27174000
2597       566874.35131000
2598       567763.42299000
2599       568653.70169000
2600       569545.07119000
2601       570437.63638000
2602       571331.28223000
2603       572226.03774000
2604       573121.97314000
2605       574019.00839000
2606       574917.17420000
2607       575816.40983000
2608       576716.91375000
2609       577618.42009000
2610       578521.12736000
2611       579424.97521000
2612       580329.95650000
2613       581236.01055000
2614       582143.33703000
2615       583051.70615000
2616       583961.20367000
2617       584871.88332000
2618       585783.73749000
2619       586696.62906000
2620       587610.75876000
2621       588526.06463000
2622       589442.44757000
2623       590360.01663000
2624       591278.64759000
2625       592198.52690000
2626       593119.59439000
2627       594041.76372000
2628       594965.01285000
2629       595889.50581000
2630       596815.17980000
2631       597741.93505000
2632       598669.97531000
2633       599599.02676000
2634       600529.29321000
2635       601460.75371000
2636       602393.31960000
2637       603327.06260000
2638       604262.04121000
2639       605198.12639000
2640       606135.33699000
2641       607073.79876000
2642       608013.40830000
2643       608954.10465000
2644       609896.13446000
2645       610839.27322000
2646       611783.50033000
2647       612729.02265000
2648       613675.69558000
2649       614623.49875000
2650       615572.50588000
2651       616522.67721000
2652       617474.02109000
2653       618426.62371000
2654       619380.32684000
2655       620335.17530000
2656       621291.36647000
2657       622248.67123000
2658       623207.11115000
2659       624166.81344000
2660       625127.61933000
2661       626089.70847000
2662       627053.00952000
2663       628017.37407000
2664       628983.02345000
2665       629949.81182000
2666       630917.90869000
2667       631887.07093000
2668       632857.42589000
2669       633829.09147000
2670       634801.91779000
2671       635775.88644000
2672       636751.21984000
2673       637727.56908000
2674       638705.20848000
2675       639684.16280000
2676       640664.18629000
2677       641645.40700000
2678       642627.89286000
2679       643611.59549000
2680       644596.48822000
2681       645582.61386000
2682       646569.94902000
2683       647558.38957000
2684       648548.28944000
2685       649539.21879000
2686       650531.39340000
2687       651524.89120000
2688       652519.46322000
2689       653515.37722000
2690       654512.47763000
2691       655510.79249000
2692       656510.31214000
2693       657511.10806000
2694       658513.08269000
2695       659516.30109000
2696       660520.80465000
2697       661526.48155000
2698       662533.36603000
2699       663541.53133000
2700       664550.96665000
2701       665561.51573000
2702       666573.53871000
2703       667586.59743000
2704       668600.91168000
2705       669616.51116000
2706       670633.33847000
2707       671651.42321000
2708       672670.75004000
2709       673691.25561000
2710       674713.11597000
2711       675736.26616000
2712       676760.50507000
2713       677786.05051000
2714       678812.93794000
2715       679840.91095000
2716       680870.24247000
2717       681900.82204000
2718       682932.68048000
2719       683965.70714000
2720       685000.12960000
2721       686035.73313000
2722       687072.55608000
2723       688110.72735000
2724       689150.18042000
2725       690190.80490000
2726       691232.77974000
2727       692275.94137000
2728       693320.41966000
2729       694366.15601000
2730       695413.07850000
2731       696461.32140000
2732       697510.96617000
2733       698561.75315000
2734       699613.81281000
2735       700667.27682000
2736       701721.83514000
2737       702777.76475000
2738       703835.00507000
2739       704893.48559000
2740       705953.29069000
2741       707014.31149000
2742       708076.62278000
2743       709140.21204000
2744       710205.21265000
2745       711271.40834000
2746       712338.83496000
2747       713407.67530000
2748       714477.71193000
2749       715549.02999000
2750       716621.76417000
2751       717695.59759000
2752       718770.90979000
2753       719847.49393000
2754       720925.27699000
2755       722004.39272000
2756       723084.79557000
2757       724166.61820000
2758       725249.69125000
2759       726334.00159000
2760       727419.63827000
2761       728506.57453000
2762       729594.84975000
2763       730684.59899000
2764       731775.35307000
2765       732867.49828000
2766       733961.17014000
2767       735055.99612000
2768       736152.01634000
2769       737249.56557000
2770       738348.32076000
2771       739448.36982000
2772       740549.89924000
2773       741652.58901000
2774       742756.67257000
2775       743862.14058000
2776       744968.77052000
2777       746076.84259000
2778       747186.25463000
2779       748296.87648000
2780       749408.89561000
2781       750522.30328000
2782       751636.87569000
2783       752752.99781000
2784       753870.36006000
2785       754988.98705000
2786       756109.01491000
2787       757230.43562000
2788       758353.12266000
2789       759477.11372000
2790       760602.59842000
2791       761729.29815000
2792       762857.35648000
2793       763986.86511000
2794       765117.48352000
2795       766249.61470000
2796       767383.19843000
2797       768517.94640000
2798       769654.15590000
2799       770791.66769000
2800       771930.49723000
2801       773070.69149000
2802       774212.44219000
2803       775355.20562000
2804       776499.54325000
2805       777645.33124000
2806       778792.29583000
2807       779940.61929000
2808       781090.40462000
2809       782241.46734000
2810       783394.00021000
2811       784547.88765000
2812       785702.99903000
2813       786859.63747000
2814       788017.68773000
2815       789176.96321000
2816       790337.65738000
2817       791499.82078000
2818       792663.21063000
2819       793827.97695000
2820       794994.25890000
2821       796161.76844000
2822       797330.75625000
2823       798501.21818000
2824       799672.90911000
2825       800846.02417000
2826       802020.55914000
2827       803196.43732000
2828       804373.74153000
2829       805552.41103000
2830       806732.42546000
2831       807913.86770000
2832       809096.83423000
2833       810280.99028000
2834       811466.57583000
2835       812653.74508000
2836       813842.20593000
2837       815031.99766000
2838       816223.15997000
2839       817415.77317000
2840       818609.87739000
2841       819805.41204000
2842       821002.12494000
2843       822200.38884000
2844       823400.14361000
2845       824601.23669000
2846       825803.66566000
2847       827007.68839000
2848       828212.95011000
2849       829419.60796000
2850       830627.86226000
2851       831837.29762000
2852       833048.29117000
2853       834260.82446000
2854       835474.55743000
2855       836689.77376000
2856       837906.44870000
2857       839124.62829000
2858       840344.04917000
2859       841565.11523000
2860       842787.38378000
2861       844011.19876000
2862       845236.57928000
2863       846463.14437000
2864       847691.21689000
2865       848920.79685000
2866       850151.78521000
2867       851384.12088000
2868       852617.90591000
2869       853853.30306000
2870       855090.00914000
2871       856328.12596000
2872       857567.89805000
2873       858808.81732000
2874       860051.25081000
2875       861295.36331000
2876       862540.76616000
2877       863787.58365000
2878       865035.91901000
2879       866285.60761000
2880       867536.81466000
2881       868789.54219000
2882       870043.62418000
2883       871299.22673000
2884       872556.35218000
2885       873814.83349000
2886       875074.73527000
2887       876336.26452000
2888       877599.04865000
2889       878863.45969000
2890       880129.23281000
2891       881396.59336000
2892       882665.31505000
2893       883935.66913000
2894       885207.21663000
2895       886480.42064000
2896       887755.13176000
2897       889031.22938000
2898       890308.79379000
2899       891587.99577000
2900       892868.45720000
2901       894150.51620000
2902       895434.15077000
2903       896719.04583000
2904       898005.54089000
2905       899293.61362000
2906       900583.11617000
2907       901873.98772000
2908       903166.50421000
2909       904460.41477000
2910       905755.79909000
2911       907052.76516000
2912       908351.16426000
2913       909651.10465000
2914       910952.59201000
2915       912255.51422000
2916       913559.81018000
2917       914865.86193000
2918       916173.24683000
2919       917482.17711000
2920       918792.59249000
2921       920104.54907000
2922       921417.94960000
2923       922733.00800000
2924       924049.50591000
2925       925367.31496000
2926       926686.91916000
2927       928008.00060000
2928       929330.42635000
2929       930654.55075000
2930       931980.11775000
2931       933307.20269000
2932       934635.88496000
2933       935966.01150000
2934       937297.52133000
2935       938630.80276000
2936       939965.49490000
2937       941301.67600000
2938       942639.45852000
2939       943978.75741000
2940       945319.61621000
2941       946662.04397000
2942       948005.88599000
2943       949351.25500000
2944       950698.36928000
2945       952046.86447000
2946       953396.92379000
2947       954748.48654000
2948       956101.67609000
2949       957456.25696000
2950       958812.55219000
2951       960170.33774000
2952       961529.55009000
2953       962890.51612000
2954       964252.93757000
2955       965616.85809000
2956       966982.50189000
2957       968349.56498000
2958       969718.02379000
2959       971088.41859000
2960       972460.09533000
2961       973833.52322000
2962       975208.39306000
2963       976584.72268000
2964       977962.77295000
2965       979342.37199000
2966       980723.43238000
2967       982106.14369000
2968       983490.47801000
2969       984876.34841000
2970       986263.72625000
2971       987652.80233000
2972       989043.41645000
2973       990435.36090000
2974       991829.25849000
2975       993224.54882000
2976       994621.34986000
2977       996020.00191000
2978       997419.86834000
2979       998821.42666000
2980      1000224.83939000
2981      1001629.57280000
2982      1003036.04382000
2983      1004444.07411000
2984      1005853.46940000
2985      1007264.71087000
2986      1008677.51337000
2987      1010091.93867000
2988      1011507.80625000
2989      1012925.49312000
2990      1014344.62351000
2991      1015765.27297000
2992      1017187.63829000
2993      1018611.73698000
2994      1020037.17443000
2995      1021464.51281000
2996      1022893.22216000
2997      1024323.55994000
2998      1025755.69538000
2999      1027189.12642000
3000      1028624.41827000
3001      1030061.38635000
3002      1031499.72798000
3003      1032939.82682000
3004      1034381.57480000
3005      1035824.83333000
3006      1037269.85203000
3007      1038716.33743000
3008      1040164.56828000
3009      1041614.32818000
3010      1043065.84775000
3011      1044518.98024000
3012      1045973.48650000
3013      1047430.06921000
3014      1048887.90197000
3015      1050347.42429000
3016      1051808.84118000
3017      1053271.58753000
3018      1054736.21256000
3019      1056202.31080000
3020      1057670.00513000
3021      1059139.47367000
3022      1060610.63148000
3023      1062083.25255000
3024      1063557.67794000
3025      1065033.66010000
3026      1066511.42944000
3027      1067990.62996000
3028      1069471.53090000
3029      1070954.28675000
3030      1072438.53687000
3031      1073924.48983000
3032      1075412.13819000
3033      1076901.25575000
3034      1078392.18614000
3035      1079884.78754000
3036      1081378.99369000
3037      1082874.88170000
3038      1084372.46867000
3039      1085871.82639000
3040      1087372.62202000
3041      1088875.20049000
3042      1090379.52688000
3043      1091885.31786000
3044      1093393.14272000
3045      1094902.30342000
3046      1096413.17895000
3047      1097926.00861000
3048      1099440.15003000
3049      1100956.14141000
3050      1102473.87375000
3051      1103993.21884000
3052      1105514.28391000
3053      1107036.94865000
3054      1108561.31180000
3055      1110087.48174000
3056      1111615.36154000
3057      1113144.91834000
3058      1114676.03032000
3059      1116208.91530000
3060      1117743.50282000
3061      1119279.64707000
3062      1120817.76071000
3063      1122357.47054000
3064      1123898.73862000
3065      1125441.97946000
3066      1126986.73224000
3067      1128533.15350000
3068      1130081.52802000
3069      1131631.32946000
3070      1133183.06108000
3071      1134736.48940000
3072      1136291.34553000
3073      1137848.13457000
3074      1139406.81854000
3075      1140966.93153000
3076      1142528.87129000
3077      1144092.62114000
3078      1145657.97638000
3079      1147224.98568000
3080      1148793.80698000
3081      1150364.52137000
3082      1151936.71526000
3083      1153510.87974000
3084      1155086.49680000
3085      1156663.86044000
3086      1158243.30760000
3087      1159824.20815000
3088      1161406.74826000
3089      1162991.39560000
3090      1164577.36715000
3091      1166165.39939000
3092      1167755.03338000
3093      1169346.41153000
3094      1170939.52427000
3095      1172534.57018000
3096      1174131.23289000
3097      1175729.56167000
3098      1177329.71567000
3099      1178931.67035000
3100      1180535.22078000
3101      1182140.68996000
3102      1183747.96249000
3103      1185356.72201000
3104      1186967.58648000
3105      1188579.90795000
3106      1190193.99303000
3107      1191810.18675000
3108      1193427.93057000
3109      1195047.44071000
3110      1196668.76748000
3111      1198291.73796000
3112      1199916.58767000
3113      1201543.27380000
3114      1203171.58793000
3115      1204801.76672000
3116      1206433.69072000
3117      1208067.44894000
3118      1209702.79295000
3119      1211340.27664000
3120      1212979.28145000
3121      1214619.98436000
3122      1216262.81398000
3123      1217907.19883000
3124      1219553.36212000
3125      1221201.56086000
3126      1222851.31575000
3127      1224502.75628000
3128      1226156.33049000
3129      1227811.35087000
3130      1229468.36153000
3131      1231127.22197000
3132      1232787.83283000
3133      1234450.22975000
3134      1236114.47846000
3135      1237780.46491000
3136      1239448.26893000
3137      1241117.91237000
3138      1242789.29585000
3139      1244462.49854000
3140      1246137.64060000
3141      1247814.53917000
3142      1249493.03540000
3143      1251173.89333000
3144      1252856.10391000
3145      1254540.12330000
3146      1256226.28520000
3147      1257914.02359000
3148      1259603.65873000
3149      1261295.14384000
3150      1262988.30466000
3151      1264683.46452000
3152      1266380.39006000
3153      1268079.27875000
3154      1269779.78354000
3155      1271482.24285000
3156      1273186.68051000
3157      1274892.72347000
3158      1276600.73588000
3159      1278310.50457000
3160      1280022.10440000
3161      1281735.76599000
3162      1283450.99553000
3163      1285168.14776000
3164      1286887.37638000
3165      1288608.16302000
3166      1290330.87515000
3167      1292055.57535000
3168      1293781.93680000
3169      1295510.32840000
3170      1297240.48547000
3171      1298972.42823000
3172      1300706.40412000
3173      1302442.25039000
3174      1304179.87464000
3175      1305919.22538000
3176      1307660.66489000
3177      1309403.98796000
3178      1311148.93533000
3179      1312896.06977000
3180      1314644.89077000
3181      1316395.43251000
3182      1318148.28704000
3183      1319902.70769000
3184      1321658.85939000
3185      1323417.31930000
3186      1325177.35479000
3187      1326939.43883000
3188      1328703.41393000
3189      1330469.07068000
3190      1332236.77892000
3191      1334006.48612000
3192      1335777.86960000
3193      1337551.20849000
3194      1339326.54899000
3195      1341103.67390000
3196      1342882.64980000
3197      1344663.62315000
3198      1346446.50341000
3199      1348231.11610000
3200      1350018.06469000
3201      1351806.47948000
3202      1353596.85588000
3203      1355389.34425000
3204      1357183.52147000
3205      1358979.77124000
3206      1360777.91930000
3207      1362577.87149000
3208      1364380.00292000
3209      1366183.81719000
3210      1367989.54622000
3211      1369797.23436000
3212      1371606.94462000
3213      1373418.56765000
3214      1375231.93696000
3215      1377047.32231000
3216      1378864.73715000
3217      1380683.89979000
3218      1382505.30695000
3219      1384328.41338000
3220      1386153.37656000
3221      1387980.58811000
3222      1389809.38539000
3223      1391640.15922000
3224      1393473.29685000
3225      1395307.90654000
3226      1397144.71963000
3227      1398983.45142000
3228      1400823.88275000
3229      1402666.51869000
3230      1404511.07540000
3231      1406357.67447000
3232      1408205.91377000
3233      1410056.41764000
3234      1411908.73757000
3235      1413762.92780000
3236      1415619.27098000
3237      1417477.54652000
3238      1419337.69529000
3239      1421199.88517000
3240      1423064.01011000
3241      1424929.89420000
3242      1426798.16804000
3243      1428668.14833000
3244      1430540.23652000
3245      1432414.25577000
3246      1434290.09839000
3247      1436168.05166000
3248      1438047.93811000
3249      1439929.88218000
3250      1441813.82345000
3251      1443699.70011000
3252      1445587.52124000
3253      1447477.34040000
3254      1449369.09862000
3255      1451263.03718000
3256      1453158.62465000
3257      1455056.73923000
3258      1456956.44900000
3259      1458858.16331000
3260      1460762.17504000
3261      1462667.78255000
3262      1464575.51312000
3263      1466485.54484000
3264      1468397.28916000
3265      1470311.04670000
3266      1472226.98594000
3267      1474144.64202000
3268      1476064.54676000
3269      1477986.51965000
3270      1479910.45215000
3271      1481836.15821000
3272      1483764.05109000
3273      1485694.02665000
3274      1487626.01508000
3275      1489559.83892000
3276      1491495.98154000
3277      1493433.90584000
3278      1495374.14501000
3279      1497316.10655000
3280      1499260.20696000
3281      1501206.39228000
3282      1503154.53451000
3283      1505104.70805000
3284      1507057.08001000
3285      1509011.29338000
3286      1510967.54112000
3287      1512926.10689000
3288      1514886.52994000
3289      1516848.85176000
3290      1518813.50155000
3291      1520780.01089000
3292      1522748.53737000
3293      1524719.16106000
3294      1526691.88069000
3295      1528666.62742000
3296      1530643.71778000
3297      1532622.41217000
3298      1534603.26138000
3299      1536586.45778000
3300      1538571.37617000
3301      1540558.58813000
3302      1542547.77088000
3303      1544538.93029000
3304      1546532.37731000
3305      1548527.79710000
3306      1550525.07769000
3307      1552524.64914000
3308      1554526.44092000
3309      1556530.22430000
3310      1558535.79879000
3311      1560543.72462000
3312      1562553.76207000
3313      1564565.72119000
3314      1566579.91747000
3315      1568596.09837000
3316      1570614.32060000
3317      1572634.91327000
3318      1574657.23228000
3319      1576681.73692000
3320      1578708.48545000
3321      1580737.20964000
3322      1582768.25425000
3323      1584801.15267000
3324      1586836.17248000
3325      1588873.25307000
3326      1590912.57036000
3327      1592954.14414000
3328      1594997.38481000
3329      1597043.12962000
3330      1599091.00136000
3331      1601140.67358000
3332      1603192.60227000
3333      1605246.77899000
3334      1607302.77204000
3335      1609361.39638000
3336      1611421.63242000
3337      1613484.05777000
3338      1615549.01519000
3339      1617615.56916000
3340      1619684.58468000
3341      1621755.73221000
3342      1623828.88153000
3343      1625904.10687000
3344      1627981.70465000
3345      1630061.18686000
3346      1632142.88364000
3347      1634226.83658000
3348      1636312.93182000
3349      1638401.09094000
3350      1640491.38964000
3351      1642583.83290000
3352      1644678.34178000
3353      1646775.40556000
3354      1648874.06598000
3355      1650975.06944000
3356      1653078.61375000
3357      1655183.77334000
3358      1657291.27957000
3359      1659401.19193000
3360      1661512.85896000
3361      1663626.87598000
3362      1665743.16301000
3363      1667861.46505000
3364      1669982.00101000
3365      1672104.66937000
3366      1674229.63552000
3367      1676356.53683000
3368      1678485.87508000
3369      1680617.35239000
3370      1682750.78735000
3371      1684886.64164000
3372      1687024.53853000
3373      1689164.63511000
3374      1691307.17681000
3375      1693451.45669000
3376      1695598.10302000
3377      1697747.05533000
3378      1699898.15268000
3379      1702051.35664000
3380      1704206.84683000
3381      1706364.36332000
3382      1708524.39722000
3383      1710686.57616000
3384      1712850.51857000
3385      1715017.10233000
3386      1717185.85755000
3387      1719356.78815000
3388      1721529.80838000
3389      1723705.12295000
3390      1725882.76108000
3391      1728062.22405000
3392      1730244.54339000
3393      1732428.48346000
3394      1734614.66307000
3395      1736803.58318000
3396      1738994.36633000
3397      1741187.27076000
3398      1743382.65192000
3399      1745580.04416000
3400      1747779.82958000
3401      1749981.92045000
3402      1752185.92970000
3403      1754392.45670000
3404      1756601.17070000
3405      1758812.19668000
3406      1761025.20267000
3407      1763240.79032000
3408      1765458.29998000
3409      1767678.06257000
3410      1769900.41056000
3411      1772124.83298000
3412      1774351.20954000
3413      1776580.47689000
3414      1778811.51872000
3415      1781044.66738000
3416      1783280.58988000
3417      1785518.25765000
3418      1787758.61238000
3419      1790001.16746000
3420      1792245.62030000
3421      1794492.97731000
3422      1796741.95810000
3423      1798993.51099000
3424      1801247.35871000
3425      1803503.29179000
3426      1805761.76913000
3427      1808022.42123000
3428      1810285.16125000
3429      1812550.29414000
3430      1814817.91358000
3431      1817087.59064000
3432      1819359.54087000
3433      1821633.98138000
3434      1823910.48112000
3435      1826189.25654000
3436      1828470.68235000
3437      1830753.97835000
3438      1833039.58682000
3439      1835327.97236000
3440      1837618.26340000
3441      1839910.67776000
3442      1842205.90819000
3443      1844503.04539000
3444      1846802.62476000
3445      1849104.67225000
3446      1851408.66325000
3447      1853715.22261000
3448      1856024.13008000
3449      1858335.42519000
3450      1860648.68995000
3451      1862964.58824000
3452      1865282.59387000
3453      1867602.85341000
3454      1869925.78803000
3455      1872250.79467000
3456      1874578.09546000
3457      1876908.03729000
3458      1879240.05289000
3459      1881574.20303000
3460      1883911.19886000
3461      1886250.10784000
3462      1888591.60261000
3463      1890935.45895000
3464      1893281.39257000
3465      1895629.79172000
3466      1897980.67870000
3467      1900333.64451000
3468      1902689.07926000
3469      1905047.04555000
3470      1907407.21656000
3471      1909769.69489000
3472      1912134.54267000
3473      1914501.80419000
3474      1916871.16777000
3475      1919243.40180000
3476      1921617.67769000
3477      1923994.14220000
3478      1926373.43943000
3479      1928754.82288000
3480      1931138.47807000
3481      1933524.84627000
3482      1935913.30233000
3483      1938304.20021000
3484      1940697.52277000
3485      1943093.18336000
3486      1945491.20911000
3487      1947891.74225000
3488      1950294.53606000
3489      1952699.60767000
3490      1955107.23476000
3491      1957517.29528000
3492      1959929.46512000
3493      1962344.36449000
3494      1964761.65434000
3495      1967180.97680000
3496      1969603.28276000
3497      1972027.38888000
3498      1974453.95004000
3499      1976883.54683000
3500      1979314.89695000
