   1            4.00575000
   2            7.64907000
   3           11.29920000
   4           14.95103000
   5           18.60357000
   6           22.25651000
   7           25.90971000
   8           29.56311000
   9           33.21666000
  10           36.87035000
  11           40.52416000
  12           44.17809000
  13           47.83212000
  14           51.48625000
  15           55.14047000
  16           58.79479000
  17           62.44920000
  18           66.10371000
  19           69.75831000
  20           73.41299000
  21           77.06776000
  22           80.72261000
  23           84.37756000
  24           88.03260000
  25           91.68773000
  26           95.34292000
  27           98.99822000
  28          102.65360000
  29          106.30906000
  30          109.96461000
  31          113.62023000
  32          117.27596000
  33          120.93176000
  34          124.58765000
  35          128.24363000
  36          131.89967000
  37          135.55581000
  38          139.21205000
  39          142.86837000
  40          146.52475000
  41          150.18122000
  42          153.83779000
  43          157.49444000
  44          161.15118000
  45          164.80798000
  46          168.46488000
  47          172.12187000
  48          175.77892000
  49          179.43610000
  50          183.09334000
  51          186.75065000
  52          190.40805000
  53          194.06552000
  54          197.72311000
  55          201.38076000
  56          205.03850000
  57          208.69840000
  58          212.35635000
  59          216.01439000
  60          219.67249000
  61          223.33069000
  62          226.98896000
  63          230.64963000
  64          234.30811000
  65          237.96670000
  66          241.62778000
  67          245.28654000
  68          248.94787000
  69          252.60933000
  70          256.27102000
  71          259.93023000
  72          263.59217000
  73          267.25426000
  74          270.91921000
  75          274.58168000
  76          278.24707000
  77          281.90985000
  78          285.57564000
  79          289.24169000
  80          292.90798000
  81          296.57743000
  82          300.24717000
  83          303.91724000
  84          307.58762000
  85          311.25831000
  86          314.93245000
  87          318.60695000
  88          322.28181000
  89          325.96033000
  90          329.63933000
  91          333.31872000
  92          337.00197000
  93          340.68569000
  94          344.37344000
  95          348.06177000
  96          351.75067000
  97          355.44375000
  98          359.13746000
  99          362.83545000
 100          366.53428000
 101          370.23746000
 102          373.94147000
 103          377.65010000
 104          381.35956000
 105          385.07382000
 106          388.79292000
 107          392.51301000
 108          396.23810000
 109          399.96430000
 110          403.69971000
 111          407.43225000
 112          411.17423000
 113          414.91749000
 114          418.66625000
 115          422.41647000
 116          426.17654000
 117          429.93815000
 118          433.70563000
 119          437.47470000
 120          441.25425000
 121          445.03551000
 122          448.82308000
 123          452.61694000
 124          456.41271000
 125          460.21962000
 126          464.02853000
 127          467.84879000
 128          471.67130000
 129          475.50071000
 130          479.33718000
 131          483.18083000
 132          487.03174000
 133          490.88507000
 134          494.75080000
 135          498.62408000
 136          502.50012000
 137          506.38892000
 138          510.28049000
 139          514.18516000
 140          518.09801000
 141          522.01397000
 142          525.94336000
 143          529.87603000
 144          533.82243000
 145          537.77221000
 146          541.73618000
 147          545.70895000
 148          549.69075000
 149          553.67626000
 150          557.67639000
 151          561.68596000
 152          565.70495000
 153          569.73346000
 154          573.77733000
 155          577.82541000
 156          581.88339000
 157          585.95709000
 158          590.03526000
 159          594.12941000
 160          598.23403000
 161          602.34925000
 162          606.47499000
 163          610.61149000
 164          614.75884000
 165          618.91722000
 166          623.09278000
 167          627.27953000
 168          631.47154000
 169          635.68109000
 170          639.90226000
 171          644.13526000
 172          648.38622000
 173          652.64286000
 174          656.91792000
 175          661.20519000
 176          665.50484000
 177          669.81688000
 178          674.14147000
 179          678.47871000
 180          682.83532000
 181          687.19829000
 182          691.58085000
 183          695.97664000
 184          700.38568000
 185          704.81483000
 186          709.25086000
 187          713.70727000
 188          718.17072000
 189          722.65480000
 190          727.15287000
 191          731.67219000
 192          736.19870000
 193          740.74659000
 194          745.30204000
 195          749.87909000
 196          754.47091000
 197          759.07765000
 198          763.70654000
 199          768.34329000
 200          773.00268000
 201          777.67737000
 202          782.36758000
 203          787.07334000
 204          791.79482000
 205          796.53963000
 206          801.29295000
 207          806.06993000
 208          810.86297000
 209          815.67240000
 210          820.49828000
 211          825.34070000
 212          830.20778000
 213          835.08370000
 214          839.98431000
 215          844.90199000
 216          849.83695000
 217          854.78919000
 218          859.76682000
 219          864.75400000
 220          869.76677000
 221          874.78931000
 222          879.83790000
 223          884.90448000
 224          889.98921000
 225          895.10038000
 226          900.22170000
 227          905.36986000
 228          910.52830000
 229          915.71372000
 230          920.91815000
 231          926.14153000
 232          931.38408000
 233          936.64568000
 234          941.93525000
 235          947.23572000
 236          952.56431000
 237          957.91281000
 238          963.27224000
 239          968.66028000
 240          974.06843000
 241          979.50558000
 242          984.95424000
 243          990.42335000
 244          995.92177000
 245         1001.43186000
 246         1006.97177000
 247         1012.53258000
 248         1018.11441000
 249         1023.71739000
 250         1029.34145000
 251         1034.98697000
 252         1040.65399000
 253         1046.34245000
 254         1052.06193000
 255         1057.79404000
 256         1063.55728000
 257         1069.34276000
 258         1075.14085000
 259         1080.97065000
 260         1086.82294000
 261         1092.69771000
 262         1098.59505000
 263         1104.51532000
 264         1110.46807000
 265         1116.43396000
 266         1122.42302000
 267         1128.44517000
 268         1134.48088000
 269         1140.54977000
 270         1146.63231000
 271         1152.74840000
 272         1158.88835000
 273         1165.05245000
 274         1171.24034000
 275         1177.44224000
 276         1183.67846000
 277         1189.93914000
 278         1196.23454000
 279         1202.54435000
 280         1208.87881000
 281         1215.23811000
 282         1221.63259000
 283         1228.04198000
 284         1234.47637000
 285         1240.94650000
 286         1247.43162000
 287         1253.95266000
 288         1260.48895000
 289         1267.06144000
 290         1273.65971000
 291         1280.27335000
 292         1286.92387000
 293         1293.60066000
 294         1300.30353000
 295         1307.02212000
 296         1313.77798000
 297         1320.56048000
 298         1327.37007000
 299         1334.20626000
 300         1341.06942000
 301         1347.95972000
 302         1354.87722000
 303         1361.82216000
 304         1368.79456000
 305         1375.80550000
 306         1382.83299000
 307         1389.88828000
 308         1396.97161000
 309         1404.08267000
 310         1411.23346000
 311         1418.40092000
 312         1425.59667000
 313         1432.82109000
 314         1440.08537000
 315         1447.36691000
 316         1454.67721000
 317         1462.02792000
 318         1469.39623000
 319         1476.79351000
 320         1484.23172000
 321         1491.68755000
 322         1499.18466000
 323         1506.69970000
 324         1514.24411000
 325         1521.83027000
 326         1529.43443000
 327         1537.08061000
 328         1544.74501000
 329         1552.45167000
 330         1560.17653000
 331         1567.94393000
 332         1575.72980000
 333         1583.55855000
 334         1591.40604000
 335         1599.28438000
 336         1607.20583000
 337         1615.14620000
 338         1623.13003000
 339         1631.13308000
 340         1639.17989000
 341         1647.24584000
 342         1655.35602000
 343         1663.48535000
 344         1671.65939000
 345         1679.85263000
 346         1688.09067000
 347         1696.34828000
 348         1704.65098000
 349         1712.97349000
 350         1721.32850000
 351         1729.72896000
 352         1738.14927000
 353         1746.61563000
 354         1755.10199000
 355         1763.63440000
 356         1772.18706000
 357         1780.77296000
 358         1789.40554000
 359         1798.05877000
 360         1806.74534000
 361         1815.47901000
 362         1824.23319000
 363         1833.03486000
 364         1841.85737000
 365         1850.71417000
 366         1859.61848000
 367         1868.54382000
 368         1877.50388000
 369         1886.49864000
 370         1895.54155000
 371         1904.60589000
 372         1913.70511000
 373         1922.83953000
 374         1932.02299000
 375         1941.22815000
 376         1950.46863000
 377         1959.74450000
 378         1969.06998000
 379         1978.41750000
 380         1987.80077000
 381         1997.21995000
 382         2006.67539000
 383         2016.16685000
 384         2025.70919000
 385         2035.27353000
 386         2044.87438000
 387         2054.51215000
 388         2064.18656000
 389         2073.89794000
 390         2083.64620000
 391         2093.43149000
 392         2103.25405000
 393         2113.11379000
 394         2123.01138000
 395         2132.94624000
 396         2142.91868000
 397         2152.92898000
 398         2162.97704000
 399         2173.06349000
 400         2183.18796000
 401         2193.35037000
 402         2203.55128000
 403         2213.79039000
 404         2224.06820000
 405         2234.38486000
 406         2244.74014000
 407         2255.13422000
 408         2265.56739000
 409         2276.03958000
 410         2286.55134000
 411         2297.10227000
 412         2307.69253000
 413         2318.32224000
 414         2328.97653000
 415         2339.68594000
 416         2350.43488000
 417         2361.22395000
 418         2372.05307000
 419         2382.92258000
 420         2393.83247000
 421         2404.78273000
 422         2415.75784000
 423         2426.78933000
 424         2437.86166000
 425         2448.97504000
 426         2460.12903000
 427         2471.32406000
 428         2482.56050000
 429         2493.82251000
 430         2505.14179000
 431         2516.50263000
 432         2527.90502000
 433         2539.34912000
 434         2550.83508000
 435         2562.36337000
 436         2573.93377000
 437         2585.53023000
 438         2597.18498000
 439         2608.88216000
 440         2620.62202000
 441         2632.40435000
 442         2644.22962000
 443         2656.09778000
 444         2668.00875000
 445         2679.96327000
 446         2691.96090000
 447         2704.00162000
 448         2716.08614000
 449         2728.21387000
 450         2740.38585000
 451         2752.60108000
 452         2764.86037000
 453         2777.16363000
 454         2789.51079000
 455         2801.90267000
 456         2814.33879000
 457         2826.81916000
 458         2839.34398000
 459         2851.91374000
 460         2864.54560000
 461         2877.20507000
 462         2889.90957000
 463         2902.65902000
 464         2915.45393000
 465         2928.31139000
 466         2941.19708000
 467         2954.12834000
 468         2967.12258000
 469         2980.14540000
 470         2993.21419000
 471         3006.34654000
 472         3019.50741000
 473         3032.73205000
 474         3045.98567000
 475         3059.30301000
 476         3072.65012000
 477         3086.06116000
 478         3099.51866000
 479         3113.00590000
 480         3126.55769000
 481         3140.15708000
 482         3153.78588000
 483         3167.47948000
 484         3181.22078000
 485         3195.01006000
 486         3208.84732000
 487         3222.73207000
 488         3236.66463000
 489         3250.64528000
 490         3264.67430000
 491         3278.75203000
 492         3292.87798000
 493         3307.05213000
 494         3321.29328000
 495         3335.56511000
 496         3349.88642000
 497         3364.27464000
 498         3378.69362000
 499         3393.18022000
 500         3407.69740000
 501         3422.28330000
 502         3436.91835000
 503         3451.58481000
 504         3466.31918000
 505         3481.10369000
 506         3495.93873000
 507         3510.82377000
 508         3525.75881000
 509         3540.74456000
 510         3555.78098000
 511         3570.86805000
 512         3586.00564000
 513         3601.21299000
 514         3616.45238000
 515         3631.74297000
 516         3647.10410000
 517         3662.49739000
 518         3677.96077000
 519         3693.47603000
 520         3709.04315000
 521         3724.64294000
 522         3740.31398000
 523         3756.03673000
 524         3771.81155000
 525         3787.65811000
 526         3803.53827000
 527         3819.47076000
 528         3835.47497000
 529         3851.51251000
 530         3867.62217000
 531         3883.76633000
 532         3899.98214000
 533         3916.25142000
 534         3932.57456000
 535         3948.95064000
 536         3965.38098000
 537         3981.86460000
 538         3998.40192000
 539         4014.99289000
 540         4031.65826000
 541         4048.35784000
 542         4065.13182000
 543         4081.95982000
 544         4098.82272000
 545         4115.76000000
 546         4132.75260000
 547         4149.80002000
 548         4166.92233000
 549         4184.07925000
 550         4201.29182000
 551         4218.57978000
 552         4235.90358000
 553         4253.30326000
 554         4270.75801000
 555         4288.26879000
 556         4305.83557000
 557         4323.45933000
 558         4341.13850000
 559         4358.89462000
 560         4376.68658000
 561         4394.55601000
 562         4412.48231000
 563         4430.46493000
 564         4448.50462000
 565         4466.60162000
 566         4484.75533000
 567         4502.96708000
 568         4521.25665000
 569         4539.58306000
 570         4557.98783000
 571         4576.45085000
 572         4594.97180000
 573         4613.55040000
 574         4632.18716000
 575         4650.90345000
 576         4669.65673000
 577         4688.49039000
 578         4707.38245000
 579         4726.33284000
 580         4745.34239000
 581         4764.41109000
 582         4783.53916000
 583         4802.74807000
 584         4822.01579000
 585         4841.32167000
 586         4860.70867000
 587         4880.15586000
 588         4899.68397000
 589         4919.25064000
 590         4938.89913000
 591         4958.58605000
 592         4978.35570000
 593         4998.18517000
 594         5018.07533000
 595         5038.04867000
 596         5058.06047000
 597         5078.15575000
 598         5098.31172000
 599         5118.52893000
 600         5138.80735000
 601         5159.14730000
 602         5179.57182000
 603         5200.03507000
 604         5220.58263000
 605         5241.19198000
 606         5261.86344000
 607         5282.62028000
 608         5303.41692000
 609         5324.29798000
 610         5345.24144000
 611         5366.24797000
 612         5387.31782000
 613         5408.47259000
 614         5429.66817000
 615         5450.94933000
 616         5472.29420000
 617         5493.70239000
 618         5515.19726000
 619         5536.73312000
 620         5558.35577000
 621         5580.04168000
 622         5601.79231000
 623         5623.63049000
 624         5645.50940000
 625         5667.47595000
 626         5689.50719000
 627         5711.60309000
 628         5733.78779000
 629         5756.01373000
 630         5778.32820000
 631         5800.70768000
 632         5823.15292000
 633         5845.68749000
 634         5868.26343000
 635         5890.92881000
 636         5913.65993000
 637         5936.45755000
 638         5959.34504000
 639         5982.29835000
 640         6005.31817000
 641         6028.40447000
 642         6051.55764000
 643         6074.80162000
 644         6098.11261000
 645         6121.49005000
 646         6144.93517000
 647         6168.47092000
 648         6192.05127000
 649         6215.74627000
 650         6239.48508000
 651         6263.29197000
 652         6287.19046000
 653         6311.15824000
 654         6335.19335000
 655         6359.32106000
 656         6383.49271000
 657         6407.75834000
 658         6432.11655000
 659         6456.51918000
 660         6481.01500000
 661         6505.58023000
 662         6530.21437000
 663         6554.91911000
 664         6579.71686000
 665         6604.58445000
 666         6629.52187000
 667         6654.55365000
 668         6679.65656000
 669         6704.82945000
 670         6730.07216000
 671         6755.40984000
 672         6780.81831000
 673         6806.29836000
 674         6831.84886000
 675         6857.49444000
 676         6883.21179000
 677         6909.00039000
 678         6934.88602000
 679         6960.81761000
 680         6986.84593000
 681         7012.97157000
 682         7039.14340000
 683         7065.41394000
 684         7091.78058000
 685         7118.19431000
 686         7144.70606000
 687         7171.29007000
 688         7197.94825000
 689         7224.70318000
 690         7251.53198000
 691         7278.43358000
 692         7305.43396000
 693         7332.50857000
 694         7359.65620000
 695         7386.90328000
 696         7414.19810000
 697         7441.61808000
 698         7469.08686000
 699         7496.65668000
 700         7524.30008000
 701         7552.01737000
 702         7579.83608000
 703         7607.72869000
 704         7635.69782000
 705         7663.76702000
 706         7691.91187000
 707         7720.13120000
 708         7748.45220000
 709         7776.85038000
 710         7805.32270000
 711         7833.89743000
 712         7862.54844000
 713         7891.27511000
 714         7920.10586000
 715         7949.01197000
 716         7977.99496000
 717         8007.08062000
 718         8036.24383000
 719         8065.48429000
 720         8094.82782000
 721         8124.24829000
 722         8153.74693000
 723         8183.34912000
 724         8213.02987000
 725         8242.78785000
 726         8272.65076000
 727         8302.59128000
 728         8332.63685000
 729         8362.76235000
 730         8392.96578000
 731         8423.27374000
 732         8453.66131000
 733         8484.12784000
 734         8514.70069000
 735         8545.35284000
 736         8576.08396000
 737         8606.92187000
 738         8637.83877000
 739         8668.86496000
 740         8699.96848000
 741         8731.15375000
 742         8762.44537000
 743         8793.81811000
 744         8825.29904000
 745         8856.86080000
 746         8888.50231000
 747         8920.25321000
 748         8952.08389000
 749         8983.99826000
 750         9016.02038000
 751         9048.12302000
 752         9080.33676000
 753         9112.63032000
 754         9145.03621000
 755         9177.52159000
 756         9210.09120000
 757         9242.76926000
 758         9275.53087000
 759         9308.37565000
 760         9341.33087000
 761         9374.39700000
 762         9407.51719000
 763         9440.77873000
 764         9474.09466000
 765         9507.52205000
 766         9541.06060000
 767         9574.68445000
 768         9608.39125000
 769         9642.21205000
 770         9676.11549000
 771         9710.10427000
 772         9744.23292000
 773         9778.41934000
 774         9812.72005000
 775         9847.10344000
 776         9881.60250000
 777         9916.18461000
 778         9950.88254000
 779         9985.66519000
 780        10020.56416000
 781        10055.54671000
 782        10090.61651000
 783        10125.79990000
 784        10161.10035000
 785        10196.48686000
 786        10231.95952000
 787        10267.54856000
 788        10303.22331000
 789        10339.01542000
 790        10374.89451000
 791        10410.88986000
 792        10446.97187000
 793        10483.14227000
 794        10519.42944000
 795        10555.83563000
 796        10592.32729000
 797        10628.90925000
 798        10665.60823000
 799        10702.42432000
 800        10739.33120000
 801        10776.32450000
 802        10813.43779000
 803        10850.66934000
 804        10887.99054000
 805        10925.40078000
 806        10962.93093000
 807        11000.54982000
 808        11038.28910000
 809        11076.14699000
 810        11114.06803000
 811        11152.13821000
 812        11190.29727000
 813        11228.54807000
 814        11266.91868000
 815        11305.41250000
 816        11343.96578000
 817        11382.67111000
 818        11421.46639000
 819        11460.35458000
 820        11499.36530000
 821        11538.49690000
 822        11577.72156000
 823        11617.06757000
 824        11656.50670000
 825        11696.03827000
 826        11735.72349000
 827        11775.46937000
 828        11815.37155000
 829        11855.33436000
 830        11895.45404000
 831        11935.66461000
 832        11975.96954000
 833        12016.39851000
 834        12056.95268000
 835        12097.60279000
 836        12138.34381000
 837        12179.21235000
 838        12220.20418000
 839        12261.29171000
 840        12302.50520000
 841        12343.84511000
 842        12385.27864000
 843        12426.80798000
 844        12468.46317000
 845        12510.24800000
 846        12552.12618000
 847        12594.13153000
 848        12636.23402000
 849        12678.46269000
 850        12720.82142000
 851        12763.27360000
 852        12805.82419000
 853        12848.53264000
 854        12891.33964000
 855        12934.24440000
 856        12977.27774000
 857        13020.43896000
 858        13063.69886000
 859        13107.08794000
 860        13150.57494000
 861        13194.19208000
 862        13237.93864000
 863        13281.78407000
 864        13325.75902000
 865        13369.83450000
 866        13414.03926000
 867        13458.34301000
 868        13502.80979000
 869        13547.37693000
 870        13592.04192000
 871        13636.84229000
 872        13681.77236000
 873        13726.80165000
 874        13771.96494000
 875        13817.22622000
 876        13862.65690000
 877        13908.15167000
 878        13953.81442000
 879        13999.57528000
 880        14045.47195000
 881        14091.47108000
 882        14137.60185000
 883        14183.86735000
 884        14230.23508000
 885        14276.73769000
 886        14323.34295000
 887        14370.08285000
 888        14416.95516000
 889        14463.96539000
 890        14511.07672000
 891        14558.32787000
 892        14605.67843000
 893        14653.16584000
 894        14700.78881000
 895        14748.51721000
 896        14796.41613000
 897        14844.38292000
 898        14892.52151000
 899        14940.76288000
 900        14989.14453000
 901        15037.62939000
 902        15086.25288000
 903        15135.01259000
 904        15183.87960000
 905        15232.91633000
 906        15282.02888000
 907        15331.30953000
 908        15380.69770000
 909        15430.22545000
 910        15479.89139000
 911        15529.66684000
 912        15579.58027000
 913        15629.63362000
 914        15679.79326000
 915        15730.09446000
 916        15780.53616000
 917        15831.11931000
 918        15881.80892000
 919        15932.64044000
 920        15983.58003000
 921        16034.69603000
 922        16085.91989000
 923        16137.28444000
 924        16188.75883000
 925        16240.37402000
 926        16292.13525000
 927        16344.03714000
 928        16396.04908000
 929        16448.20212000
 930        16500.50123000
 931        16552.94524000
 932        16605.49753000
 933        16658.19452000
 934        16711.03466000
 935        16764.02136000
 936        16817.11883000
 937        16870.36102000
 938        16923.74667000
 939        16977.24457000
 940        17030.92244000
 941        17084.71304000
 942        17138.61400000
 943        17192.69527000
 944        17246.88908000
 945        17301.23031000
 946        17355.71940000
 947        17410.35407000
 948        17465.10146000
 949        17519.99486000
 950        17575.03789000
 951        17630.23100000
 952        17685.57010000
 953        17741.02219000
 954        17796.62428000
 955        17852.37288000
 956        17908.23852000
 957        17964.28764000
 958        18020.44998000
 959        18076.76280000
 960        18133.22435000
 961        18189.80511000
 962        18246.53070000
 963        18303.44455000
 964        18360.47379000
 965        18417.61841000
 966        18474.94788000
 967        18532.39887000
 968        18589.99510000
 969        18647.74653000
 970        18705.64942000
 971        18763.70388000
 972        18821.87829000
 973        18880.20215000
 974        18938.67976000
 975        18997.30925000
 976        19056.09271000
 977        19115.03052000
 978        19174.08608000
 979        19233.29384000
 980        19292.65792000
 981        19352.17439000
 982        19411.84970000
 983        19471.64101000
 984        19531.62332000
 985        19591.72406000
 986        19651.97964000
 987        19712.39664000
 988        19772.96221000
 989        19833.65261000
 990        19894.53060000
 991        19955.53360000
 992        20016.72890000
 993        20078.04490000
 994        20139.47974000
 995        20201.10907000
 996        20262.89629000
 997        20324.80494000
 998        20386.91039000
 999        20449.13282000
1000        20511.51563000
1001        20574.05679000
1002        20636.76104000
1003        20699.61918000
1004        20762.64037000
1005        20825.78096000
1006        20889.12195000
1007        20952.58493000
1008        21016.20663000
1009        21079.98965000
1010        21143.93183000
1011        21208.03782000
1012        21272.30341000
1013        21336.73281000
1014        21401.28198000
1015        21466.03285000
1016        21530.90591000
1017        21595.98354000
1018        21661.18325000
1019        21726.54524000
1020        21792.07200000
1021        21857.75888000
1022        21923.61335000
1023        21989.62791000
1024        22055.80766000
1025        22122.15031000
1026        22188.62045000
1027        22255.29423000
1028        22322.09297000
1029        22389.09298000
1030        22456.22320000
1031        22523.55741000
1032        22591.01728000
1033        22658.64302000
1034        22726.43495000
1035        22794.39317000
1036        22862.55357000
1037        22930.84746000
1038        22999.30522000
1039        23067.89383000
1040        23136.68507000
1041        23205.64578000
1042        23274.77369000
1043        23344.07110000
1044        23413.53572000
1045        23483.12902000
1046        23552.93093000
1047        23622.90317000
1048        23693.00408000
1049        23763.31404000
1050        23833.79181000
1051        23904.40126000
1052        23975.22305000
1053        24046.21278000
1054        24117.33441000
1055        24188.66325000
1056        24260.12684000
1057        24331.80079000
1058        24403.60677000
1059        24475.62322000
1060        24547.76921000
1061        24620.13150000
1062        24692.66565000
1063        24765.33215000
1064        24838.20701000
1065        24911.22011000
1066        24984.44184000
1067        25057.84440000
1068        25131.37681000
1069        25205.12107000
1070        25279.04069000
1071        25353.13290000
1072        25427.36391000
1073        25501.81037000
1074        25576.42959000
1075        25651.22178000
1076        25726.19290000
1077        25801.33719000
1078        25876.66076000
1079        25952.15756000
1080        26027.83377000
1081        26103.68352000
1082        26179.71288000
1083        26255.96218000
1084        26332.34213000
1085        26408.90204000
1086        26485.67915000
1087        26562.59632000
1088        26639.73414000
1089        26717.04929000
1090        26794.49854000
1091        26872.17187000
1092        26950.02292000
1093        27028.05499000
1094        27106.26487000
1095        27184.65275000
1096        27263.22505000
1097        27341.97234000
1098        27420.94817000
1099        27500.06175000
1100        27579.39449000
1101        27658.86836000
1102        27738.56488000
1103        27818.44678000
1104        27898.50755000
1105        27978.75388000
1106        28059.17933000
1107        28139.78725000
1108        28220.58111000
1109        28301.59867000
1110        28382.75468000
1111        28464.13803000
1112        28545.70445000
1113        28627.46081000
1114        28709.39705000
1115        28791.51665000
1116        28873.82312000
1117        28956.35448000
1118        29039.07648000
1119        29121.93745000
1120        29205.02717000
1121        29288.30092000
1122        29371.76577000
1123        29455.41484000
1124        29539.29333000
1125        29623.31468000
1126        29707.56573000
1127        29792.00321000
1128        29876.63436000
1129        29961.45039000
1130        30046.49499000
1131        30131.68643000
1132        30217.10670000
1133        30302.72313000
1134        30388.52132000
1135        30474.51231000
1136        30560.69068000
1137        30647.10415000
1138        30733.66681000
1139        30820.45938000
1140        30907.44163000
1141        30994.65779000
1142        31082.02544000
1143        31169.62532000
1144        31257.41735000
1145        31345.39774000
1146        31433.57423000
1147        31521.93926000
1148        31610.54688000
1149        31699.34147000
1150        31788.33076000
1151        31877.51097000
1152        31966.88610000
1153        32056.50076000
1154        32146.30684000
1155        32236.30823000
1156        32326.50306000
1157        32416.93624000
1158        32507.56501000
1159        32598.38972000
1160        32689.40633000
1161        32780.62299000
1162        32872.07474000
1163        32963.72874000
1164        33055.57319000
1165        33147.61823000
1166        33239.90305000
1167        33332.38260000
1168        33425.06508000
1169        33517.94056000
1170        33611.05853000
1171        33704.37166000
1172        33797.88844000
1173        33891.60249000
1174        33985.55988000
1175        34079.71287000
1176        34174.06793000
1177        34268.66449000
1178        34363.42389000
1179        34458.42315000
1180        34553.66437000
1181        34649.06464000
1182        34744.70715000
1183        34840.55679000
1184        34936.64707000
1185        35032.89675000
1186        35129.38926000
1187        35226.08749000
1188        35323.03308000
1189        35420.18051000
1190        35517.53185000
1191        35615.12680000
1192        35712.88406000
1193        35810.89172000
1194        35909.14373000
1195        36007.55606000
1196        36106.21728000
1197        36205.12532000
1198        36304.19855000
1199        36403.52088000
1200        36503.09312000
1201        36602.82389000
1202        36702.80688000
1203        36802.99775000
1204        36903.44090000
1205        37004.08782000
1206        37104.94066000
1207        37206.04896000
1208        37307.36106000
1209        37408.88867000
1210        37510.66064000
1211        37612.64395000
1212        37714.83390000
1213        37817.28038000
1214        37919.93827000
1215        38022.80355000
1216        38125.92343000
1217        38229.25058000
1218        38332.83513000
1219        38436.63178000
1220        38540.63644000
1221        38644.85130000
1222        38749.32424000
1223        38854.05043000
1224        38958.95161000
1225        39064.14960000
1226        39169.51309000
1227        39275.13808000
1228        39380.97162000
1229        39487.07174000
1230        39593.37597000
1231        39699.89943000
1232        39806.67751000
1233        39913.71821000
1234        40020.92987000
1235        40128.39969000
1236        40236.12477000
1237        40344.07266000
1238        40452.23026000
1239        40560.65636000
1240        40669.29559000
1241        40778.19081000
1242        40887.30695000
1243        40996.63875000
1244        41106.23999000
1245        41216.04953000
1246        41326.12673000
1247        41436.41737000
1248        41546.92977000
1249        41657.75609000
1250        41768.75052000
1251        41880.00795000
1252        41991.48776000
1253        42103.23371000
1254        42215.19895000
1255        42327.43130000
1256        42439.87815000
1257        42552.59752000
1258        42665.53163000
1259        42778.69707000
1260        42892.16860000
1261        43005.81716000
1262        43119.73051000
1263        43233.86783000
1264        43348.28125000
1265        43462.95484000
1266        43577.85580000
1267        43692.97546000
1268        43808.36676000
1269        43923.98517000
1270        44039.87335000
1271        44155.98071000
1272        44272.36343000
1273        44388.96857000
1274        44505.85475000
1275        44623.00258000
1276        44740.33200000
1277        44857.98199000
1278        44975.85508000
1279        45093.96285000
1280        45212.33600000
1281        45330.93874000
1282        45449.81255000
1283        45568.96381000
1284        45688.34749000
1285        45807.95282000
1286        45927.83298000
1287        46047.99134000
1288        46168.38038000
1289        46289.04716000
1290        46409.93940000
1291        46531.05950000
1292        46652.50979000
1293        46774.18508000
1294        46896.09749000
1295        47018.28074000
1296        47140.69903000
1297        47263.39408000
1298        47386.36937000
1299        47509.57928000
1300        47633.06742000
1301        47756.78813000
1302        47880.78646000
1303        48005.06925000
1304        48129.58411000
1305        48254.33303000
1306        48379.36024000
1307        48504.67266000
1308        48630.21525000
1309        48756.04921000
1310        48882.15979000
1311        49008.50435000
1312        49135.13165000
1313        49262.00007000
1314        49389.15747000
1315        49516.58886000
1316        49644.25840000
1317        49772.16620000
1318        49900.40665000
1319        50028.88816000
1320        50157.60599000
1321        50286.60812000
1322        50415.89831000
1323        50545.47320000
1324        50675.29349000
1325        50805.39995000
1326        50935.73891000
1327        51066.37043000
1328        51197.23827000
1329        51328.45444000
1330        51459.90118000
1331        51591.59193000
1332        51723.56891000
1333        51855.83965000
1334        51988.40320000
1335        52121.20895000
1336        52254.24841000
1337        52387.63565000
1338        52521.26436000
1339        52655.18679000
1340        52789.35217000
1341        52923.80534000
1342        53058.55403000
1343        53193.59467000
1344        53328.88776000
1345        53464.46681000
1346        53600.29225000
1347        53736.41031000
1348        53872.82891000
1349        54009.54312000
1350        54146.49793000
1351        54283.75390000
1352        54421.24937000
1353        54559.09658000
1354        54697.19401000
1355        54835.58694000
1356        54974.21991000
1357        55113.15920000
1358        55252.38913000
1359        55391.93244000
1360        55531.70974000
1361        55671.79423000
1362        55812.17409000
1363        55952.80295000
1364        56093.78880000
1365        56235.01733000
1366        56376.50348000
1367        56518.33246000
1368        56660.41941000
1369        56802.80970000
1370        56945.44743000
1371        57088.43706000
1372        57231.68125000
1373        57375.22267000
1374        57519.02996000
1375        57663.18744000
1376        57807.59169000
1377        57952.30233000
1378        58097.31535000
1379        58242.58827000
1380        58388.17088000
1381        58534.05374000
1382        58680.23971000
1383        58826.73330000
1384        58973.48336000
1385        59120.54843000
1386        59267.91033000
1387        59415.58499000
1388        59563.51237000
1389        59711.74849000
1390        59860.30512000
1391        60009.15496000
1392        60158.32306000
1393        60307.74460000
1394        60457.52759000
1395        60607.57603000
1396        60757.93190000
1397        60908.54629000
1398        61059.52306000
1399        61210.76322000
1400        61362.36901000
1401        61514.23125000
1402        61666.34816000
1403        61818.83778000
1404        61971.63913000
1405        62124.70765000
1406        62278.08084000
1407        62431.77561000
1408        62585.77817000
1409        62740.09807000
1410        62894.69068000
1411        63049.64121000
1412        63204.86205000
1413        63360.39156000
1414        63516.23941000
1415        63672.41342000
1416        63828.84128000
1417        63985.64066000
1418        64142.71143000
1419        64300.14457000
1420        64457.85713000
1421        64615.87695000
1422        64774.22165000
1423        64932.88654000
1424        65091.81407000
1425        65251.12775000
1426        65410.69166000
1427        65570.63943000
1428        65730.85046000
1429        65891.38786000
1430        66052.24970000
1431        66213.43051000
1432        66374.93333000
1433        66536.75837000
1434        66698.90581000
1435        66861.33562000
1436        67024.13360000
1437        67187.19611000
1438        67350.64544000
1439        67514.36477000
1440        67678.41574000
1441        67842.78243000
1442        68007.53184000
1443        68172.55190000
1444        68337.90681000
1445        68503.53028000
1446        68669.53981000
1447        68835.86905000
1448        69002.52876000
1449        69169.51916000
1450        69336.78952000
1451        69504.43660000
1452        69672.41500000
1453        69840.66561000
1454        70009.30191000
1455        70178.22447000
1456        70347.51947000
1457        70517.09819000
1458        70687.00399000
1459        70857.29672000
1460        71027.88220000
1461        71198.83566000
1462        71370.07379000
1463        71541.64551000
1464        71713.60540000
1465        71885.84791000
1466        72058.42730000
1467        72231.38438000
1468        72404.62723000
1469        72578.20493000
1470        72752.18660000
1471        72926.43462000
1472        73101.02381000
1473        73276.00337000
1474        73451.26411000
1475        73626.91868000
1476        73802.85757000
1477        73979.13292000
1478        74155.80569000
1479        74332.80374000
1480        74510.10446000
1481        74687.79453000
1482        74865.76710000
1483        75044.12653000
1484        75222.83574000
1485        75401.89207000
1486        75581.28376000
1487        75761.01997000
1488        75941.02765000
1489        76121.50286000
1490        76302.27101000
1491        76483.37549000
1492        76664.81342000
1493        76846.60322000
1494        77028.79458000
1495        77211.27975000
1496        77394.15163000
1497        77577.32075000
1498        77760.89243000
1499        77944.81128000
1500        78129.08059000
1501        78313.68194000
1502        78498.63732000
1503        78683.94697000
1504        78869.59856000
1505        79055.65128000
1506        79241.99995000
1507        79428.75348000
1508        79615.85613000
1509        79803.25202000
1510        79991.05017000
1511        80179.25753000
1512        80367.76516000
1513        80556.61649000
1514        80745.86793000
1515        80935.42979000
1516        81125.39566000
1517        81315.71257000
1518        81506.37414000
1519        81697.39370000
1520        81888.78124000
1521        82080.56747000
1522        82272.64921000
1523        82465.13981000
1524        82657.98289000
1525        82851.20194000
1526        83044.76409000
1527        83238.72262000
1528        83432.99796000
1529        83627.68367000
1530        83822.73312000
1531        84018.12657000
1532        84213.88101000
1533        84410.06054000
1534        84606.53080000
1535        84803.42986000
1536        85000.67389000
1537        85198.33718000
1538        85396.30574000
1539        85594.69412000
1540        85793.38429000
1541        85992.54889000
1542        86192.01953000
1543        86391.84662000
1544        86592.08771000
1545        86792.71022000
1546        86993.68665000
1547        87195.02753000
1548        87396.78341000
1549        87598.89701000
1550        87801.39336000
1551        88004.25187000
1552        88207.46870000
1553        88411.09443000
1554        88615.10075000
1555        88819.48388000
1556        89024.28078000
1557        89229.37914000
1558        89434.90965000
1559        89640.80731000
1560        89847.14100000
1561        90053.83165000
1562        90260.88262000
1563        90468.30906000
1564        90676.11126000
1565        90884.35091000
1566        91092.93333000
1567        91301.95804000
1568        91511.30124000
1569        91721.06449000
1570        91931.26659000
1571        92141.77688000
1572        92352.71561000
1573        92564.03229000
1574        92775.71941000
1575        92987.83905000
1576        93200.33408000
1577        93413.20026000
1578        93626.50427000
1579        93840.16411000
1580        94054.23049000
1581        94268.71652000
1582        94483.57478000
1583        94698.81340000
1584        94914.41665000
1585        95130.47894000
1586        95346.90301000
1587        95563.76741000
1588        95781.00534000
1589        95998.62505000
1590        96216.69739000
1591        96435.13247000
1592        96653.94189000
1593        96873.14221000
1594        97092.78479000
1595        97312.87328000
1596        97533.27439000
1597        97754.10197000
1598        97975.38951000
1599        98197.05296000
1600        98419.11254000
1601        98641.53670000
1602        98864.40527000
1603        99087.72704000
1604        99311.36609000
1605        99535.45375000
1606        99759.99214000
1607        99984.90814000
1608       100210.21045000
1609       100435.95915000
1610       100662.08939000
1611       100888.61189000
1612       101115.58156000
1613       101342.93872000
1614       101570.73491000
1615       101798.93987000
1616       102027.58104000
1617       102256.61064000
1618       102486.02006000
1619       102715.89619000
1620       102946.16482000
1621       103176.87977000
1622       103407.98430000
1623       103639.46968000
1624       103871.41439000
1625       104103.83119000
1626       104336.61718000
1627       104569.79387000
1628       104803.43107000
1629       105037.46855000
1630       105271.96150000
1631       105506.83356000
1632       105742.17652000
1633       105977.91161000
1634       106214.03902000
1635       106450.63245000
1636       106687.66688000
1637       106925.10358000
1638       107162.94284000
1639       107401.23654000
1640       107639.99774000
1641       107879.14950000
1642       108118.69539000
1643       108358.70620000
1644       108599.18227000
1645       108840.05662000
1646       109081.33214000
1647       109323.06421000
1648       109565.26268000
1649       109807.84730000
1650       110050.86015000
1651       110294.32721000
1652       110538.25214000
1653       110782.57371000
1654       111027.30180000
1655       111272.58287000
1656       111518.18647000
1657       111764.31090000
1658       112010.78118000
1659       112257.78275000
1660       112505.20582000
1661       112753.01393000
1662       113001.29242000
1663       113250.04163000
1664       113499.19993000
1665       113748.78106000
1666       113998.87217000
1667       114249.32119000
1668       114500.29429000
1669       114751.68789000
1670       115003.49555000
1671       115255.75228000
1672       115508.49252000
1673       115761.64407000
1674       116015.27979000
1675       116269.38285000
1676       116523.89450000
1677       116778.81844000
1678       117034.27979000
1679       117290.08099000
1680       117546.44466000
1681       117803.21819000
1682       118060.45734000
1683       118318.11025000
1684       118576.23980000
1685       118834.79769000
1686       119093.89212000
1687       119353.33852000
1688       119613.31480000
1689       119873.72780000
1690       120134.62272000
1691       120395.92987000
1692       120657.70512000
1693       120919.97042000
1694       121182.65215000
1695       121445.83898000
1696       121709.49151000
1697       121973.55020000
1698       122238.11147000
1699       122503.07932000
1700       122768.62836000
1701       123034.55878000
1702       123300.92977000
1703       123567.78272000
1704       123835.12913000
1705       124102.96164000
1706       124371.20994000
1707       124639.95262000
1708       124909.17869000
1709       125178.83613000
1710       125449.04472000
1711       125719.61801000
1712       125990.73953000
1713       126262.29350000
1714       126534.32100000
1715       126806.87193000
1716       127079.82953000
1717       127353.28455000
1718       127627.22570000
1719       127901.58921000
1720       128176.53033000
1721       128451.90259000
1722       128727.68618000
1723       129004.03317000
1724       129280.81556000
1725       129558.10136000
1726       129835.81957000
1727       130114.07874000
1728       130392.78629000
1729       130671.98296000
1730       130951.69660000
1731       131231.83194000
1732       131512.45718000
1733       131793.58470000
1734       132075.21482000
1735       132357.36359000
1736       132639.92304000
1737       132922.99819000
1738       133206.56492000
1739       133490.63574000
1740       133775.14973000
1741       134060.16486000
1742       134345.68504000
1743       134631.71054000
1744       134918.22921000
1745       135205.20486000
1746       135492.67065000
1747       135780.65551000
1748       136069.13461000
1749       136358.10815000
1750       136647.55280000
1751       136937.55418000
1752       137228.01109000
1753       137518.95075000
1754       137810.41178000
1755       138102.33275000
1756       138394.82486000
1757       138687.74811000
1758       138981.16815000
1759       139275.12421000
1760       139569.59426000
1761       139864.57150000
1762       140160.04663000
1763       140455.96733000
1764       140752.41272000
1765       141049.39995000
1766       141346.85613000
1767       141644.83799000
1768       141943.34589000
1769       142242.36692000
1770       142541.85228000
1771       142841.88690000
1772       143142.39629000
1773       143443.41994000
1774       143744.95810000
1775       144047.01461000
1776       144349.58266000
1777       144652.67973000
1778       144956.29253000
1779       145260.36873000
1780       145565.01732000
1781       145870.12633000
1782       146175.83242000
1783       146481.98928000
1784       146788.64966000
1785       147095.85910000
1786       147403.58303000
1787       147711.82529000
1788       148020.58612000
1789       148329.87988000
1790       148639.72461000
1791       148950.05705000
1792       149260.93761000
1793       149572.25716000
1794       149884.17810000
1795       150196.58489000
1796       150509.56171000
1797       150822.99272000
1798       151137.02657000
1799       151451.52960000
1800       151766.65432000
1801       152082.20173000
1802       152398.35346000
1803       152714.97549000
1804       153032.13532000
1805       153349.90419000
1806       153668.11128000
1807       153986.87189000
1808       154306.22426000
1809       154626.03382000
1810       154946.40153000
1811       155267.35843000
1812       155588.78826000
1813       155910.81144000
1814       156233.29298000
1815       156556.34954000
1816       156879.98182000
1817       157204.08839000
1818       157528.80510000
1819       157853.98141000
1820       158179.78734000
1821       158506.13318000
1822       158832.92402000
1823       159160.32672000
1824       159488.28913000
1825       159816.79972000
1826       160145.76816000
1827       160475.33433000
1828       160805.46160000
1829       161136.11914000
1830       161467.42599000
1831       161799.17626000
1832       162131.45756000
1833       162464.30172000
1834       162797.76175000
1835       163131.72056000
1836       163466.26065000
1837       163801.36512000
1838       164136.93378000
1839       164473.13608000
1840       164809.89126000
1841       165147.17658000
1842       165485.08054000
1843       165823.48237000
1844       166162.41858000
1845       166501.99432000
1846       166842.10157000
1847       167182.69150000
1848       167523.91863000
1849       167865.66503000
1850       168208.08595000
1851       168550.97080000
1852       168894.39219000
1853       169238.45279000
1854       169583.05049000
1855       169928.23922000
1856       170273.96222000
1857       170620.23995000
1858       170967.05578000
1859       171314.55042000
1860       171662.56354000
1861       172011.08019000
1862       172360.20550000
1863       172709.97395000
1864       173060.25039000
1865       173411.15028000
1866       173762.52090000
1867       174114.51893000
1868       174467.09238000
1869       174820.33220000
1870       175174.02296000
1871       175528.34253000
1872       175883.23897000
1873       176238.69512000
1874       176594.74983000
1875       176951.39627000
1876       177308.62098000
1877       177666.40662000
1878       178024.77127000
1879       178383.71868000
1880       178743.27691000
1881       179103.39730000
1882       179464.09809000
1883       179825.37964000
1884       180187.29797000
1885       180549.77639000
1886       180912.81852000
1887       181276.44277000
1888       181640.70180000
1889       182005.54707000
1890       182370.97226000
1891       182736.94439000
1892       183103.57098000
1893       183470.76345000
1894       183838.56239000
1895       184206.97670000
1896       184575.97634000
1897       184945.52445000
1898       185315.67716000
1899       185686.50923000
1900       186057.86853000
1901       186429.81485000
1902       186802.34858000
1903       187175.52221000
1904       187549.30624000
1905       187923.72764000
1906       188298.69985000
1907       188674.26113000
1908       189050.43109000
1909       189427.24636000
1910       189804.62931000
1911       190182.60282000
1912       190561.21929000
1913       190940.44638000
1914       191320.32049000
1915       191700.69234000
1916       192081.72799000
1917       192463.42785000
1918       192845.70114000
1919       193228.57102000
1920       193612.03137000
1921       193996.15749000
1922       194380.85822000
1923       194766.20556000
1924       195152.17115000
1925       195538.70902000
1926       195925.91453000
1927       196313.71618000
1928       196702.16619000
1929       197091.23644000
1930       197480.88048000
1931       197871.19412000
1932       198262.06496000
1933       198653.57469000
1934       199045.75840000
1935       199438.58967000
1936       199831.90681000
1937       200225.93688000
1938       200620.61861000
1939       201015.92452000
1940       201411.80718000
1941       201808.34243000
1942       202205.49978000
1943       202603.33136000
1944       203001.76813000
1945       203400.83469000
1946       203800.54601000
1947       204200.83927000
1948       204601.80857000
1949       205003.45753000
1950       205405.70741000
1951       205808.54038000
1952       206212.07225000
1953       206616.20922000
1954       207021.00620000
1955       207426.42732000
1956       207832.50603000
1957       208239.21276000
1958       208646.48286000
1959       209054.50142000
1960       209463.15406000
1961       209872.43631000
1962       210282.35617000
1963       210692.92831000
1964       211104.18574000
1965       211516.04928000
1966       211928.50019000
1967       212341.63427000
1968       212755.47418000
1969       213169.94995000
1970       213585.06253000
1971       214000.78614000
1972       214417.21729000
1973       214834.26029000
1974       215252.03732000
1975       215670.45256000
1976       216089.45795000
1977       216509.12186000
1978       216929.47317000
1979       217350.51529000
1980       217772.14570000
1981       218194.51051000
1982       218617.46721000
1983       219041.11316000
1984       219465.40063000
1985       219890.37519000
1986       220316.04014000
1987       220742.32164000
1988       221169.29427000
1989       221596.91035000
1990       222025.21540000
1991       222454.21271000
1992       222883.82824000
1993       223314.13671000
1994       223745.09055000
1995       224176.73525000
1996       224609.09784000
1997       225042.03261000
1998       225475.70988000
1999       225910.03455000
2000       226345.02797000
2001       226780.74135000
2002       227217.05208000
2003       227654.10785000
2004       228091.86351000
2005       228530.23894000
2006       228969.28766000
2007       229409.00833000
2008       229849.50257000
2009       230290.57293000
2010       230732.39024000
2011       231174.85662000
2012       231618.04775000
2013       232061.94204000
2014       232506.45903000
2015       232951.67704000
2016       233397.54610000
2017       233844.14197000
2018       234291.44275000
2019       234739.44335000
2020       235188.07134000
2021       235637.42779000
2022       236087.51321000
2023       236538.22973000
2024       236989.64786000
2025       237441.79618000
2026       237894.67521000
2027       238348.15831000
2028       238802.40118000
2029       239257.34766000
2030       239712.92477000
2031       240169.23462000
2032       240626.22569000
2033       241084.00496000
2034       241542.38756000
2035       242001.58064000
2036       242461.33024000
2037       242921.89119000
2038       243383.19051000
2039       243845.12084000
2040       244307.78775000
2041       244771.06232000
2042       245235.17706000
2043       245699.95585000
2044       246165.44374000
2045       246631.64348000
2046       247098.50582000
2047       247566.18416000
2048       248034.52842000
2049       248503.58357000
2050       248973.35243000
2051       249443.78573000
2052       249914.96060000
2053       250386.98401000
2054       250859.58877000
2055       251332.88689000
2056       251806.97762000
2057       252281.73513000
2058       252757.31611000
2059       253233.56234000
2060       253710.52581000
2061       254188.15758000
2062       254666.61227000
2063       255145.71048000
2064       255625.63011000
2065       256106.21965000
2066       256587.52854000
2067       257069.58525000
2068       257552.34355000
2069       258035.86901000
2070       258520.09458000
2071       259005.09024000
2072       259490.78684000
2073       259977.26473000
2074       260464.43395000
2075       260952.38314000
2076       261440.94872000
2077       261930.37281000
2078       262420.50289000
2079       262911.40346000
2080       263402.97952000
2081       263895.30927000
2082       264388.39313000
2083       264882.23370000
2084       265376.79776000
2085       265872.14654000
2086       266368.22174000
2087       266864.97504000
2088       267362.59477000
2089       267860.91014000
2090       268359.93451000
2091       268859.79498000
2092       269360.30561000
2093       269861.60694000
2094       270363.71360000
2095       270866.50142000
2096       271370.04913000
2097       271874.35719000
2098       272379.45835000
2099       272885.28838000
2100       273391.84947000
2101       273899.20307000
2102       274407.28842000
2103       274916.19991000
2104       275425.81127000
2105       275936.21706000
2106       276447.35603000
2107       276959.25938000
2108       277471.99163000
2109       277985.42516000
2110       278499.62431000
2111       279014.58950000
2112       279530.35255000
2113       280046.88441000
2114       280564.15030000
2115       281082.18389000
2116       281601.01721000
2117       282120.62096000
2118       282640.99191000
2119       283162.17971000
2120       283684.05792000
2121       284206.73828000
2122       284730.22306000
2123       285254.49235000
2124       285779.48578000
2125       286305.33051000
2126       286831.86794000
2127       287359.29173000
2128       287887.34226000
2129       288416.27829000
2130       288946.02089000
2131       289476.50506000
2132       290007.79827000
2133       290539.86499000
2134       291072.70719000
2135       291606.40518000
2136       292140.79960000
2137       292676.00539000
2138       293212.03349000
2139       293748.83909000
2140       294286.37587000
2141       294824.73751000
2142       295363.94646000
2143       295904.01337000
2144       296444.74595000
2145       296986.25837000
2146       297528.66523000
2147       298071.88830000
2148       298615.77673000
2149       299160.52706000
2150       299706.13973000
2151       300252.48851000
2152       300799.65574000
2153       301347.65101000
2154       301896.42978000
2155       302445.99240000
2156       302996.37399000
2157       303547.57639000
2158       304099.52781000
2159       304652.38049000
2160       305206.01912000
2161       305760.44411000
2162       306315.69218000
2163       306871.72625000
2164       307428.62883000
2165       307986.31933000
2166       308544.83369000
2167       309104.13789000
2168       309664.23007000
2169       310225.22867000
2170       310786.98142000
2171       311349.56025000
2172       311912.96684000
2173       312477.24483000
2174       313042.31441000
2175       313608.21210000
2176       314174.86581000
2177       314742.38584000
2178       315310.77963000
2179       315879.93036000
2180       316449.99315000
2181       317020.80525000
2182       317592.53145000
2183       318165.01505000
2184       318738.33100000
2185       319312.48755000
2186       319887.51448000
2187       320463.37620000
2188       321039.99690000
2189       321617.49690000
2190       322195.83207000
2191       322775.00296000
2192       323355.09298000
2193       323935.90590000
2194       324517.59363000
2195       325100.20124000
2196       325683.57108000
2197       326267.85635000
2198       326852.86577000
2199       327438.79693000
2200       328025.52982000
2201       328613.22459000
2202       329201.68292000
2203       329790.98263000
2204       330381.08557000
2205       330972.11339000
2206       331563.98469000
2207       332156.74260000
2208       332750.30538000
2209       333344.71239000
2210       333940.04696000
2211       334536.18806000
2212       335133.17447000
2213       335731.05055000
2214       336329.73378000
2215       336929.30740000
2216       337529.72533000
2217       338131.07760000
2218       338733.27850000
2219       339336.24849000
2220       339940.10790000
2221       340544.94097000
2222       341150.50367000
2223       341757.04083000
2224       342364.34855000
2225       342972.63190000
2226       343581.76792000
2227       344191.71597000
2228       344802.55998000
2229       345414.25770000
2230       346026.85218000
2231       346640.38364000
2232       347254.73051000
2233       347869.93299000
2234       348485.99147000
2235       349102.99030000
2236       349720.93006000
2237       350339.68584000
2238       350959.25795000
2239       351579.77232000
2240       352201.14561000
2241       352823.46222000
2242       353446.59683000
2243       354070.69691000
2244       354695.61570000
2245       355321.45871000
2246       355948.16329000
2247       356575.81452000
2248       357204.28594000
2249       357833.70474000
2250       358463.94442000
2251       359095.17511000
2252       359727.22779000
2253       360360.22997000
2254       360994.11736000
2255       361628.91400000
2256       362264.57681000
2257       362901.16984000
2258       363538.58677000
2259       364177.01898000
2260       364816.25670000
2261       365456.46947000
2262       366097.57094000
2263       366739.52011000
2264       367382.42420000
2265       368026.28393000
2266       368670.97369000
2267       369316.61677000
2268       369963.13190000
2269       370610.62691000
2270       371258.95029000
2271       371908.29879000
2272       372558.49497000
2273       373209.61046000
2274       373861.57837000
2275       374514.63659000
2276       375168.48096000
2277       375823.22428000
2278       376478.90687000
2279       377135.55215000
2280       377793.09704000
2281       378451.56077000
2282       379110.98855000
2283       379771.29550000
2284       380432.56760000
2285       381094.78134000
2286       381757.87655000
2287       382421.93844000
2288       383086.85852000
2289       383752.72287000
2290       384419.60103000
2291       385087.42568000
2292       385756.11019000
2293       386425.74082000
2294       387096.25556000
2295       387767.81060000
2296       388440.26726000
2297       389113.69560000
2298       389787.98617000
2299       390463.24938000
2300       391139.55616000
2301       391816.68009000
2302       392494.75416000
2303       393173.82690000
2304       393853.76440000
2305       394534.83495000
2306       395216.61368000
2307       395899.47965000
2308       396583.23631000
2309       397268.05723000
2310       397953.73042000
2311       398640.39725000
2312       399327.98111000
2313       400016.52006000
2314       400706.06380000
2315       401396.58661000
2316       402087.98076000
2317       402780.38135000
2318       403473.73935000
2319       404168.08000000
2320       404863.33999000
2321       405559.58552000
2322       406256.79022000
2323       406954.97959000
2324       407654.12899000
2325       408354.25050000
2326       409055.30967000
2327       409757.35551000
2328       410460.36312000
2329       411164.32175000
2330       411869.37946000
2331       412575.28953000
2332       413282.21429000
2333       413990.07743000
2334       414698.89441000
2335       415408.81325000
2336       416119.61208000
2337       416831.37662000
2338       417544.15913000
2339       418257.98395000
2340       418972.75227000
2341       419688.48805000
2342       420405.15615000
2343       421122.84494000
2344       421841.57897000
2345       422561.23218000
2346       423281.88137000
2347       424003.55345000
2348       424726.24906000
2349       425449.87815000
2350       426174.54286000
2351       426900.14452000
2352       427626.74517000
2353       428354.37208000
2354       429082.99631000
2355       429812.62373000
2356       430543.25212000
2357       431274.88203000
2358       432007.54088000
2359       432741.13806000
2360       433475.80240000
2361       434211.38162000
2362       434948.08058000
2363       435685.66798000
2364       436424.33943000
2365       437163.96438000
2366       437904.71148000
2367       438646.34859000
2368       439389.04768000
2369       440132.80640000
2370       440877.52078000
2371       441623.27126000
2372       442369.97483000
2373       443117.74331000
2374       443866.51320000
2375       444616.32978000
2376       445367.12894000
2377       446118.99557000
2378       446871.87396000
2379       447625.84599000
2380       448380.77766000
2381       449136.69406000
2382       449893.68095000
2383       450651.59253000
2384       451410.69032000
2385       452170.72109000
2386       452931.82471000
2387       453693.94444000
2388       454457.08073000
2389       455221.28807000
2390       455986.60648000
2391       456752.85320000
2392       457520.11844000
2393       458288.43170000
2394       459057.87956000
2395       459828.26144000
2396       460599.69299000
2397       461372.23547000
2398       462145.82477000
2399       462920.34995000
2400       463696.01708000
2401       464472.70705000
2402       465250.42030000
2403       466029.24237000
2404       466809.06316000
2405       467589.93859000
2406       468371.92962000
2407       469154.85601000
2408       469938.98476000
2409       470724.02407000
2410       471510.18096000
2411       472297.39574000
2412       473085.63852000
2413       473875.02681000
2414       474665.47866000
2415       475456.83890000
2416       476249.41127000
2417       477042.92353000
2418       477837.64487000
2419       478633.34107000
2420       479430.15995000
2421       480227.98201000
2422       481026.83695000
2423       481826.93531000
2424       482627.94835000
2425       483430.08887000
2426       484233.26418000
2427       485037.59709000
2428       485843.02343000
2429       486649.39985000
2430       487456.90414000
2431       488265.56840000
2432       489075.21055000
2433       489886.00863000
2434       490697.88224000
2435       491510.79491000
2436       492324.77892000
2437       493139.86247000
2438       493956.04938000
2439       494773.31019000
2440       495591.73610000
2441       496411.11218000
2442       497231.68671000
2443       498053.39555000
2444       498876.08856000
2445       499699.85773000
2446       500524.76290000
2447       501350.77775000
2448       502177.93006000
2449       503006.19310000
2450       503835.50226000
2451       504665.89076000
2452       505497.41913000
2453       506330.09317000
2454       507163.81519000
2455       507998.58554000
2456       508834.56332000
2457       509671.68429000
2458       510509.82794000
2459       511349.11419000
2460       512189.39221000
2461       513030.97324000
2462       513873.60822000
2463       514717.29322000
2464       515562.13188000
2465       516408.02361000
2466       517255.12920000
2467       518103.35038000
2468       518952.69126000
2469       519803.12109000
2470       520654.67453000
2471       521507.37677000
2472       522361.19724000
2473       523216.11546000
2474       524072.21840000
2475       524929.37907000
2476       525787.63235000
2477       526647.13439000
2478       527507.70248000
2479       528369.45799000
2480       529232.30845000
2481       530096.18445000
2482       530961.38237000
2483       531827.61380000
2484       532695.03550000
2485       533563.55473000
2486       534433.17197000
2487       535304.04467000
2488       536176.08194000
2489       537049.05430000
2490       537923.38486000
2491       538798.72259000
2492       539675.31923000
2493       540553.04727000
2494       541431.84168000
2495       542311.81063000
2496       543192.94069000
2497       544075.36908000
2498       544958.70737000
2499       545843.37441000
2500       546729.05295000
2501       547616.12679000
2502       548504.07529000
2503       549393.39172000
2504       550283.72162000
2505       551175.34788000
2506       552068.09080000
2507       552961.99221000
2508       553856.98259000
2509       554753.30869000
2510       555650.61421000
2511       556549.24852000
2512       557449.00285000
2513       558349.86946000
2514       559251.98062000
2515       560155.16772000
2516       561059.62976000
2517       561965.27171000
2518       562872.06616000
2519       563779.97606000
2520       564689.15351000
2521       565599.45761000
2522       566511.03904000
2523       567423.64325000
2524       568337.51698000
2525       569252.54734000
2526       570168.80262000
2527       571086.29982000
2528       572004.86048000
2529       572924.69345000
2530       573845.68601000
2531       574767.90708000
2532       575691.37261000
2533       576615.82679000
2534       577541.67224000
2535       578468.64152000
2536       579396.80384000
2537       580326.21289000
2538       581256.69087000
2539       582188.52477000
2540       583121.48506000
2541       584055.77658000
2542       584991.04718000
2543       585927.75537000
2544       586865.45680000
2545       587804.62770000
2546       588744.77884000
2547       589686.23521000
2548       590628.86205000
2549       591572.67577000
2550       592517.82715000
2551       593464.08048000
2552       594411.56232000
2553       595360.31355000
2554       596310.29434000
2555       597261.48019000
2556       598213.86642000
2557       599167.52459000
2558       600122.31841000
2559       601078.34452000
2560       602035.71586000
2561       602994.19402000
2562       603954.00259000
2563       604914.94927000
2564       605877.07585000
2565       606840.64790000
2566       607805.28776000
2567       608771.20584000
2568       609738.36125000
2569       610706.69953000
2570       611676.34887000
2571       612647.20637000
2572       613619.30336000
2573       614592.58555000
2574       615567.24728000
2575       616543.16873000
2576       617520.25887000
2577       618498.49432000
2578       619478.11186000
2579       620458.91829000
2580       621441.04243000
2581       622424.33725000
2582       623408.96241000
2583       624394.77891000
2584       625381.84157000
2585       626370.27947000
2586       627359.82483000
2587       628350.71534000
2588       629342.85411000
2589       630336.26247000
2590       631330.94283000
2591       632326.86262000
2592       633324.03292000
2593       634322.49788000
2594       635322.19226000
2595       636323.20477000
2596       637325.41616000
2597       638329.02250000
2598       639333.74078000
2599       640339.87755000
2600       641347.23756000
2601       642355.89729000
2602       643365.71510000
2603       644376.88714000
2604       645389.48207000
2605       646403.16002000
2606       647418.18555000
2607       648434.52295000
2608       649452.06630000
2609       650471.03664000
2610       651491.19016000
2611       652512.60434000
2612       653535.37044000
2613       654559.39838000
2614       655584.75917000
2615       656611.40365000
2616       657639.31149000
2617       658668.47642000
2618       659699.00437000
2619       660730.92170000
2620       661763.97383000
2621       662798.43679000
2622       663834.06785000
2623       664871.05859000
2624       665909.44856000
2625       666949.06839000
2626       667990.05597000
2627       669032.26079000
2628       670075.88114000
2629       671120.70586000
2630       672166.86261000
2631       673214.38984000
2632       674263.13729000
2633       675313.38369000
2634       676364.77134000
2635       677417.53178000
2636       678471.56208000
2637       679526.96630000
2638       680583.77417000
2639       681641.77331000
2640       682701.14819000
2641       683761.89578000
2642       684823.87278000
2643       685887.30528000
2644       686951.98308000
2645       688017.98816000
2646       689085.27273000
2647       690153.93423000
2648       691223.95827000
2649       692295.37846000
2650       693368.02944000
2651       694442.06232000
2652       695517.42675000
2653       696594.15538000
2654       697672.18500000
2655       698751.54805000
2656       699832.24511000
2657       700914.42637000
2658       701997.87689000
2659       703082.68016000
2660       704168.71980000
2661       705256.24666000
2662       706345.06157000
2663       707435.29883000
2664       708526.79123000
2665       709619.77380000
2666       710713.94616000
2667       711809.61020000
2668       712906.59951000
2669       714004.94749000
2670       715104.63830000
2671       716205.62178000
2672       717308.13494000
2673       718411.95866000
2674       719517.12768000
2675       720623.64266000
2676       721731.50415000
2677       722840.84798000
2678       723951.50523000
2679       725063.51081000
2680       726176.91707000
2681       727291.67036000
2682       728407.86300000
2683       729525.36912000
2684       730644.27878000
2685       731764.58945000
2686       732886.20384000
2687       734009.35987000
2688       735133.78276000
2689       736259.66146000
2690       737386.89529000
2691       738515.38351000
2692       739645.57141000
2693       740776.92733000
2694       741909.68925000
2695       743043.86235000
2696       744179.44769000
2697       745316.52920000
2698       746454.88231000
2699       747594.64967000
2700       748735.82635000
2701       749878.37071000
2702       751022.51647000
2703       752167.83448000
2704       753314.61803000
2705       754462.82005000
2706       755612.47673000
2707       756763.51140000
2708       757915.91212000
2709       759069.83634000
2710       760225.12810000
2711       761381.87826000
2712       762539.85186000
2713       763699.40671000
2714       764860.33153000
2715       766022.72908000
2716       767186.53349000
2717       768351.72939000
2718       769518.40004000
2719       770686.44362000
2720       771855.90742000
2721       773026.94874000
2722       774199.27328000
2723       775373.07571000
2724       776548.25415000
2725       777724.80908000
2726       778902.99263000
2727       780082.56439000
2728       781263.51459000
2729       782445.84371000
2730       783629.60906000
2731       784815.11060000
2732       786001.79709000
2733       787189.91091000
2734       788379.46385000
2735       789570.55977000
2736       790763.23598000
2737       791957.20240000
2738       793152.55330000
2739       794349.45006000
2740       795547.73257000
2741       796747.65725000
2742       797948.81629000
2743       799151.42083000
2744       800355.67859000
2745       801561.31685000
2746       802768.29429000
2747       803976.88217000
2748       805186.86073000
2749       806398.39285000
2750       807611.41269000
2751       808825.77365000
2752       810041.64580000
2753       811259.01529000
2754       812477.88276000
2755       813698.13765000
2756       814919.95855000
2757       816143.23526000
2758       817367.90859000
2759       818594.18696000
2760       819821.91649000
2761       821051.05118000
2762       822281.74929000
2763       823513.95111000
2764       824747.55306000
2765       825982.71449000
2766       827219.28348000
2767       828457.41950000
2768       829696.95822000
2769       830938.00427000
2770       832180.77961000
2771       833424.79952000
2772       834670.39019000
2773       835917.38636000
2774       837166.01645000
2775       838416.19591000
2776       839667.74500000
2777       840920.80678000
2778       842175.44379000
2779       843431.65246000
2780       844689.27575000
2781       845948.24675000
2782       847208.85853000
2783       848471.04936000
2784       849734.85834000
2785       851000.04234000
2786       852266.68154000
2787       853534.79771000
2788       854804.49658000
2789       856075.88075000
2790       857348.62085000
2791       858622.90431000
2792       859898.70995000
2793       861176.10216000
2794       862455.01494000
2795       863735.41355000
2796       865017.33684000
2797       866300.84965000
2798       867585.84751000
2799       868872.41047000
2800       870160.52682000
2801       871450.06553000
2802       872741.19748000
2803       874033.89911000
2804       875328.15311000
2805       876624.00469000
2806       877921.28162000
2807       879220.08997000
2808       880520.56187000
2809       881822.67135000
2810       883126.10386000
2811       884431.13638000
2812       885737.70356000
2813       887046.04385000
2814       888355.70903000
2815       889667.08341000
2816       890979.82227000
2817       892294.23229000
2818       893610.28683000
2819       894927.80228000
2820       896246.89677000
2821       897567.49226000
2822       898889.69609000
2823       900213.61593000
2824       901539.03893000
2825       902865.83058000
2826       904194.40788000
2827       905524.42262000
2828       906856.26448000
2829       908189.43755000
2830       909524.29318000
2831       910860.58877000
2832       912198.53822000
2833       913538.21264000
2834       914879.28913000
2835       916221.98357000
2836       917566.40388000
2837       918912.26762000
2838       920259.79151000
2839       921608.89661000
2840       922959.55400000
2841       924311.83389000
2842       925665.55991000
2843       927021.19712000
2844       928378.27913000
2845       929736.87947000
2846       931097.21336000
2847       932459.10714000
2848       933822.51798000
2849       935187.66487000
2850       936554.33345000
2851       937922.49007000
2852       939292.45972000
2853       940664.05719000
2854       942037.17924000
2855       943411.86284000
2856       944788.17996000
2857       946166.24389000
2858       947545.83088000
2859       948927.05392000
2860       950309.76923000
2861       951694.30201000
2862       953080.47822000
2863       954468.18036000
2864       955857.44959000
2865       957248.35901000
2866       958640.90964000
2867       960035.32424000
2868       961431.08627000
2869       962828.49147000
2870       964227.72261000
2871       965628.41675000
2872       967030.97966000
2873       968434.89204000
2874       969840.55975000
2875       971247.84085000
2876       972656.92037000
2877       974067.53383000
2878       975479.79734000
2879       976893.63701000
2880       978309.20289000
2881       979726.46246000
2882       981145.36758000
2883       982565.81767000
2884       983988.03103000
2885       985411.79082000
2886       986837.35690000
2887       988264.53847000
2888       989693.37760000
2889       991123.79904000
2890       992555.80308000
2891       993989.84634000
2892       995425.24680000
2893       996862.41763000
2894       998301.17366000
2895       999741.66904000
2896      1001183.86966000
2897      1002627.80221000
2898      1004073.21305000
2899      1005520.39877000
2900      1006969.25080000
2901      1008419.88966000
2902      1009872.07667000
2903      1011326.04189000
2904      1012781.67651000
2905      1014238.91354000
2906      1015697.99878000
2907      1017158.56735000
2908      1018620.88663000
2909      1020084.98892000
2910      1021550.80729000
2911      1023018.25805000
2912      1024487.33549000
2913      1025958.24749000
2914      1027430.75673000
2915      1028905.06550000
2916      1030380.93042000
2917      1031858.58419000
2918      1033337.91763000
2919      1034819.01161000
2920      1036301.93982000
2921      1037786.34649000
2922      1039272.51611000
2923      1040760.36909000
2924      1042250.01644000
2925      1043741.47257000
2926      1045234.49043000
2927      1046729.30498000
2928      1048225.69608000
2929      1049723.91429000
2930      1051223.91677000
2931      1052725.67654000
2932      1054229.04430000
2933      1055734.21348000
2934      1057241.00631000
2935      1058749.66992000
2936      1060259.91549000
2937      1061772.04838000
2938      1063285.70992000
2939      1064801.38663000
2940      1066318.71625000
2941      1067837.65912000
2942      1069358.41029000
2943      1070880.85939000
2944      1072405.21830000
2945      1073931.17689000
2946      1075459.03100000
2947      1076988.39063000
2948      1078519.64756000
2949      1080052.76191000
2950      1081587.45117000
2951      1083124.01390000
2952      1084662.22300000
2953      1086202.13709000
2954      1087744.05679000
2955      1089287.58072000
2956      1090833.00948000
2957      1092379.86330000
2958      1093928.73514000
2959      1095479.53287000
2960      1097031.82494000
2961      1098586.00094000
2962      1100141.93974000
2963      1101699.60982000
2964      1103259.14817000
2965      1104820.33877000
2966      1106383.33105000
2967      1107948.12621000
2968      1109514.79405000
2969      1111083.24711000
2970      1112653.33026000
2971      1114225.24384000
2972      1115799.05260000
2973      1117374.62603000
2974      1118951.98832000
2975      1120531.00739000
2976      1122111.83694000
2977      1123694.67936000
2978      1125279.20133000
2979      1126865.42637000
2980      1128453.55489000
2981      1130043.43254000
2982      1131635.12618000
2983      1133228.70456000
2984      1134823.98912000
2985      1136421.18233000
2986      1138020.03752000
2987      1139620.80334000
2988      1141223.45784000
2989      1142827.70864000
2990      1144433.89528000
2991      1146041.92792000
2992      1147651.73939000
2993      1149263.44466000
2994      1150876.79384000
2995      1152492.28842000
2996      1154109.22310000
2997      1155728.35041000
2998      1157349.17106000
2999      1158971.63824000
3000      1160596.05063000
3001      1162222.31668000
3002      1163850.48246000
3003      1165480.43757000
3004      1167112.15557000
3005      1168745.70987000
3006      1170381.32868000
3007      1172018.64412000
3008      1173657.84699000
3009      1175298.72198000
3010      1176941.45727000
3011      1178586.24194000
3012      1180232.82068000
3013      1181881.31143000
3014      1183531.47641000
3015      1185183.48639000
3016      1186837.59732000
3017      1188493.33811000
3018      1190151.13615000
3019      1191810.49647000
3020      1193471.82018000
3021      1195135.34625000
3022      1196800.40844000
3023      1198467.32263000
3024      1200136.30068000
3025      1201806.95777000
3026      1203479.70919000
3027      1205154.09449000
3028      1206830.46823000
3029      1208508.68228000
3030      1210188.69172000
3031      1211870.89936000
3032      1213554.75982000
3033      1215240.48131000
3034      1216928.17939000
3035      1218617.54403000
3036      1220309.14653000
3037      1222002.46910000
3038      1223697.57470000
3039      1225394.76048000
3040      1227093.61548000
3041      1228794.61514000
3042      1230497.43749000
3043      1232202.16097000
3044      1233908.75523000
3045      1235617.38329000
3046      1237327.63725000
3047      1239039.99509000
3048      1240754.14165000
3049      1242470.16327000
3050      1244188.42470000
3051      1245908.22854000
3052      1247630.22774000
3053      1249353.91764000
3054      1251079.50094000
3055      1252807.43224000
3056      1254536.79136000
3057      1256268.36574000
3058      1258001.61928000
3059      1259736.88579000
3060      1261474.28921000
3061      1263213.33953000
3062      1264954.39229000
3063      1266697.44855000
3064      1268442.30281000
3065      1270189.51982000
3066      1271938.28237000
3067      1273688.94805000
3068      1275441.72556000
3069      1277196.33956000
3070      1278953.03241000
3071      1280711.52735000
3072      1282471.91776000
3073      1284234.43714000
3074      1285998.91290000
3075      1287765.13437000
3076      1289533.48768000
3077      1291303.75199000
3078      1293075.91721000
3079      1294850.15919000
3080      1296626.26657000
3081      1298404.27760000
3082      1300184.31985000
3083      1301966.38406000
3084      1303750.51920000
3085      1305536.30003000
3086      1307324.22217000
3087      1309114.06262000
3088      1310905.82199000
3089      1312699.87226000
3090      1314495.57983000
3091      1316293.54162000
3092      1318093.20055000
3093      1319894.78194000
3094      1321698.88650000
3095      1323504.42434000
3096      1325312.22204000
3097      1327121.82861000
3098      1328933.52702000
3099      1330747.32356000
3100      1332562.82885000
3101      1334380.48238000
3102      1336200.17555000
3103      1338021.96501000
3104      1339845.63021000
3105      1341671.23396000
3106      1343498.76999000
3107      1345328.57190000
3108      1347160.24549000
3109      1348994.02806000
3110      1350829.52310000
3111      1352667.18326000
3112      1354507.00410000
3113      1356348.69370000
3114      1358192.50867000
3115      1360038.25734000
3116      1361885.94591000
3117      1363735.80574000
3118      1365587.76895000
3119      1367441.51230000
3120      1369297.42508000
3121      1371155.16780000
3122      1373015.36318000
3123      1374877.22704000
3124      1376741.15048000
3125      1378607.24911000
3126      1380475.18413000
3127      1382345.46021000
3128      1384217.63619000
3129      1386091.64633000
3130      1387968.07080000
3131      1389846.21543000
3132      1391726.59206000
3133      1393608.98772000
3134      1395493.33895000
3135      1397379.87645000
3136      1399268.36853000
3137      1401158.86528000
3138      1403051.62095000
3139      1404946.21641000
3140      1406843.00529000
3141      1408741.75081000
3142      1410642.74141000
3143      1412545.76122000
3144      1414450.62239000
3145      1416357.68155000
3146      1418267.10847000
3147      1420178.21077000
3148      1422091.51414000
3149      1424006.90061000
3150      1425924.13232000
3151      1427843.85690000
3152      1429765.49759000
3153      1431689.22505000
3154      1433614.92010000
3155      1435542.58324000
3156      1437472.86659000
3157      1439404.70820000
3158      1441338.76034000
3159      1443275.02556000
3160      1445213.38241000
3161      1447153.88551000
3162      1449096.42986000
3163      1451040.82835000
3164      1452987.68514000
3165      1454936.57044000
3166      1456887.50176000
3167      1458840.53004000
3168      1460795.41575000
3169      1462752.76572000
3170      1464712.14860000
3171      1466673.57759000
3172      1468637.11431000
3173      1470602.75255000
3174      1472570.61689000
3175      1474540.63886000
3176      1476512.59394000
3177      1478486.77812000
3178      1480463.06739000
3179      1482441.59256000
3180      1484422.15492000
3181      1486404.77399000
3182      1488389.62696000
3183      1490376.59439000
3184      1492365.42463000
3185      1494357.04202000
3186      1496350.22592000
3187      1498345.77516000
3188      1500343.43734000
3189      1502343.27026000
3190      1504345.29413000
3191      1506349.18447000
3192      1508355.57393000
3193      1510363.83112000
3194      1512374.38460000
3195      1514387.26216000
3196      1516402.00895000
3197      1518418.75368000
3198      1520438.12692000
3199      1522459.55157000
3200      1524483.05527000
3201      1526508.68150000
3202      1528536.43094000
3203      1530566.44308000
3204      1532598.63150000
3205      1534633.03391000
3206      1536669.55335000
3207      1538708.08773000
3208      1540749.00231000
3209      1542792.10681000
3210      1544837.16742000
3211      1546884.74320000
3212      1548934.32837000
3213      1550986.23962000
3214      1553040.22103000
3215      1555096.21325000
3216      1557154.61610000
3217      1559215.02032000
3218      1561278.01158000
3219      1563342.82026000
3220      1565409.77682000
3221      1567479.39497000
3222      1569550.63877000
3223      1571624.59866000
3224      1573700.52434000
3225      1575778.59035000
3226      1577859.06766000
3227      1579941.56474000
3228      1582026.39184000
3229      1584113.44620000
3230      1586202.52235000
3231      1588294.13796000
3232      1590387.64048000
3233      1592483.61439000
3234      1594581.69777000
3235      1596682.05149000
3236      1598784.43092000
3237      1600889.56211000
3238      1602996.39313000
3239      1605105.77357000
3240      1607217.04448000
3241      1609330.74401000
3242      1611446.92649000
3243      1613565.07147000
3244      1615685.52619000
3245      1617808.13619000
3246      1619932.90167000
3247      1622060.29558000
3248      1624189.65449000
3249      1626321.31156000
3250      1628455.28533000
3251      1630591.27775000
3252      1632730.02908000
3253      1634870.62454000
3254      1637013.39961000
3255      1639158.74357000
3256      1641306.30367000
3257      1643456.13591000
3258      1645608.11394000
3259      1647762.27621000
3260      1649918.74705000
3261      1652077.72343000
3262      1654238.67137000
3263      1656402.21791000
3264      1658567.78996000
3265      1660735.69574000
3266      1662906.09296000
3267      1665078.34006000
3268      1667253.31672000
3269      1669430.19724000
3270      1671609.54120000
3271      1673791.38155000
3272      1675975.21965000
3273      1678161.52490000
3274      1680349.86022000
3275      1682540.66472000
3276      1684733.99326000
3277      1686929.30035000
3278      1689127.08046000
3279      1691327.04031000
3280      1693529.52899000
3281      1695734.14566000
3282      1697941.09227000
3283      1700150.36968000
3284      1702361.83026000
3285      1704575.82563000
3286      1706792.10146000
3287      1709010.56273000
3288      1711231.50910000
3289      1713454.49283000
3290      1715680.29181000
3291      1717908.10117000
3292      1720138.25010000
3293      1722370.58868000
3294      1724605.54406000
3295      1726842.77074000
3296      1729082.41233000
3297      1731323.96991000
3298      1733568.14909000
3299      1735815.03238000
3300      1738063.62745000
3301      1740314.84790000
3302      1742568.41739000
3303      1744824.30891000
3304      1747082.78651000
3305      1749343.25539000
3306      1751606.20214000
3307      1753871.53129000
3308      1756139.03195000
3309      1758409.40544000
3310      1760681.77281000
3311      1762956.34247000
3312      1765233.58096000
3313      1767512.99357000
3314      1769795.00645000
3315      1772079.14070000
3316      1774365.79316000
3317      1776654.80893000
3318      1778946.15816000
3319      1781239.95776000
3320      1783536.19533000
3321      1785834.48506000
3322      1788135.45785000
3323      1790438.85417000
3324      1792744.53417000
3325      1795052.61757000
3326      1797362.88140000
3327      1799675.83580000
3328      1801991.18549000
3329      1804308.85553000
3330      1806628.77490000
3331      1808951.32348000
3332      1811275.96292000
3333      1813603.48250000
3334      1815933.04031000
3335      1818265.23134000
3336      1820599.51603000
3337      1822936.30917000
3338      1825276.02561000
3339      1827617.58615000
3340      1829961.82048000
3341      1832308.15168000
3342      1834657.34073000
3343      1837008.73649000
3344      1839362.48476000
3345      1841718.62249000
3346      1844077.31475000
3347      1846438.58073000
3348      1848802.34934000
3349      1851168.30992000
3350      1853536.53766000
3351      1855907.58016000
3352      1858280.94722000
3353      1860656.78425000
3354      1863034.85375000
3355      1865415.44964000
3356      1867798.61211000
3357      1870184.23113000
3358      1872572.15770000
3359      1874962.65461000
3360      1877355.38811000
3361      1879751.04464000
3362      1882148.88461000
3363      1884549.09081000
3364      1886951.87318000
3365      1889357.02330000
3366      1891764.97650000
3367      1894175.11632000
3368      1896587.62602000
3369      1899002.71784000
3370      1901420.18075000
3371      1903840.45422000
3372      1906262.91760000
3373      1908688.05337000
3374      1911115.47837000
3375      1913545.44970000
3376      1915978.02371000
3377      1918413.00647000
3378      1920850.49468000
3379      1923290.40496000
3380      1925732.96640000
3381      1928177.85174000
3382      1930625.46370000
3383      1933075.32805000
3384      1935527.61893000
3385      1937982.86983000
3386      1940440.14539000
3387      1942900.28220000
3388      1945362.54604000
3389      1947827.54483000
3390      1950295.33632000
3391      1952765.15397000
3392      1955237.88691000
3393      1957712.70245000
3394      1960190.25908000
3395      1962670.79161000
3396      1965153.35285000
3397      1967638.17521000
3398      1970125.92154000
3399      1972616.29375000
3400      1975109.35985000
3401      1977604.51202000
3402      1980102.10752000
3403      1982602.76407000
3404      1985105.61408000
3405      1987611.29300000
3406      1990119.05963000
3407      1992629.58372000
3408      1995142.73785000
3409      1997658.52779000
3410      2000176.66161000
3411      2002697.42887000
3412      2005220.59704000
3413      2007746.71274000
3414      2010275.15751000
3415      2012806.13198000
3416      2015339.69289000
3417      2017875.71148000
3418      2020414.74152000
3419      2022955.93825000
3420      2025499.72520000
3421      2028046.34209000
3422      2030595.18263000
3423      2033146.91219000
3424      2035701.12538000
3425      2038257.80368000
3426      2040817.13397000
3427      2043379.00575000
3428      2045943.58815000
3429      2048510.71367000
3430      2051080.43949000
3431      2053652.63626000
3432      2056227.56548000
3433      2058805.21162000
3434      2061385.40597000
3435      2063967.88675000
3436      2066553.29247000
3437      2069141.23131000
3438      2071731.72185000
3439      2074325.01089000
3440      2076920.39997000
3441      2079518.71988000
3442      2082120.14878000
3443      2084723.56326000
3444      2087329.78191000
3445      2089938.48482000
3446      2092549.93407000
3447      2095164.30962000
3448      2097780.86282000
3449      2100400.35785000
3450      2103022.01785000
3451      2105646.62205000
3452      2108274.29146000
3453      2110904.00915000
3454      2113536.48138000
3455      2116171.64086000
3456      2118809.67736000
3457      2121450.08926000
3458      2124093.12856000
3459      2126738.79616000
3460      2129387.28854000
3461      2132038.66441000
3462      2134692.28777000
3463      2137348.67478000
3464      2140007.56345000
3465      2142669.41496000
3466      2145333.82710000
3467      2148000.81870000
3468      2150670.57922000
3469      2153342.84611000
3470      2156017.95054000
3471      2158695.95126000
3472      2161376.13794000
3473      2164059.36568000
3474      2166745.03664000
3475      2169433.80909000
3476      2172124.76877000
3477      2174818.57494000
3478      2177515.02804000
3479      2180214.12863000
3480      2182916.26885000
3481      2185621.07206000
3482      2188328.12160000
3483      2191038.22764000
3484      2193750.78370000
3485      2196466.25353000
3486      2199184.52470000
3487      2201905.17643000
3488      2204628.76024000
3489      2207354.92966000
3490      2210084.09147000
3491      2212815.78378000
3492      2215550.00358000
3493      2218287.01710000
3494      2221027.36854000
3495      2223769.70778000
3496      2226515.12432000
3497      2229262.99918000
3498      2232013.53984000
3499      2234767.42783000
3500      2237523.43651000
