   1           15.00304000
   2           35.61629000
   3           61.17955000
   4           90.69256000
   5          123.65232000
   6          159.74995000
   7          198.76913000
   8          240.54268000
   9          284.93195000
  10          331.81660000
  11          381.08922000
  12          432.65245000
  13          486.41735000
  14          542.30235000
  15          600.23243000
  16          660.13862000
  17          721.95738000
  18          785.63019000
  19          851.10307000
  20          918.32615000
  21          987.25332000
  22         1057.84181000
  23         1130.05191000
  24         1203.84666000
  25         1279.19156000
  26         1356.05433000
  27         1434.40470000
  28         1514.21423000
  29         1595.45611000
  30         1678.10502000
  31         1762.13700000
  32         1847.52933000
  33         1934.26041000
  34         2022.30968000
  35         2111.65755000
  36         2202.30729000
  37         2294.19787000
  38         2387.33324000
  39         2481.69693000
  40         2577.29890000
  41         2674.07337000
  42         2772.05822000
  43         2871.21362000
  44         2971.52598000
  45         3072.98220000
  46         3175.60138000
  47         3279.30879000
  48         3384.15716000
  49         3490.13818000
  50         3597.17204000
  51         3705.31888000
  52         3814.57152000
  53         3924.88393000
  54         4036.24633000
  55         4148.69070000
  56         4262.21118000
  57         4376.75848000
  58         4492.36882000
  59         4608.99116000
  60         4726.66451000
  61         4845.38440000
  62         4965.14664000
  63         5085.89645000
  64         5207.67851000
  65         5330.54256000
  66         5454.38006000
  67         5579.23996000
  68         5705.11941000
  69         5832.01577000
  70         5959.92658000
  71         6088.84959000
  72         6218.78274000
  73         6349.78747000
  74         6481.73672000
  75         6614.75693000
  76         6748.78344000
  77         6883.81506000
  78         7019.92073000
  79         7156.96104000
  80         7295.07652000
  81         7434.19670000
  82         7574.39656000
  83         7715.60324000
  84         7857.81663000
  85         8001.11633000
  86         8145.42577000
  87         8290.74528000
  88         8437.15909000
  89         8584.58685000
  90         8733.02929000
  91         8882.57532000
  92         9033.14071000
  93         9184.81754000
  94         9337.51895000
  95         9491.24626000
  96         9646.09634000
  97         9802.07519000
  98         9959.09056000
  99        10117.14422000
 100        10276.33951000
 101        10436.57999000
 102        10597.86777000
 103        10760.31106000
 104        10923.91678000
 105        11088.58283000
 106        11254.31173000
 107        11421.21831000
 108        11589.19614000
 109        11758.24798000
 110        11928.49371000
 111        12099.94106000
 112        12272.35744000
 113        12445.98483000
 114        12620.83126000
 115        12796.77983000
 116        12973.83395000
 117        13152.12540000
 118        13331.53268000
 119        13512.05941000
 120        13693.84260000
 121        13876.75605000
 122        14060.94025000
 123        14246.26586000
 124        14432.73688000
 125        14620.35740000
 126        14809.27496000
 127        14999.35379000
 128        15190.74500000
 129        15383.30957000
 130        15577.05193000
 131        15771.97658000
 132        15968.24184000
 133        16165.70206000
 134        16364.36194000
 135        16564.38526000
 136        16765.46054000
 137        16967.91250000
 138        17171.75141000
 139        17376.65534000
 140        17582.95986000
 141        17790.50575000
 142        17999.29820000
 143        18209.51579000
 144        18420.99410000
 145        18633.73849000
 146        18847.75438000
 147        19063.04724000
 148        19279.80508000
 149        19497.85468000
 150        19717.20166000
 151        19937.85170000
 152        20159.81054000
 153        20383.27579000
 154        20608.06522000
 155        20834.18472000
 156        21061.64022000
 157        21290.43773000
 158        21520.78458000
 159        21752.28615000
 160        21985.35311000
 161        22219.79034000
 162        22455.60407000
 163        22693.01153000
 164        22931.59909000
 165        23171.79697000
 166        23413.40064000
 167        23656.41657000
 168        23900.85130000
 169        24146.71136000
 170        24394.22801000
 171        24643.18720000
 172        24893.36701000
 173        25145.22943000
 174        25398.78723000
 175        25653.58398000
 176        25909.85718000
 177        26167.85237000
 178        26427.34190000
 179        26688.33275000
 180        26950.83196000
 181        27214.84660000
 182        27480.38380000
 183        27747.70157000
 184        28016.56036000
 185        28286.71237000
 186        28558.67285000
 187        28832.45533000
 188        29107.55093000
 189        29384.48743000
 190        29662.74773000
 191        29942.86802000
 192        30224.59251000
 193        30507.92875000
 194        30793.15815000
 195        31079.74280000
 196        31368.24015000
 197        31658.38408000
 198        31950.18233000
 199        32243.92718000
 200        32539.05959000
 201        32836.15856000
 202        33134.94750000
 203        33435.43433000
 204        33737.92230000
 205        34041.83103000
 206        34347.76129000
 207        34655.42588000
 208        34965.13691000
 209        35276.29674000
 210        35589.52373000
 211        35904.52212000
 212        36221.30017000
 213        36539.86616000
 214        36860.54568000
 215        37183.03427000
 216        37507.34034000
 217        37833.79626000
 218        38162.09104000
 219        38492.23319000
 220        38824.23125000
 221        39158.42673000
 222        39494.49982000
 223        39832.45918000
 224        40172.65320000
 225        40514.41342000
 226        40858.77460000
 227        41204.71953000
 228        41552.94787000
 229        41903.12421000
 230        42255.61090000
 231        42609.71222000
 232        42966.50446000
 233        43324.92929000
 234        43685.71423000
 235        44048.51025000
 236        44413.69384000
 237        44780.91139000
 238        45150.54413000
 239        45521.85948000
 240        45895.98990000
 241        46271.82142000
 242        46650.11923000
 243        47030.89973000
 244        47413.79319000
 245        47798.80899000
 246        48186.34756000
 247        48576.03214000
 248        48968.26799000
 249        49362.67366000
 250        49759.65927000
 251        50158.83867000
 252        50560.62687000
 253        50964.63299000
 254        51370.86672000
 255        51780.16306000
 256        52191.30115000
 257        52605.11848000
 258        53021.63221000
 259        53440.43713000
 260        53861.96797000
 261        54286.24202000
 262        54712.84689000
 263        55141.79256000
 264        55573.52375000
 265        56008.05791000
 266        56444.97297000
 267        56884.72115000
 268        57327.32006000
 269        57772.34031000
 270        58220.24169000
 271        58670.58989000
 272        59123.84980000
 273        59580.03926000
 274        60038.71657000
 275        60500.81636000
 276        60964.97029000
 277        61432.58274000
 278        61902.74000000
 279        62375.92483000
 280        62852.15542000
 281        63330.97267000
 282        63812.86711000
 283        64297.85706000
 284        64785.96088000
 285        65276.70945000
 286        65770.60365000
 287        66267.66201000
 288        66767.90308000
 289        67270.84762000
 290        67777.50741000
 291        68286.90286000
 292        68799.55057000
 293        69315.46934000
 294        69834.67800000
 295        70356.68202000
 296        70882.52461000
 297        71411.19526000
 298        71943.74772000
 299        72479.16112000
 300        73017.97325000
 301        73560.20329000
 302        74105.87045000
 303        74654.99401000
 304        75207.59329000
 305        75763.14787000
 306        76322.75407000
 307        76885.89422000
 308        77452.58783000
 309        78022.85446000
 310        78596.71371000
 311        79173.62944000
 312        79754.73025000
 313        80339.48277000
 314        80927.90680000
 315        81520.58871000
 316        82116.41800000
 317        82715.97845000
 318        83319.29004000
 319        83926.95017000
 320        84538.40696000
 321        85153.09774000
 322        85772.20558000
 323        86395.17062000
 324        87022.60411000
 325        87653.34711000
 326        88288.60472000
 327        88927.80636000
 328        89570.97249000
 329        90218.12362000
 330        90869.88779000
 331        91525.68364000
 332        92185.53181000
 333        92849.45300000
 334        93518.08654000
 335        94190.84019000
 336        94867.73481000
 337        95549.41821000
 338        96235.28998000
 339        96925.37110000
 340        97620.31794000
 341        98319.52187000
 342        99023.64495000
 343        99731.42928000
 344       100444.82741000
 345       101162.57869000
 346       101884.70447000
 347       102611.22611000
 348       103342.82295000
 349       104079.52497000
 350       104820.69861000
 351       105567.03189000
 352       106317.88569000
 353       107073.28168000
 354       107834.59157000
 355       108599.82069000
 356       109371.02449000
 357       110146.87480000
 358       110927.39357000
 359       111713.29210000
 360       112504.60106000
 361       113300.65601000
 362       114102.17711000
 363       114909.19519000
 364       115721.03733000
 365       116538.43251000
 366       117361.41176000
 367       118190.00616000
 368       119023.53141000
 369       119862.72835000
 370       120707.62825000
 371       121557.53821000
 372       122413.93517000
 373       123275.39918000
 374       124142.68600000
 375       125015.82721000
 376       125894.11553000
 377       126779.05757000
 378       127669.20429000
 379       128566.07424000
 380       129468.20668000
 381       130376.37840000
 382       131290.62143000
 383       132210.96783000
 384       133137.44976000
 385       134070.09941000
 386       135008.94906000
 387       135954.03104000
 388       136905.37775000
 389       137863.02164000
 390       138827.77585000
 391       139798.11473000
 392       140774.84855000
 393       141758.79965000
 394       142748.42453000
 395       143745.33834000
 396       144748.78434000
 397       145758.79549000
 398       146776.20958000
 399       147799.45321000
 400       148830.17211000
 401       149867.59473000
 402       150911.75436000
 403       151963.50432000
 404       153022.06416000
 405       154087.46734000
 406       155159.74740000
 407       156239.77019000
 408       157326.74326000
 409       158421.53873000
 410       159523.35817000
 411       160632.23543000
 412       161749.05207000
 413       162873.00063000
 414       164004.96897000
 415       165144.14358000
 416       166291.41867000
 417       167446.83779000
 418       168608.71212000
 419       169779.67475000
 420       170958.03387000
 421       172143.82401000
 422       173338.83714000
 423       174540.48116000
 424       175751.43629000
 425       176969.97990000
 426       178197.03807000
 427       179431.76073000
 428       180675.97791000
 429       181927.94220000
 430       183188.59251000
 431       184457.06650000
 432       185735.21970000
 433       187021.27976000
 434       188316.19854000
 435       189620.02098000
 436       190932.79209000
 437       192253.63099000
 438       193584.43168000
 439       194924.31659000
 440       196272.39550000
 441       197630.58177000
 442       198997.98851000
 443       200373.71614000
 444       201759.69744000
 445       203155.03617000
 446       204559.77816000
 447       205973.96927000
 448       207397.65548000
 449       208830.88285000
 450       210273.69748000
 451       211727.11648000
 452       213190.22169000
 453       214663.05948000
 454       216145.67628000
 455       217639.10249000
 456       219142.40733000
 457       220655.63748000
 458       222179.83332000
 459       223714.05458000
 460       225259.34834000
 461       226814.76798000
 462       228380.36060000
 463       229957.18329000
 464       231544.27991000
 465       233142.71429000
 466       234751.52388000
 467       236371.77926000
 468       238003.53787000
 469       239645.82755000
 470       241299.72903000
 471       242964.26374000
 472       244640.51915000
 473       246328.55315000
 474       248028.42374000
 475       249739.13949000
 476       251461.80147000
 477       253196.46793000
 478       254943.19723000
 479       256700.98504000
 480       258472.01218000
 481       260254.20835000
 482       262048.69509000
 483       263856.60737000
 484       265675.85516000
 485       267507.57028000
 486       269352.89805000
 487       271209.72862000
 488       273080.29706000
 489       274962.48028000
 490       276858.52699000
 491       278767.40384000
 492       280689.17052000
 493       282623.88680000
 494       284572.72573000
 495       286534.64087000
 496       288509.69227000
 497       290499.06344000
 498       292501.69807000
 499       294517.65653000
 500       296548.13278000
 501       298592.06064000
 502       300649.50076000
 503       302722.80137000
 504       304808.60228000
 505       306909.25535000
 506       309024.83187000
 507       311155.40323000
 508       313299.88006000
 509       315459.48800000
 510       317633.13102000
 511       319823.21300000
 512       322027.46694000
 513       324245.95456000
 514       326481.10072000
 515       328731.80305000
 516       330996.94548000
 517       333277.78203000
 518       335575.58064000
 519       337888.02674000
 520       340216.38504000
 521       342561.93422000
 522       344922.33925000
 523       347300.08828000
 524       349694.04880000
 525       352103.07446000
 526       354530.89784000
 527       356973.93342000
 528       359434.70476000
 529       361912.06248000
 530       364406.08050000
 531       366918.07353000
 532       369446.88204000
 533       371992.58026000
 534       374556.49379000
 535       377138.70767000
 536       379738.04875000
 537       382354.59173000
 538       384990.94211000
 539       387644.65825000
 540       390315.81518000
 541       393007.03997000
 542       395715.87012000
 543       398443.66406000
 544       401189.22134000
 545       403955.19784000
 546       406739.10322000
 547       409543.60782000
 548       412366.20731000
 549       415209.58655000
 550       418071.22718000
 551       420953.82858000
 552       423854.85838000
 553       426777.03049000
 554       429719.12076000
 555       432681.21669000
 556       435664.73539000
 557       438668.44232000
 558       441692.42539000
 559       444738.11286000
 560       447804.25983000
 561       450890.95456000
 562       453999.63652000
 563       457130.40505000
 564       460282.00137000
 565       463455.87617000
 566       466650.76368000
 567       469868.12210000
 568       473108.05147000
 569       476370.65199000
 570       479656.02397000
 571       482962.88419000
 572       486294.09700000
 573       489646.99212000
 574       493023.05412000
 575       496423.78230000
 576       499846.48491000
 577       503294.06347000
 578       506763.81191000
 579       510258.64665000
 580       513778.68040000
 581       517321.18555000
 582       520889.10093000
 583       524481.11213000
 584       528098.75270000
 585       531740.70118000
 586       535408.49879000
 587       539100.81697000
 588       542819.20463000
 589       546563.77584000
 590       550333.19144000
 591       554130.46898000
 592       557951.35161000
 593       561800.32544000
 594       565676.04819000
 595       569577.16291000
 596       573506.72500000
 597       577463.38152000
 598       581445.76483000
 599       585456.95310000
 600       589495.58272000
 601       593563.26396000
 602       597657.12801000
 603       601780.28351000
 604       605931.35256000
 605       610111.96103000
 606       614320.72383000
 607       618559.27467000
 608       622827.74184000
 609       627123.20522000
 610       631450.35509000
 611       635807.79971000
 612       640194.13247000
 613       644611.01059000
 614       649058.56338000
 615       653536.92032000
 616       658046.21109000
 617       662586.56551000
 618       667158.11356000
 619       671760.98544000
 620       676396.87732000
 621       681062.79180000
 622       685761.99507000
 623       690494.62937000
 624       695259.25610000
 625       700056.00646000
 626       704886.60048000
 627       709751.18114000
 628       714648.29532000
 629       719579.67503000
 630       724545.46379000
 631       729544.19755000
 632       734579.23194000
 633       739647.49164000
 634       744752.34798000
 635       749890.71069000
 636       755065.96680000
 637       760276.64186000
 638       765522.88088000
 639       770804.82905000
 640       776124.27411000
 641       781479.72698000
 642       786872.98349000
 643       792302.54723000
 644       797770.22212000
 645       803276.16609000
 646       808818.87172000
 647       814400.15513000
 648       820020.17482000
 649       825679.08951000
 650       831377.05812000
 651       837114.23975000
 652       842890.79371000
 653       848706.87953000
 654       854564.35354000
 655       860461.68682000
 656       866399.03948000
 657       872378.28019000
 658       878397.86892000
 659       884459.68257000
 660       890562.17372000
 661       896708.95146000
 662       902896.74484000
 663       909125.71540000
 664       915399.49637000
 665       921716.53357000
 666       928077.00095000
 667       934481.07267000
 668       940928.92309000
 669       947422.48224000
 670       953958.41799000
 671       960542.18348000
 672       967168.67583000
 673       973843.37230000
 674       980562.92193000
 675       987327.50059000
 676       994140.85062000
 677      1000999.59795000
 678      1007907.50120000
 679      1014861.17095000
 680      1021862.58315000
 681      1028913.72987000
 682      1036011.19855000
 683      1043160.59957000
 684      1050356.70194000
 685      1057603.32154000
 686      1064898.83771000
 687      1072247.09474000
 688      1079642.81469000
 689      1087091.68119000
 690      1094590.23169000
 691      1102142.34340000
 692      1109744.53824000
 693      1117400.70993000
 694      1125107.36487000
 695      1132868.41330000
 696      1140684.07195000
 697      1148550.82384000
 698      1156474.47509000
 699      1164451.50517000
 700      1172482.11978000
 701      1180568.40789000
 702      1188712.47491000
 703      1196910.76912000
 704      1205165.39237000
 705      1213476.56370000
 706      1221844.50240000
 707      1230271.33539000
 708      1238755.38321000
 709      1247296.86591000
 710      1255899.84292000
 711      1264558.78835000
 712      1273279.69392000
 713      1282058.94161000
 714      1290898.68865000
 715      1299799.16886000
 716      1308760.61639000
 717      1317783.26562000
 718      1326869.30338000
 719      1336017.02062000
 720      1345228.61290000
 721      1354502.36356000
 722      1363838.50837000
 723      1373239.25598000
 724      1382706.83173000
 725      1392237.53518000
 726      1401833.58814000
 727      1411495.24008000
 728      1421224.73391000
 729      1431018.33748000
 730      1440882.29294000
 731      1450810.85911000
 732      1460810.30343000
 733      1470876.87434000
 734      1481012.84122000
 735      1491218.46825000
 736      1501491.99374000
 737      1511837.73065000
 738      1522253.92205000
 739      1532742.87189000
 740      1543302.81556000
 741      1553934.01904000
 742      1564638.79966000
 743      1575417.43647000
 744      1586270.20882000
 745      1597195.33289000
 746      1608197.21155000
 747      1619274.06572000
 748      1630426.17607000
 749      1641655.90368000
 750      1652961.45800000
 751      1664343.12058000
 752      1675805.35876000
 753      1687344.28603000
 754      1698962.28600000
 755      1710659.65410000
 756      1722438.79551000
 757      1734295.79157000
 758      1746235.16180000
 759      1758257.21554000
 760      1770360.13617000
 761      1782546.35157000
 762      1794816.17207000
 763      1807169.90839000
 764      1819607.87152000
 765      1832130.37286000
 766      1844737.72411000
 767      1857432.39313000
 768      1870214.70496000
 769      1883082.82083000
 770      1896039.22229000
 771      1909084.23548000
 772      1922218.18690000
 773      1935441.40341000
 774      1948754.21219000
 775      1962159.13051000
 776      1975656.49901000
 777      1989244.46057000
 778      2002925.54626000
 779      2016700.09784000
 780      2030568.45746000
 781      2044530.96762000
 782      2058590.19069000
 783      2072744.25897000
 784      2086995.74409000
 785      2101342.77061000
 786      2115787.91946000
 787      2130333.78901000
 788      2144976.25988000
 789      2159720.17636000
 790      2174563.65635000
 791      2189507.05897000
 792      2204555.26826000
 793      2219704.13676000
 794      2234956.29562000
 795      2250312.11840000
 796      2265771.97908000
 797      2281338.53578000
 798      2297009.88812000
 799      2312788.70366000
 800      2328675.37091000
 801      2344667.97775000
 802      2360771.51126000
 803      2376984.06448000
 804      2393306.02755000
 805      2409740.10935000
 806      2426286.71386000
 807      2442943.91850000
 808      2459714.44639000
 809      2476601.03843000
 810      2493601.77331000
 811      2510717.05714000
 812      2527947.29643000
 813      2545297.60421000
 814      2562763.69918000
 815      2580350.71263000
 816      2598054.34678000
 817      2615879.75118000
 818      2633827.36113000
 819      2651895.23316000
 820      2670086.17391000
 821      2688400.62000000
 822      2706839.00854000
 823      2725401.77705000
 824      2744091.76456000
 825      2762907.01724000
 826      2781852.79363000
 827      2800924.73098000
 828      2820125.68772000
 829      2839458.54027000
 830      2858921.32835000
 831      2878516.93815000
 832      2898245.83771000
 833      2918106.05497000
 834      2938102.93573000
 835      2958234.51330000
 836      2978501.25766000
 837      2998908.55572000
 838      3019451.97962000
 839      3040134.46784000
 840      3060956.50559000
 841      3081918.57852000
 842      3103026.13348000
 843      3124274.71414000
 844      3145664.80767000
 845      3167201.88901000
 846      3188883.97486000
 847      3210714.06971000
 848      3232690.18240000
 849      3254815.32734000
 850      3277090.02137000
 851      3299517.30219000
 852      3322092.65150000
 853      3344824.16201000
 854      3367707.31206000
 855      3390745.15923000
 856      3413938.23693000
 857      3437287.07905000
 858      3460794.77158000
 859      3484461.86292000
 860      3508288.90202000
 861      3532276.43836000
 862      3556425.02198000
 863      3580737.77742000
 864      3605212.69085000
 865      3629855.47975000
 866      3654661.54854000
 867      3679636.63379000
 868      3704778.71942000
 869      3730093.57459000
 870      3755576.58352000
 871      3781230.92464000
 872      3807059.79493000
 873      3833061.17223000
 874      3859238.26371000
 875      3885591.66726000
 876      3912121.98135000
 877      3938832.44204000
 878      3965721.02101000
 879      3992790.96457000
 880      4020045.53764000
 881      4047480.05870000
 882      4075103.10861000
 883      4102907.33833000
 884      4130901.35715000
 885      4159083.13653000
 886      4187455.98588000
 887      4216017.86884000
 888      4244772.10514000
 889      4273719.34196000
 890      4302862.92308000
 891      4332200.81008000
 892      4361736.35710000
 893      4391470.22748000
 894      4421403.08528000
 895      4451535.59514000
 896      4481873.86904000
 897      4512413.14452000
 898      4543159.55315000
 899      4574111.05255000
 900      4605271.06601000
 901      4636640.28955000
 902      4668216.66902000
 903      4700009.15426000
 904      4732012.95081000
 905      4764231.52200000
 906      4796665.58095000
 907      4829318.61527000
 908      4862188.57492000
 909      4895278.95805000
 910      4928593.28198000
 911      4962129.49870000
 912      4995888.33933000
 913      5029876.13848000
 914      5064090.85029000
 915      5098533.22179000
 916      5133206.81601000
 917      5168115.21517000
 918      5203253.54718000
 919      5238628.22017000
 920      5274240.01255000
 921      5310089.70342000
 922      5346178.07265000
 923      5382508.74849000
 924      5419082.52617000
 925      5455900.20169000
 926      5492965.43340000
 927      5530276.16645000
 928      5567836.06998000
 929      5605648.83254000
 930      5643712.40151000
 931      5682030.47630000
 932      5720606.77562000
 933      5759436.35507000
 934      5798528.72797000
 935      5837881.85041000
 936      5877493.66042000
 937      5917373.72982000
 938      5957517.09939000
 939      5997930.46236000
 940      6038611.76932000
 941      6079564.81624000
 942      6120790.48230000
 943      6162292.58847000
 944      6204069.08400000
 945      6246126.75122000
 946      6288460.59067000
 947      6331080.36485000
 948      6373981.07129000
 949      6417166.57812000
 950      6460643.74713000
 951      6504407.56415000
 952      6548461.92815000
 953      6592810.75780000
 954      6637452.00600000
 955      6682392.59998000
 956      6727633.50129000
 957      6773172.66540000
 958      6819014.05309000
 959      6865161.64483000
 960      6911616.41986000
 961      6958379.35830000
 962      7005451.44117000
 963      7052836.68562000
 964      7100539.12877000
 965      7148556.73793000
 966      7196893.56149000
 967      7245547.55913000
 968      7294528.90861000
 969      7343832.52668000
 970      7393465.56715000
 971      7443426.00290000
 972      7493717.94490000
 973      7544345.52406000
 974      7595306.71607000
 975      7646605.66332000
 976      7698243.43099000
 977      7750227.28912000
 978      7802552.12014000
 979      7855225.21508000
 980      7908244.55543000
 981      7961617.46765000
 982      8015341.94000000
 983      8069425.33438000
 984      8123862.51041000
 985      8178660.85116000
 986      8233824.63403000
 987      8289351.85706000
 988      8345243.65472000
 989      8401507.48122000
 990      8458141.33767000
 991      8515152.71400000
 992      8572539.61816000
 993      8630303.21856000
 994      8688451.05152000
 995      8746984.31642000
 996      8805901.02059000
 997      8865208.74685000
 998      8924905.50951000
 999      8984998.92728000
1000      9045487.02144000
1001      9106374.22942000
1002      9167665.00911000
1003      9229357.38498000
1004      9291459.05855000
1005      9353968.06131000
1006      9416892.13083000
1007      9480226.05944000
1008      9543980.85743000
1009      9608154.57046000
1010      9672751.74764000
1011      9737773.69289000
1012      9803224.98183000
1013      9869106.93528000
1014      9935420.87512000
1015     10002174.69482000
1016     10069363.16769000
1017     10136997.50389000
1018     10205075.77400000
1019     10273599.33505000
1020     10342576.16415000
1021     10412004.33558000
1022     10481891.86299000
1023     10552236.82793000
1024     10623043.95163000
1025     10694314.64213000
1026     10766056.98648000
1027     10838265.73703000
1028     10910952.35140000
1029     10984114.93313000
1030     11057758.28425000
1031     11131883.86430000
1032     11206496.50225000
1033     11281597.67493000
1034     11357192.23846000
1035     11433281.68685000
1036     11509870.90334000
1037     11586961.39927000
1038     11664558.08507000
1039     11742662.48940000
1040     11821279.54989000
1041     11900410.81261000
1042     11980057.82495000
1043     12060228.98049000
1044     12140925.85890000
1045     12222150.04109000
1046     12303903.10943000
1047     12386193.53196000
1048     12469022.92331000
1049     12552392.89958000
1050     12636308.53514000
1051     12720771.46367000
1052     12805786.78711000
1053     12891356.15668000
1054     12977488.17882000
1055     13064181.05546000
1056     13151439.94373000
1057     13239270.02205000
1058     13327672.99340000
1059     13416650.56210000
1060     13506211.44740000
1061     13596357.38636000
1062     13687086.60086000
1063     13778411.38095000
1064     13870333.49790000
1065     13962851.19296000
1066     14055973.29867000
1067     14149705.14738000
1068     14244044.99975000
1069     14338998.20103000
1070     14434570.11810000
1071     14530766.13926000
1072     14627588.10774000
1073     14725041.43996000
1074     14823127.99717000
1075     14921853.22396000
1076     15021218.99970000
1077     15121234.38872000
1078     15221897.70703000
1079     15323214.45543000
1080     15425193.76324000
1081     15527833.96617000
1082     15631140.61510000
1083     15735119.28250000
1084     15839771.93586000
1085     15945107.80790000
1086     16051125.26258000
1087     16157829.92926000
1088     16265227.45908000
1089     16373323.52498000
1090     16482120.16468000
1091     16591623.07963000
1092     16701834.32603000
1093     16812763.30622000
1094     16924408.43278000
1095     17036779.14681000
1096     17149877.55670000
1097     17263709.46512000
1098     17378280.69667000
1099     17493589.69272000
1100     17609649.70688000
1101     17726459.20418000
1102     17844024.06703000
1103     17962350.19960000
1104     18081443.52839000
1105     18201302.53571000
1106     18321940.63799000
1107     18443360.08475000
1108     18565563.12733000
1109     18688555.77228000
1110     18812344.04831000
1111     18936930.24283000
1112     19062324.18238000
1113     19188524.41473000
1114     19315544.58487000
1115     19443379.48066000
1116     19572042.79675000
1117     19701536.90809000
1118     19831867.99102000
1119     19963034.63525000
1120     20095050.65025000
1121     20227918.46479000
1122     20361640.50946000
1123     20496226.86677000
1124     20631680.00197000
1125     20768006.21749000
1126     20905211.83825000
1127     21043299.36614000
1128     21182275.15580000
1129     21322149.43995000
1130     21462920.91193000
1131     21604599.84449000
1132     21747188.81126000
1133     21890698.14054000
1134     22035126.55951000
1135     22180488.32312000
1136     22326782.18327000
1137     22474014.66713000
1138     22622196.22663000
1139     22771329.54252000
1140     22921417.29782000
1141     23072473.93027000
1142     23224498.25075000
1143     23377500.83538000
1144     23531484.43755000
1145     23686455.75118000
1146     23842417.54950000
1147     23999384.45384000
1148     24157359.28842000
1149     24316344.87972000
1150     24476348.02048000
1151     24637379.49596000
1152     24799442.18580000
1153     24962542.95185000
1154     25126688.67883000
1155     25291886.27457000
1156     25458142.67001000
1157     25625460.81847000
1158     25793851.68724000
1159     25963318.26549000
1160     26133871.57722000
1161     26305514.64743000
1162     26478254.53018000
1163     26652102.33464000
1164     26827057.10282000
1165     27003134.02726000
1166     27180332.17565000
1167     27358666.80802000
1168     27538137.01774000
1169     27718754.06930000
1170     27900525.20276000
1171     28083457.68187000
1172     28267554.71476000
1173     28452827.68010000
1174     28639283.91192000
1175     28826926.67290000
1176     29015771.52760000
1177     29205813.58095000
1178     29397072.56019000
1179     29589547.70111000
1180     29783250.58383000
1181     29978184.58062000
1182     30174361.32911000
1183     30371788.37510000
1184     30570473.28773000
1185     30770419.51292000
1186     30971638.80399000
1187     31174142.95897000
1188     31377931.33190000
1189     31583015.76291000
1190     31789403.96382000
1191     31997103.66990000
1192     32206126.82449000
1193     32416472.84778000
1194     32628162.11487000
1195     32841189.88828000
1196     33055572.41740000
1197     33271317.59680000
1198     33488429.12893000
1199     33706923.38262000
1200     33926799.88736000
1201     34148070.84937000
1202     34370748.52007000
1203     34594836.71165000
1204     34820347.73420000
1205     35047285.43754000
1206     35275657.93222000
1207     35505481.88062000
1208     35736761.20471000
1209     35969504.10374000
1210     36203723.08084000
1211     36439422.11460000
1212     36676613.76737000
1213     36915306.35124000
1214     37155508.20282000
1215     37397231.98919000
1216     37640481.79992000
1217     37885270.36156000
1218     38131606.12416000
1219     38379497.56211000
1220     38628957.50706000
1221     38879990.16033000
1222     39132608.41322000
1223     39386825.20317000
1224     39642644.80478000
1225     39900080.21530000
1226     40159135.74785000
1227     40419828.82977000
1228     40682168.20471000
1229     40946158.25966000
1230     41211816.54438000
1231     41479147.50060000
1232     41748159.97064000
1233     42018871.62674000
1234     42291286.98499000
1235     42565419.39148000
1236     42841277.81991000
1237     43118871.26902000
1238     43398213.19151000
1239     43679312.65216000
1240     43962178.74023000
1241     44246825.01583000
1242     44533260.63461000
1243     44821499.23341000
1244     45111550.03419000
1245     45403422.28368000
1246     45697129.72653000
1247     45992681.67583000
1248     46290087.47021000
1249     46589360.96180000
1250     46890516.05005000
1251     47193562.18117000
1252     47498504.32164000
1253     47805365.48381000
1254     48114146.19042000
1255     48424869.55305000
1256     48737536.13966000
1257     49052164.62919000
1258     49368760.15618000
1259     49687346.03167000
1260     50007922.91422000
1261     50330509.66048000
1262     50655116.07723000
1263     50981756.56175000
1264     51310436.41780000
1265     51641179.25599000
1266     51973985.87218000
1267     52308875.39033000
1268     52645862.41202000
1269     52984952.39110000
1270     53326164.59421000
1271     53669504.53195000
1272     54014996.17488000
1273     54362640.48752000
1274     54712456.91617000
1275     55064460.34629000
1276     55418656.43963000
1277     55775069.42669000
1278     56133700.39632000
1279     56494573.68013000
1280     56857690.41342000
1281     57223079.69243000
1282     57590742.71509000
1283     57960694.68438000
1284     58332955.53050000
1285     58707535.88361000
1286     59084451.09073000
1287     59463711.85080000
1288     59845328.88899000
1289     60229327.07797000
1290     60615712.53240000
1291     61004505.52530000
1292     61395712.22957000
1293     61789357.73832000
1294     62185443.56474000
1295     62583999.64452000
1296     62985027.55443000
1297     63388547.85821000
1298     63794576.43344000
1299     64203124.44415000
1300     64614212.61650000
1301     65027847.42742000
1302     65444054.47379000
1303     65862845.09198000
1304     66284230.64574000
1305     66708232.11572000
1306     67134860.95212001
1307     67564138.24454001
1308     67996070.71775000
1309     68430684.37146001
1310     68867990.82939000
1311     69308006.57088000
1312     69750748.12418000
1313     70196227.22705001
1314     70644465.33502001
1315     71095479.12372001
1316     71549280.46217000
1317     72005895.83186001
1318     72465327.47100000
1319     72927606.83848999
1320     73392741.11633000
1321     73860747.26015000
1322     74331647.16445000
1323     74805457.90025000
1324     75282196.58833000
1325     75761875.49281999
1326     76244516.72883999
1327     76730137.56612000
1328     77218760.24724001
1329     77710392.30074000
1330     78205056.06340000
1331     78702773.94399001
1332     79203558.53259000
1333     79707427.39826000
1334     80214408.07289000
1335     80724508.33440000
1336     81237750.86977001
1337     81754153.46450999
1338     82273738.93402000
1339     82796520.19644000
1340     83322520.17847000
1341     83851756.88361000
1342     84384248.36584000
1343     84920017.73646000
1344     85459078.15432000
1345     86001457.86115000
1346     86547165.09838000
1347     87096228.23139000
1348     87648665.65050000
1349     88204495.79682000
1350     88763737.16230001
1351     89326413.34135000
1352     89892542.94423001
1353     90462149.69523001
1354     91035247.25398999
1355     91611864.53238000
1356     92192015.29786000
1357     92775723.51756001
1358     93363008.14121000
1359     93953893.26640999
1360     94548397.96159001
1361     95146546.45541000
1362     95748352.82122999
1363     96353851.64106999
1364     96963051.98794000
1365     97575983.46625000
1366     98192665.50305000
1367     98813117.57663000
1368     99437364.36543000
1369    100065430.62187999
1370    100697336.01278000
1371    101333100.25689000
1372    101972753.46648000
1373    102616310.32099999
1374    103263801.07585000
1375    103915245.70755000
1376    104570664.24462999
1377    105230087.16616000
1378    105893529.43343000
1379    106561026.88003001
1380    107232589.37791000
1381    107908247.69351999
1382    108588027.46348999
1383    109271949.16599999
1384    109960038.57031000
1385    110652321.52114999
1386    111348818.68723001
1387    112049561.30286001
1388    112754564.91401000
1389    113463866.16720000
1390    114177480.73638999
1391    114895434.88313000
1392    115617760.22979000
1393    116344477.91576999
1394    117075614.42930000
1395    117811191.03278001
1396    118551244.96390000
1397    119295787.01496001
1398    120044859.90025000
1399    120798474.53000000
1400    121556673.80395000
1401    122319468.75006001
1402    123086897.11262000
1403    123858975.36764000
1404    124635746.78810000
1405    125417222.63758001
1406    126203435.64613999
1407    126994418.64338000
1408    127790199.18245000
1409    128590794.12721001
1410    129396241.92529000
1411    130206570.35840000
1412    131021801.88625000
1413    131841969.83185001
1414    132667102.20764001
1415    133497227.10262001
1416    134332378.10523000
1417    135172572.61927000
1418    136017855.24911001
1419    136868243.54679000
1420    137723771.43184999
1421    138584472.92409000
1422    139450371.22962999
1423    140321500.53433001
1424    141197889.65594000
1425    142079567.48960999
1426    142966568.48835000
1427    143858921.71966001
1428    144756661.82058999
1429    145659818.03128001
1430    146568414.16598001
1431    147482490.62218001
1432    148402076.89043000
1433    149327208.06070000
1434    150257908.27035001
1435    151194218.30950001
1436    152136162.47769001
1437    153083781.76168999
1438    154037100.62349999
1439    154996160.24702999
1440    155960990.81810001
1441    156931622.60120001
1442    157908091.51201999
1443    158890427.98949999
1444    159878673.72108999
1445    160872859.33708999
1446    161873015.54773000
1447    162879178.74412000
1448    163891385.41931999
1449    164909672.16859001
1450    165934064.45003000
1451    166964610.28077000
1452    168001340.93142000
1453    169044282.11528000
1454    170093487.81766000
1455    171148978.30188999
1456    172210796.48389000
1457    173278979.74498001
1458    174353559.90270999
1459    175434580.19997001
1460    176522072.64807999
1461    177616075.02392000
1462    178716625.20605001
1463    179823766.87389001
1464    180937532.42873001
1465    182057954.35284001
1466    183185082.34838000
1467    184318949.11094001
1468    185459593.14072999
1469    186607053.04172999
1470    187761367.52274001
1471    188922581.13881001
1472    190090727.07415000
1473    191265850.10466000
1474    192447983.61136001
1475    193637178.35620999
1476    194833462.16224000
1477    196036886.02436000
1478    197247483.73514000
1479    198465306.53907999
1480    199690382.64853999
1481    200922763.54062000
1482    202162483.42210001
1483    203409588.20701000
1484    204664123.93867001
1485    205926130.96390000
1486    207195643.90320000
1487    208472714.96959999
1488    209757384.84362999
1489    211049700.15961999
1490    212349695.97082999
1491    213657424.99544001
1492    214972928.37178001
1493    216296247.34209001
1494    217627429.13459000
1495    218966521.10637000
1496    220313564.85422999
1497    221668607.97683999
1498    223031692.30057999
1499    224402865.66644001
1500    225782176.04545000
1501    227169671.53911999
1502    228565394.45252001
1503    229969387.19720000
1504    231381710.10552001
1505    232802399.91286999
1506    234231511.28637001
1507    235669081.18024001
1508    237115170.47903001
1509    238569822.34351000
1510    240033086.01429999
1511    241505004.88317999
1512    242985634.42171001
1513    244475024.26389000
1514    245973224.17546999
1515    247480278.05028999
1516    248996247.91815001
1517    250521171.92629999
1518    252055106.37046999
1519    253598101.67447999
1520    255150208.39443001
1521    256711483.25720999
1522    258281971.05622000
1523    259861728.79414999
1524    261450807.57403001
1525    263049264.69402000
1526    264657139.40044999
1527    266274501.40248999
1528    267901396.28639999
1529    269537881.92321002
1530    271184004.15460998
1531    272839827.22810000
1532    274505397.25698000
1533    276180778.79787999
1534    277866018.23609000
1535    279561180.43738002
1536    281266318.18945998
1537    282981478.27801001
1538    284706732.16474998
1539    286442126.92777997
1540    288187722.06182998
1541    289943577.21825999
1542    291709752.20896000
1543    293486294.65921003
1544    295273277.01593000
1545    297070747.19765002
1546    298878771.80269003
1547    300697405.22000998
1548    302526708.17613000
1549    304366741.55647999
1550    306217566.40407997
1551    308079243.92306000
1552    309951835.47583002
1553    311835396.35259002
1554    313730000.69176000
1555    315635697.86549002
1556    317552556.10648000
1557    319480637.57516003
1558    321420004.59239000
1559    323370719.63862002
1560    325332845.35544002
1561    327306457.10531998
1562    329291605.31270999
1563    331288359.39254999
1564    333296782.64598000
1565    335316951.14444000
1566    337348915.92585999
1567    339392753.40783000
1568    341448521.24852997
1569    343516296.23039001
1570    345596136.34073001
1571    347688118.72672999
1572    349792301.70591998
1573    351908762.79074001
1574    354037566.98725998
1575    356178779.46293002
1576    358332471.91781002
1577    360498716.24071002
1578    362677578.12096000
1579    364869136.19194001
1580    367073450.10891998
1581    369290598.87312001
1582    371520655.28788000
1583    373763692.34556001
1584    376019776.80311000
1585    378288975.58232999
1586    380571381.49918997
1587    382867048.99654001
1588    385176064.85838002
1589    387498490.29962999
1590    389834418.96221000
1591    392183905.96809000
1592    394547038.90266001
1593    396923892.63836998
1594    399314542.23452997
1595    401719062.94116998
1596    404137536.69002002
1597    406570032.62687999
1598    409016633.07534999
1599    411477420.57170999
1600    413952471.34840000
1601    416441861.82754999
1602    418945675.15311998
1603    421463988.14407998
1604    423996884.35444999
1605    426544441.00379997
1606    429106742.05611002
1607    431683871.69238001
1608    434275914.30751997
1609    436882941.36412001
1610    439505044.23166001
1611    442142307.93373001
1612    444794811.11673999
1613    447462645.81603998
1614    450145884.49374002
1615    452844626.22214001
1616    455558950.48830003
1617    458288936.97113001
1618    461034685.42949998
1619    463796275.98128998
1620    466573795.58042002
1621    469367331.39582002
1622    472176977.46913999
1623    475002821.42255002
1624    477844944.43145001
1625    480703447.87993997
1626    483578420.06330001
1627    486469942.80984002
1628    489378118.21485001
1629    492303035.24523997
1630    495244783.08785999
1631    498203457.85870999
1632    501179149.19990999
1633    504171953.69541001
1634    507181968.17308998
1635    510209282.96951002
1636    513253995.38295001
1637    516316196.20828998
1638    519395989.96658999
1639    522493474.68900001
1640    525608735.12022001
1641    528741883.28780001
1642    531893011.18066001
1643    535062217.79258001
1644    538249595.57070994
1645    541455257.57494998
1646    544679296.75100005
1647    547921819.88577998
1648    551182920.40397000
1649    554462705.59750998
1650    557761276.19944000
1651    561078733.19272006
1652    564415184.64435995
1653    567770732.04911995
1654    571145484.00027001
1655    574539535.64671004
1656    577953009.81991005
1657    581385995.31737006
1658    584838608.64444005
1659    588310959.72205997
1660    591803151.85314000
1661    595315288.58984005
1662    598847487.53705001
1663    602399859.69096994
1664    605972502.49083996
1665    609565541.28513002
1666    613179087.89333999
1667    616813240.53921998
1668    620468125.43406999
1669    624143848.27199996
1670    627840521.95375001
1671    631558266.61196005
1672    635297195.71415997
1673    639057423.00528002
1674    642839062.50419998
1675    646642242.47663999
1676    650467063.54881001
1677    654313661.56298006
1678    658182137.69196999
1679    662072621.37542999
1680    665985235.36623001
1681    669920088.67217004
1682    673877311.63971996
1683    677857027.90930998
1684    681859354.38310003
1685    685884408.23915994
1686    689932328.09679997
1687    694003231.74905002
1688    698097237.26734996
1689    702214477.14515996
1690    706355084.20920002
1691    710519170.35476005
1692    714706876.10361004
1693    718918321.03281999
1694    723153632.10731995
1695    727412950.81730998
1696    731696404.77498996
1697    736004114.77472997
1698    740336216.15046000
1699    744692851.70318997
1700    749074143.16392004
1701    753480226.84277999
1702    757911239.38072002
1703    762367310.58942997
1704    766848584.92269003
1705    771355185.67137003
1706    775887265.12941003
1707    780444954.41235006
1708    785028392.13969004
1709    789637710.06272995
1710    794273061.85801005
1711    798934579.95265996
1712    803622411.51591003
1713    808336689.63151002
1714    813077569.38110006
1715    817845184.52277005
1716    822639676.36556995
1717    827461208.30655003
1718    832309907.86926997
1719    837185924.65301001
1720    842089415.88524997
1721    847020517.35569000
1722    851979387.00970995
1723    856966168.60324001
1724    861981020.81849003
1725    867024088.12548006
1726    872095522.63422000
1727    877195476.82345998
1728    882324110.84942997
1729    887481570.60848999
1730    892668016.99889004
1731    897883603.96986997
1732    903128485.83350003
1733    908402817.26727998
1734    913706768.03189003
1735    919040493.56874001
1736    924404149.69164002
1737    929797892.57339001
1738    935221900.90769005
1739    940676316.87712002
1740    946161319.96465003
1741    951677060.48336995
1742    957223718.72443998
1743    962801445.75969005
1744    968410415.26795995
1745    974050801.35044003
1746    979722756.21627998
1747    985426462.18605006
1748    991162087.12962997
1749    996929799.31070995
1750   1002729774.84572995
1751   1008562175.33961999
1752   1014427185.18472004
1753   1020324974.26244998
1754   1026255727.82072997
1755   1032219601.58167005
1756   1038216796.60971999
1757   1044247469.43132997
1758   1050311814.48163998
1759   1056410004.11167002
1760   1062542226.12052000
1761   1068708653.69143999
1762   1074909467.94200993
1763   1081144865.50602007
1764   1087415013.28483009
1765   1093720116.34037995
1766   1100060342.41828990
1767   1106435889.91457009
1768   1112846950.12994003
1769   1119293699.64529991
1770   1125776338.21162009
1771   1132295058.46026993
1772   1138850045.87238002
1773   1145441493.96324992
1774   1152069604.31797004
1775   1158734563.75307012
1776   1165436567.14252996
1777   1172175825.08294010
1778   1178952518.11071992
1779   1185766857.75359988
1780   1192619040.73954010
1781   1199509264.24748993
1782   1206437733.58195996
1783   1213404654.52338004
1784   1220410233.33940005
1785   1227454661.39761996
1786   1234538153.58191991
1787   1241660925.28402996
1788   1248823169.27802992
1789   1256025109.62717009
1790   1263266947.76955009
1791   1270548893.32347012
1792   1277871164.12689996
1793   1285233978.52579999
1794   1292637539.88575006
1795   1300082067.53225994
1796   1307567781.30646992
1797   1315094901.55540991
1798   1322663641.36863995
1799   1330274222.09978008
1800   1337926865.61264992
1801   1345621802.07660007
1802   1353359238.80332994
1803   1361139414.78743005
1804   1368962546.14994001
1805   1376828872.95952010
1806   1384738604.54666996
1807   1392691982.03055000
1808   1400689239.25964999
1809   1408730602.78123999
1810   1416816299.65410995
1811   1424946573.17000008
1812   1433121651.45619988
1813   1441341771.03520989
1814   1449607176.83778000
1815   1457918098.60836005
1816   1466274774.48896003
1817   1474677458.96509004
1818   1483126383.40454006
1819   1491621795.51558995
1820   1500163935.66141009
1821   1508753052.66880989
1822   1517389395.93986011
1823   1526073207.51285005
1824   1534804745.85452008
1825   1543584254.13474989
1826   1552411984.02546000
1827   1561288195.72974992
1828   1570213134.12150002
1829   1579187060.56451011
1830   1588210237.02708006
1831   1597282918.09030008
1832   1606405358.91226006
1833   1615577823.22180009
1834   1624800575.35581994
1835   1634073880.25165009
1836   1643398003.44938993
1837   1652773203.06253004
1838   1662199753.85650992
1839   1671677915.13696003
1840   1681207970.93818998
1841   1690790189.83958006
1842   1700424841.02336001
1843   1710112202.34865999
1844   1719852536.15894008
1845   1729646137.69520998
1846   1739493278.62706995
1847   1749394239.32475996
1848   1759349292.68969989
1849   1769358736.55397010
1850   1779422845.09190011
1851   1789541901.21513009
1852   1799716204.71319008
1853   1809946031.67487001
1854   1820231666.93191004
1855   1830573420.39018011
1856   1840971570.06983995
1857   1851426419.06799006
1858   1861938254.84822011
1859   1872507381.85617995
1860   1883134088.86929011
1861   1893818689.86074996
1862   1904561466.75475001
1863   1915362743.08483005
1864   1926222810.30517006
1865   1937141985.14931989
1866   1948120560.41230011
1867   1959158854.21150994
1868   1970257177.14792991
1869   1981415840.52238989
1870   1992635156.32890010
1871   2003915437.25978994
1872   2015257004.96090007
1873   2026660181.80147004
1874   2038125274.33126998
1875   2049652622.88673997
1876   2061242527.15380001
1877   2072895328.92781997
1878   2084611354.17902994
1879   2096390921.30493999
1880   2108234357.71319008
1881   2120142008.17227006
1882   2132114201.58908010
1883   2144151267.58806992
1884   2156253536.52697992
1885   2168421364.53340006
1886   2180655075.12733984
1887   2192955009.25335979
1888   2205321516.97893000
1889   2217754940.78507996
1890   2230255632.28210020
1891   2242823927.10299015
1892   2255460178.39055014
1893   2268164740.07861996
1894   2280937966.88450003
1895   2293780205.89629984
1896   2306691830.22997999
1897   2319673171.70193005
1898   2332724613.44089985
1899   2345846514.12204981
1900   2359039224.76564980
1901   2372303114.05846977
1902   2385638559.96398020
1903   2399045915.89514017
1904   2412525569.91425991
1905   2426077877.04045010
1906   2439703227.00539017
1907   2453401984.93276978
1908   2467174533.73392010
1909   2481021248.67170000
1910   2494942522.84548998
1911   2508938724.67679024
1912   2523010248.95761013
1913   2537157474.29084015
1914   2551380805.72400999
1915   2565680623.56921005
1916   2580057317.50722980
1917   2594511286.63972998
1918   2609042930.94377995
1919   2623652651.27539015
1920   2638340840.78891993
1921   2653107902.08264017
1922   2667954247.22377014
1923   2682880280.59542990
1924   2697886407.44980001
1925   2712973033.93043995
1926   2728140584.30670023
1927   2743389466.52513981
1928   2758720098.05104017
1929   2774132897.26399994
1930   2789628292.10070992
1931   2805206694.12955999
1932   2820868533.12572002
1933   2836614239.80791998
1934   2852444228.48440981
1935   2868358949.07396984
1936   2884358826.43698978
1937   2900444303.72477007
1938   2916615798.96697998
1939   2932873765.91099977
1940   2949218650.58619022
1941   2965650882.55422020
1942   2982170927.20777988
1943   2998779207.29014015
1944   3015476198.89063978
1945   3032262335.40626001
1946   3049138077.42545986
1947   3066103886.54254007
1948   3083160225.34778023
1949   3100307539.88358021
1950   3117546303.49827003
1951   3134876981.77751017
1952   3152300041.31220007
1953   3169815958.50004005
1954   3187425193.16393995
1955   3205128232.54324007
1956   3222925547.30005980
1957   3240817617.93654013
1958   3258804934.82215977
1959   3276887962.86484003
1960   3295067212.20923996
1961   3313343149.82405996
1962   3331716279.12923002
1963   3350187095.76173019
1964   3368756087.54959011
1965   3387423761.13382006
1966   3406190615.35380983
1967   3425057150.12144995
1968   3444023866.41796017
1969   3463091284.12189007
1970   3482259906.38816023
1971   3501530246.38576984
1972   3520902827.30532980
1973   3540378155.58647013
1974   3559956765.58540010
1975   3579639165.94598007
1976   3599425884.32143021
1977   3619317458.44702005
1978   3639314409.27722979
1979   3659417276.83027983
1980   3679626593.29443979
1981   3699942900.99007988
1982   3720366725.38031006
1983   3740898638.10236979
1984   3761539157.91866016
1985   3782288849.80421019
1986   3803148252.84914017
1987   3824117934.39886999
1988   3845198444.93045998
1989   3866390345.12804985
1990   3887694196.87733984
1991   3909110563.25781012
1992   3930640008.53905010
1993   3952283107.26386976
1994   3974040435.20700979
1995   3995912560.26226997
1996   4017900069.73119020
1997   4040003533.95260000
1998   4062223551.79250002
1999   4084560686.92988014
2000   4107015558.97836018
2001   4129588734.08187008
2002   4152280825.26284981
2003   4175092419.41509008
2004   4198024122.96577978
2005   4221076534.47653008
2006   4244250262.93132019
2007   4267545927.77152014
2008   4290964122.21461010
2009   4314505477.47461987
2010   4338170607.69655991
2011   4361960137.54617977
2012   4385874683.78020954
2013   4409914873.66306973
2014   4434081345.01667023
2015   4458374727.77225018
2016   4482795653.17792988
2017   4507344763.05757999
2018   4532022700.58600044
2019   4556830119.53732967
2020   4581767656.54681969
2021   4606835968.11783981
2022   4632035712.13045025
2023   4657367538.56692982
2024   4682832108.04705048
2025   4708430091.88856030
2026   4734162162.81159019
2027   4760028976.32371998
2028   4786031207.94085979
2029   4812169543.91022015
2030   4838444662.58862972
2031   4864857234.41897011
2032   4891407968.60820007
2033   4918097529.11283970
2034   4944926628.03896046
2035   4971895960.27443027
2036   4999006212.76937008
2037   5026258102.05253029
2038   5053652317.97424030
2039   5081189589.41378975
2040   5108870618.55972958
2041   5136696127.88381958
2042   5164666831.93305969
2043   5192783446.75792980
2044   5221046718.16794968
2045   5249457355.79868031
2046   5278016108.51056004
2047   5306723707.84554005
2048   5335580896.29572964
2049   5364588408.45223999
2050   5393746999.35593987
2051   5423057425.61968040
2052   5452520426.45561981
2053   5482136771.08076000
2054   5511907230.30889034
2055   5541832548.03404045
2056   5571913498.22640038
2057   5602150865.96551037
2058   5632545418.91919994
2059   5663097945.40561008
2060   5693809216.28740978
2061   5724680013.55757046
2062   5755711149.50045967
2063   5786903409.39805031
2064   5818257580.13156986
2065   5849774478.93933010
2066   5881454915.17835999
2067   5913299680.68025970
2068   5945309597.69357014
2069   5977485490.16676044
2070   6009828164.51756001
2071   6042338457.67455006
2072   6075017198.67667007
2073   6107865218.26025009
2074   6140883348.85982037
2075   6174072434.26935005
2076   6207433320.01729965
2077   6240966853.37401009
2078   6274673893.00858974
2079   6308555289.67977047
2080   6342611895.87796974
2081   6376844585.22558975
2082   6411254233.14151955
2083   6445841707.12491989
2084   6480607876.45841980
2085   6515553621.90717983
2086   6550679845.49341965
2087   6585987421.88731956
2088   6621477247.02480984
2089   6657150218.67329979
2090   6693007246.18589973
2091   6729049221.23620987
2092   6765277066.64023018
2093   6801691687.52954006
2094   6838294010.44869995
2095   6875084954.04771042
2096   6912065448.63167000
2097   6949236416.60604000
2098   6986598811.66660976
2099   7024153560.02787018
2100   7061901609.40818977
2101   7099843919.28485012
2102   7137981421.59356022
2103   7176315099.36120033
2104   7214845898.20829010
2105   7253574785.40674019
2106   7292502740.02702999
2107   7331630743.15270042
2108   7370959758.09164047
2109   7410490789.63768959
2110   7450224814.94480038
2111   7490162832.95197010
2112   7530305834.70691013
2113   7570654833.08613968
2114   7611210843.02143002
2115   7651974861.63356972
2116   7692947907.94873047
2117   7734131022.89340973
2118   7775525209.75251961
2119   7817131513.60894966
2120   7858950981.68758011
2121   7900984633.41596985
2122   7943233520.18803978
2123   7985698715.49285030
2124   8028381245.03090954
2125   8071282186.56188011
2126   8114402609.99569035
2127   8157743577.39017010
2128   8201306162.97751045
2129   8245091453.12744999
2130   8289100536.45390987
2131   8333334503.70963955
2132   8377794437.81896973
2133   8422481454.02474022
2134   8467396649.69696999
2135   8512541154.60583019
2136   8557916060.50154972
2137   8603522501.62882042
2138   8649361604.42067909
2139   8695434497.58176994
2140   8741742322.16286087
2141   8788286221.50868034
2142   8835067331.12882042
2143   8882086829.30797958
2144   8929345846.02511978
2145   8976845564.20852089
2146   9024587148.85404015
2147   9072571767.29648972
2148   9120800619.67840958
2149   9169274857.68374062
2150   9217995706.53488922
2151   9266964342.98401070
2152   9316181976.69959068
2153   9365649809.53689957
2154   9415369055.98246956
2155   9465340932.91246033
2156   9515566669.86167908
2157   9566047498.81332016
2158   9616784654.17210960
2159   9667779362.59708977
2160   9719032894.12591934
2161   9770546480.34266090
2162   9822321396.28841972
2163   9874358888.74934006
2164   9926660248.09540939
2165   9979226736.37244034
2166  10032059638.73077965
2167  10085160242.87807083
2168  10138529839.04141998
2169  10192169730.34247017
2170  10246081232.77573967
2171  10300265633.98723984
2172  10354724275.80172920
2173  10409458461.36898994
2174  10464469527.43878937
2175  10519758813.39521980
2176  10575327661.26803970
2177  10631177415.75461006
2178  10687309434.57056046
2179  10743725067.70265961
2180  10800425699.01279068
2181  10857412683.86697006
2182  10914687411.51091957
2183  10972251263.54801941
2184  11030105634.67728996
2185  11088251911.93333054
2186  11146691516.39100075
2187  11205425851.03086090
2188  11264456332.03440094
2189  11323784388.82158089
2190  11383411432.67873001
2191  11443338930.03459930
2192  11503568297.81398964
2193  11564101008.11572075
2194  11624938504.47739029
2195  11686082243.73397064
2196  11747533706.60910034
2197  11809294376.73333931
2198  11871365719.57500076
2199  11933749235.07053947
2200  11996446415.54680061
2201  12059458766.80054092
2202  12122787808.11331940
2203  12186435040.63145065
2204  12250402000.09785080
2205  12314690214.72110939
2206  12379301226.23525047
2207  12444236568.82892990
2208  12509497811.43814087
2209  12575086494.25768089
2210  12641004202.93420982
2211  12707252494.32636070
2212  12773832960.20935059
2213  12840747174.19836998
2214  12907996744.88939095
2215  12975583273.32018089
2216  13043508374.35362053
2217  13111773644.62118912
2218  13180380726.56344986
2219  13249331244.42136002
2220  13318626836.28944969
2221  13388269154.12929916
2222  13458259842.42396927
2223  13528600570.20902061
2224  13599293009.80964088
2225  13670338826.02162933
2226  13741739708.34654999
2227  13813497349.54677963
2228  13885613445.65975952
2229  13958089706.74868011
2230  14030927856.94055939
2231  14104129591.41017914
2232  14177696673.22312927
2233  14251630814.95745087
2234  14325933764.84563065
2235  14400607296.09325981
2236  14475653152.94062042
2237  14551073104.55106926
2238  14626868945.17946053
2239  14703042440.05713081
2240  14779595390.28598976
2241  14856529600.45399094
2242  14933846878.59590912
2243  15011549047.10087967
2244  15089637931.86517906
2245  15168115351.42823982
2246  15246983171.26095009
2247  15326243216.98274994
2248  15405897372.08019066
2249  15485947501.91090012
2250  15566395464.50661087
2251  15647243154.16239929
2252  15728492468.82607079
2253  15810145310.07132912
2254  15892203583.12840080
2255  15974669196.87159920
2256  16057544096.64514923
2257  16140830209.63632011
2258  16224529488.63314056
2259  16308643868.22664070
2260  16393175330.57778931
2261  16478125839.69845963
2262  16563497363.34561920
2263  16649291917.01349068
2264  16735511465.03815079
2265  16822158041.55057907
2266  16909233651.50724030
2267  16996740314.72005081
2268  17084680076.92967987
2269  17173054965.66813087
2270  17261867045.49390030
2271  17351118362.77614975
2272  17440811012.00490952
2273  17530947047.40314102
2274  17621528571.42499924
2275  17712557690.46686172
2276  17804036492.79391098
2277  17895967103.90760040
2278  17988351642.25873184
2279  18081192263.64125061
2280  18174491094.56901169
2281  18268250299.01224899
2282  18362472045.00033951
2283  18457158493.54434967
2284  18552311843.22745895
2285  18647934285.59703827
2286  18744028016.37955093
2287  18840595246.60689926
2288  18937638213.85361099
2289  19035159137.59085083
2290  19133160275.01182175
2291  19231643865.22776031
2292  19330612173.92116165
2293  19430067482.35757828
2294  19530012076.04418945
2295  19630448233.61936188
2296  19731378260.43582153
2297  19832804488.74131012
2298  19934729221.38991928
2299  20037154810.60832977
2300  20140083590.55992126
2301  20243517922.31274033
2302  20347460171.39886856
2303  20451912707.79883957
2304  20556877928.52550888
2305  20662358212.50722885
2306  20768355988.38637924
2307  20874873666.73696899
2308  20981913685.31105042
2309  21089478475.08549118
2310  21197570482.97166061
2311  21306192171.78049850
2312  21415346031.67681885
2313  21525034534.78964996
2314  21635260169.22494888
2315  21746025450.46688843
2316  21857332898.81016922
2317  21969185039.15232849
2318  22081584401.20660019
2319  22194533542.19258118
2320  22308035035.53253174
2321  22422091436.61259079
2322  22536705339.87842941
2323  22651879333.18532944
2324  22767616032.10858154
2325  22883918057.14847946
2326  23000788045.07659912
2327  23118228614.72261047
2328  23236242447.10961914
2329  23354832182.39273834
2330  23474000511.51556015
2331  23593750130.52180099
2332  23714083728.94855881
2333  23835004035.81140900
2334  23956513750.74626160
2335  24078615624.42683029
2336  24201312412.66807175
2337  24324606864.90488815
2338  24448501758.73192978
2339  24572999888.46197891
2340  24698104030.46289825
2341  24823817024.17575836
2342  24950141667.88970947
2343  25077080799.91804886
2344  25204637275.38925934
2345  25332813954.76826859
2346  25461613703.72845840
2347  25591039416.61251831
2348  25721093981.36484146
2349  25851780314.62091827
2350  25983101338.39025116
2351  26115059991.70835876
2352  26247659207.42913818
2353  26380901970.40245819
2354  26514791247.72703171
2355  26649330023.62807083
2356  26784521299.51984024
2357  26920368082.32794952
2358  27056873419.66793060
2359  27194040341.31924057
2360  27331871894.39733887
2361  27470371155.02613831
2362  27609541205.02056885
2363  27749385131.88973999
2364  27889906052.28765106
2365  28031107088.58060837
2366  28172991357.13500977
2367  28315562027.15674973
2368  28458822250.05984116
2369  28602775218.39012909
2370  28747424107.05157852
2371  28892772120.31306076
2372  29038822480.10239029
2373  29185578414.30527878
2374  29333043192.18735123
2375  29481220041.64942932
2376  29630112255.71741104
2377  29779723121.58818817
2378  29930055944.35017014
2379  30081114046.94829941
2380  30232900746.61547089
2381  30385419390.31169128
2382  30538673366.83766174
2383  30692666023.56529999
2384  30847400749.70294952
2385  31002880976.36048889
2386  31159110117.04840088
2387  31316091591.57645035
2388  31473828849.80902100
2389  31632325383.62562180
2390  31791584643.67287064
2391  31951610146.45555115
2392  32112405391.05881882
2393  32273973906.88671875
2394  32436319241.65979004
2395  32599444937.65546036
2396  32763354579.49243927
2397  32928051758.34024048
2398  33093540059.89170074
2399  33259823124.35651016
2400  33426904562.56718826
2401  33594788051.94086075
2402  33763477240.59508896
2403  33932975807.22174835
2404  34103287473.41064072
2405  34274415931.28639984
2406  34446364915.89604950
2407  34619138168.99719238
2408  34792739475.38432312
2409  34967172590.45603943
2410  35142441312.70060730
2411  35318549459.52179718
2412  35495500867.36682129
2413  35673299367.53365326
2414  35851948834.51814270
2415  36031453125.70459747
2416  36211816153.83834839
2417  36393041838.79685974
2418  36575134083.25393677
2419  36758096845.55436707
2420  36941934091.09651947
2421  37126649792.54718781
2422  37312247954.03511810
2423  37498732586.87342072
2424  37686107734.08751678
2425  37874377421.47685242
2426  38063545730.96093750
2427  38253616739.64885712
2428  38444594568.57385254
2429  38636483309.50200653
2430  38829287110.57930756
2431  39023010127.31316376
2432  39217656534.99555206
2433  39413230516.41240692
2434  39609736298.61348724
2435  39807178079.45102692
2436  40005560125.74286652
2437  40204886699.66767120
2438  40405162083.27970886
2439  40606390566.36589050
2440  40808576471.06320953
2441  41011724139.47592926
2442  41215837921.54434967
2443  41420922187.29482269
2444  41626981351.72219086
2445  41834019800.47413635
2446  42042041976.62222290
2447  42251052343.48806000
2448  42461055347.63516235
2449  42672055480.75427246
2450  42884057267.24508667
2451  43097065227.24770355
2452  43311083888.98911285
2453  43526117838.33586884
2454  43742171657.04643250
2455  43959249947.33170319
2456  44177357332.14259338
2457  44396498455.03621674
2458  44616677992.82002258
2459  44837900618.08598328
2460  45060171036.70992279
2461  45283493975.44960785
2462  45507874181.84192657
2463  45733316412.00032043
2464  45959825455.41401672
2465  46187406122.51316071
2466  46416063232.41018677
2467  46645801650.23454285
2468  46876626212.21407318
2469  47108541838.31781769
2470  47341553419.70565796
2471  47575665881.15493011
2472  47810884193.97205353
2473  48047213325.65965271
2474  48284658252.54131317
2475  48523224010.05274963
2476  48762915629.94490051
2477  49003738165.42321014
2478  49245696691.38455200
2479  49488796316.73197937
2480  49733042172.13723755
2481  49978439384.69351196
2482  50224993128.38027954
2483  50472708586.42375183
2484  50721590989.04342651
2485  50971645537.76380920
2486  51222877519.30346680
2487  51475292191.58043671
2488  51728894859.94848633
2489  51983690839.01911163
2490  52239685490.82417297
2491  52496884161.57129669
2492  52755292270.29522705
2493  53014915194.73605347
2494  53275758398.43752289
2495  53537827329.14881134
2496  53801127469.55314636
2497  54065664324.79823303
2498  54331443435.26660919
2499  54598470338.11723328
2500  54866750618.81094360
2501  55136289872.34539032
2502  55407093729.28486633
2503  55679167829.97154999
2504  55952517850.33174133
2505  56227149476.09596252
2506  56503068428.76895905
2507  56780280465.31725311
2508  57058791340.15440369
2509  57338606856.21202850
2510  57619732826.47602844
2511  57902175074.25914001
2512  58185939497.23011017
2513  58471031951.96840668
2514  58757458382.55359650
2515  59045224717.60442352
2516  59334336921.97245026
2517  59624800996.68798828
2518  59916622940.27253723
2519  60209808813.49696350
2520  60504364661.72564697
2521  60800296605.65316010
2522  61097610737.73175049
2523  61396313212.83833313
2524  61696410196.50904083
2525  61997907891.08876038
2526  62300812522.54383087
2527  62605130327.75089264
2528  62910867593.26363373
2529  63218030616.79501343
2530  63526625706.78809357
2531  63836659247.78156281
2532  64148137596.30740356
2533  64461067185.14452362
2534  64775454419.04197693
2535  65091305779.14633179
2536  65408627757.68792725
2537  65727426858.38507080
2538  66047709635.28575134
2539  66369482653.67846680
2540  66692752516.63979340
2541  67017525838.50998688
2542  67343809284.32656097
2543  67671609543.86514282
2544  68000933305.33209229
2545  68331787320.99548340
2546  68664178367.81963348
2547  68998113221.41981506
2548  69333598708.60369873
2549  69670641694.06599426
2550  70009249054.54853821
2551  70349427678.58332825
2552  70691184532.43481445
2553  71034526581.18069458
2554  71379460801.93554688
2555  71725994236.70170593
2556  72074133926.21960449
2557  72423886976.33798218
2558  72775260491.89556885
2559  73128261616.41442871
2560  73482897518.87808228
2561  73839175407.14442444
2562  74197102527.97477722
2563  74556686127.24057007
2564  74917933503.18379211
2565  75280851993.08325195
2566  75645448946.68603516
2567  76011731739.80151367
2568  76379707800.74584961
2569  76749384583.88041687
2570  77120769556.27033997
2571  77493870237.87231445
2572  77868694161.39453125
2573  78245248899.17974854
2574  78623542076.65078735
2575  79003581305.41923523
2576  79385374263.64190674
2577  79768928655.97502136
2578  80154252213.67912292
2579  80541352681.08622742
2580  80930237896.22599792
2581  81320915643.56613159
2582  81713393814.47067261
2583  82107680300.64146423
2584  82503783020.59985352
2585  82901709933.05361938
2586  83301469037.34931946
2587  83703068359.85011292
2588  84106515954.16726685
2589  84511819927.72480774
2590  84918988388.62719727
2591  85328029512.46923828
2592  85738951488.80647278
2593  86151762548.24491882
2594  86566470948.62733459
2595  86983085002.57369995
2596  87401613009.75151062
2597  87822063365.06459045
2598  88244444450.63543701
2599  88668764716.87719727
2600  89095032628.65989685
2601  89523256692.33244324
2602  89953445442.16122437
2603  90385607454.02938843
2604  90819751345.58895874
2605  91255885776.28041077
2606  91694019392.83645630
2607  92134160952.12194824
2608  92576319184.73774719
2609  93020502877.12672424
2610  93466720884.93548584
2611  93914982051.67965698
2612  94365295276.69554138
2613  94817669501.52737427
2614  95272113710.28880310
2615  95728636902.24581909
2616  96187248119.20513916
2617  96647956459.22824097
2618  97110771035.77711487
2619  97575701032.43844604
2620  98042755607.24414062
2621  98511944029.57963562
2622  98983275570.77432251
2623  99456759531.41807556
2624  99932405255.37852478
2625 100410222157.12255859
2626 100890219653.24835205
2627 101372407189.86297607
2628 101856794311.77879333
2629 102343390538.39421082
2630 102832205460.19268799
2631 103323248697.70230103
2632 103816529914.98739624
2633 104312058820.25881958
2634 104809845151.52677917
2635 105309898691.09175110
2636 105812229265.02609253
2637 106316846743.79139709
2638 106823761014.36824036
2639 107332982035.52438354
2640 107844519782.91744995
2641 108358384290.46253967
2642 108874585608.84417725
2643 109393133875.04908752
2644 109914039215.26016235
2645 110437311828.07392883
2646 110962961957.04492188
2647 111490999876.83753967
2648 112021435879.08897400
2649 112554280356.53390503
2650 113089543691.08352661
2651 113627236337.88618469
2652 114167368783.48442078
2653 114709951545.94413757
2654 115254995202.80709839
2655 115802510390.96969604
2656 116352507751.35231018
2657 116904997998.45639038
2658 117459991864.59757996
2659 118017500156.12782288
2660 118577533697.18894958
2661 119140103372.28657532
2662 119705220111.85552979
2663 120272894878.70538330
2664 120843138681.88662720
2665 121415962591.02970886
2666 121991377708.21104431
2667 122569395167.82708740
2668 123150026179.30130005
2669 123733281970.54281616
2670 124319173844.69868469
2671 124907713123.36964417
2672 125498911189.55482483
2673 126092779458.96156311
2674 126689329394.64817810
2675 127288572549.41748047
2676 127890520452.58695984
2677 128495184723.46850586
2678 129102577028.93400574
2679 129712709069.21995544
2680 130325592606.55863953
2681 130941239422.49847412
2682 131559661389.27107239
2683 132180870398.41635132
2684 132804878389.81024170
2685 133431697365.53132629
2686 134061339361.86482239
2687 134693816463.13938904
2688 135329140845.07861328
2689 135967324660.73698425
2690 136608380154.34919739
2691 137252319633.24612427
2692 137899155439.29595947
2693 138548899934.55133057
2694 139201565587.42501831
2695 139857164872.30694580
2696 140515710341.46749878
2697 141177214567.88134766
2698 141841690216.56784058
2699 142509149959.27230835
2700 143179606560.30822754
2701 143853072804.62142944
2702 144529561555.90472412
2703 145209085698.72833252
2704 145891658182.23159790
2705 146577292019.54653931
2706 147266000274.32748413
2707 147957796045.61093140
2708 148652692511.85418701
2709 149350702872.96408081
2710 150051840408.17428589
2711 150756118432.97125244
2712 151463550342.20477295
2713 152174149552.81176758
2714 152887929546.82925415
2715 153604903871.94442749
2716 154325086126.82012939
2717 155048489946.79147339
2718 155775129061.94046021
2719 156505017195.92321777
2720 157238168195.95449829
2721 157974595917.60882568
2722 158714314297.05215454
2723 159457337293.35351562
2724 160203678975.16650391
2725 160953353419.80703735
2726 161706374785.75061035
2727 162462757283.53463745
2728 163222515176.07037354
2729 163985662792.99414062
2730 164752214516.64205933
2731 165522184767.19421387
2732 166295588061.42776489
2733 167072438954.30749512
2734 167852752038.80709839
2735 168636542019.74880981
2736 169423823610.80764771
2737 170214611593.69387817
2738 171008920832.72393799
2739 171806766245.52383423
2740 172608162788.66885376
2741 173413125486.76705933
2742 174221669433.29751587
2743 175033809789.79998779
2744 175849561742.56436157
2745 176668940590.63406372
2746 177491961657.90164185
2747 178318640337.34445190
2748 179148992090.55203247
2749 179983032434.18896484
2750 180820776938.99694824
2751 181662241245.51068115
2752 182507441078.23883057
2753 183356392187.53848267
2754 184209110407.83157349
2755 185065611643.71179199
2756 185925911855.01751709
2757 186790027042.10168457
2758 187657973305.20465088
2759 188529766800.02575684
2760 189405423723.22192383
2761 190284960371.75247192
2762 191168393083.64218140
2763 192055738252.90399170
2764 192947012389.01843262
2765 193842231998.34851074
2766 194741413718.13082886
2767 195644574197.15228271
2768 196551730170.66900635
2769 197462898475.37118530
2770 198378095960.02954102
2771 199297339560.28051758
2772 200220646313.21166992
2773 201148033253.70861816
2774 202079517563.45944214
2775 203015116436.70574951
2776 203954847155.09857178
2777 204898727057.90274048
2778 205846773572.07666016
2779 206799004197.44595337
2780 207755436476.95651245
2781 208716088041.22766113
2782 209680976579.78302002
2783 210650119854.79116821
2784 211623535732.25552368
2785 212601242091.93280029
2786 213583256932.01196289
2787 214569598279.38842773
2788 215560284280.69845581
2789 216555333125.88000488
2790 217554763079.54693604
2791 218558592480.55398560
2792 219566839727.16607666
2793 220579523322.64624023
2794 221596661814.68588257
2795 222618273856.13150024
2796 223644378114.35858154
2797 224674993407.87802124
2798 225710138554.21981812
2799 226749832507.53344727
2800 227794094266.95886230
2801 228842942907.48904419
2802 229896397594.69311523
2803 230954477540.50537109
2804 232017202047.53994751
2805 233084590525.38827515
2806 234156662414.42318726
2807 235233437246.42562866
2808 236314934645.37567139
2809 237401174296.98593140
2810 238492175978.52856445
2811 239587959514.46524048
2812 240688544851.92681885
2813 241793952000.32141113
2814 242904201000.53863525
2815 244019312062.94631958
2816 245139305399.26577759
2817 246264201344.84466553
2818 247394020282.46969604
2819 248528782719.23013306
2820 249668509194.75540161
2821 250813220357.30725098
2822 251962936949.45556641
2823 253117679761.84649658
2824 254277469679.20327759
2825 255442327665.62100220
2826 256612274810.03710938
2827 257787332204.32525635
2828 258967521096.59887695
2829 260152862768.25729370
2830 261343378626.68548584
2831 262539090128.71466064
2832 263740018841.91711426
2833 264946186383.04431152
2834 266157614495.68774414
2835 267374324988.52648926
2836 268596339735.24957275
2837 269823680737.08337402
2838 271056370060.59140015
2839 272294429868.57998657
2840 273537882374.82226562
2841 274786749936.12896729
2842 276041054944.01214600
2843 277300819918.74871826
2844 278566067446.79418945
2845 279836820211.96398926
2846 281113100980.78039551
2847 282394932617.09362793
2848 283682338051.66033936
2849 284975340344.91448975
2850 286273962608.76037598
2851 287578228068.99938965
2852 288888160035.08477783
2853 290203781914.58056641
2854 291525117183.58416748
2855 292852189432.40643311
2856 294185022350.71228027
2857 295523639697.17095947
2858 296868065328.97491455
2859 298218323204.28369141
2860 299574437380.32385254
2861 300936431983.54248047
2862 302304331256.76684570
2863 303678159542.96771240
2864 305057941269.73181152
2865 306443700935.04992676
2866 307835463168.34747314
2867 309233252700.85028076
2868 310637094317.98272705
2869 312047012921.99920654
2870 313463033548.94519043
2871 314885181272.98028564
2872 316313481302.78851318
2873 317747958932.52203369
2874 319188639559.32324219
2875 320635548666.91485596
2876 322088711873.74993896
2877 323548154853.21716309
2878 325013903397.77752686
2879 326485983403.36712646
2880 327964420869.37640381
2881 329449241898.62536621
2882 330940472681.69067383
2883 332438139498.09179688
2884 333942268778.23413086
2885 335452887009.50262451
2886 336970020783.97644043
2887 338493696846.08013916
2888 340023941981.37347412
2889 341560783128.35638428
2890 343104247282.63073730
2891 344654361609.72869873
2892 346211153300.11859131
2893 347774649698.87866211
2894 349344878271.93640137
2895 350921866560.59393311
2896 352505642211.59826660
2897 354096232994.83471680
2898 355693666786.24761963
2899 357297971553.35821533
2900 358909175402.30224609
2901 360527306514.50231934
2902 362152393195.49945068
2903 363784463873.37750244
2904 365423547052.91497803
2905 367069671394.54437256
2906 368722865619.26684570
2907 370383158604.15380859
2908 372050579303.00457764
2909 373725156810.29174805
2910 375406920313.87225342
2911 377095899110.06091309
2912 378792122637.65148926
2913 380495620411.87658691
2914 382206422090.62200928
2915 383924557425.14129639
2916 385650056293.41546631
2917 387382948699.19000244
2918 389123264741.57238770
2919 390871034629.41998291
2920 392626288715.54272461
2921 394389057463.65954590
2922 396159371448.57971191
2923 397937261340.92822266
2924 399722757971.36645508
2925 401515892249.60198975
2926 403316695247.31408691
2927 405125198114.61029053
2928 406941432131.56304932
2929 408765428722.94476318
2930 410597219409.73321533
2931 412436835843.54278564
2932 414284309804.07739258
2933 416139673169.84320068
2934 418002957964.35760498
2935 419874196325.61126709
2936 421753420506.26544189
2937 423640662904.91345215
2938 425535956035.51855469
2939 427439332526.83184814
2940 429350825138.12774658
2941 431270466761.26568604
2942 433198290402.99822998
2943 435134329218.40405273
2944 437078616445.41381836
2945 439031185504.25048828
2946 440992069914.25421143
2947 442961303311.48913574
2948 444938919498.41815186
2949 446924952360.53625488
2950 448919435950.74114990
2951 450922404422.03527832
2952 452933892095.05731201
2953 454953933390.69573975
2954 456982562881.79772949
2955 459019815258.86706543
2956 461065725330.80236816
2957 463120328091.00347900
2958 465183658619.36798096
2959 467255752146.69281006
2960 469336644024.19165039
2961 471426369771.53356934
2962 473524965011.92224121
2963 475632465520.97583008
2964 477748907211.60803223
2965 479874326117.14447021
2966 482008758407.77740479
2967 484152240441.06829834
2968 486304808645.42822266
2969 488466499621.42095947
2970 490637350122.85296631
2971 492817397009.89984131
2972 495006677313.61492920
2973 497205228171.86737061
2974 499413086909.92492676
2975 501630290976.97399902
2976 503856877927.87805176
2977 506092885507.46826172
2978 508338351583.67346191
2979 510593314181.95446777
2980 512857811450.70819092
2981 515131881713.03131104
2982 517415563416.35992432
2983 519708895132.35003662
2984 522011915658.24670410
2985 524324663831.89782715
2986 526647178717.57543945
2987 528979499521.51123047
2988 531321665558.32568359
2989 533673716302.68975830
2990 536035691422.81170654
2991 538407630696.00897217
2992 540789574043.36328125
2993 543181561579.66729736
2994 545583633530.79382324
2995 547995830299.75891113
2996 550418192434.39221191
2997 552850760610.10571289
2998 555293575732.02746582
2999 557746678766.12207031
3000 560210110907.30822754
3001 562683913463.93542480
3002 565168127906.19592285
3003 567662795884.26342773
3004 570167959195.53479004
3005 572683659783.86340332
3006 575209939756.68420410
3007 577746841386.31127930
3008 580294407108.85913086
3009 582852679508.62268066
3010 585421701334.90356445
3011 588001515485.70141602
3012 590592165074.69372559
3013 593193693297.04882812
3014 595806143581.81127930
3015 598429559490.87988281
3016 601063984751.75219727
3017 603709463243.28576660
3018 606366039044.45556641
3019 609033756368.47009277
3020 611712659629.23864746
3021 614402793359.49316406
3022 617104202309.53833008
3023 619816931382.01440430
3024 622541025614.73840332
3025 625276530265.45581055
3026 628023490744.71997070
3027 630781952614.66149902
3028 633551961643.04772949
3029 636333563732.71179199
3030 639126804991.99218750
3031 641931731682.29260254
3032 644748390254.42297363
3033 647576827329.55297852
3034 650417089683.85888672
3035 653269224300.57775879
3036 656133278316.64440918
3037 659009299059.90869141
3038 661897334031.16015625
3039 664797430903.63745117
3040 667709637542.42504883
3041 670634001985.26855469
3042 673570572444.79431152
3043 676519397341.65637207
3044 679480525220.77148438
3045 682454004852.88024902
3046 685439885218.10742188
3047 688438215404.45458984
3048 691449044761.20996094
3049 694472422761.74194336
3050 697508399108.88476562
3051 700557023664.63842773
3052 703618346484.16455078
3053 706692417819.35961914
3054 709779288115.12158203
3055 712879007961.40539551
3056 715991628195.31823730
3057 719117199814.08789062
3058 722255774013.29284668
3059 725407402183.88562012
3060 728572135879.04541016
3061 731750026883.88098145
3062 734941127164.57226562
3063 738145488883.93176270
3064 741363164386.45117188
3065 744594206215.14855957
3066 747838667128.87634277
3067 751096600051.73193359
3068 754368058140.85229492
3069 757653094719.24694824
3070 760951763327.51196289
3071 764264117723.76550293
3072 767590211815.05725098
3073 770930099744.47583008
3074 774283835873.64758301
3075 777651474731.53662109
3076 781033071066.73364258
3077 784428679829.88037109
3078 787838356174.89282227
3079 791262155475.91906738
3080 794700133276.93322754
3081 798152345358.51635742
3082 801618847725.25292969
3083 805099696531.80798340
3084 808594948208.79589844
3085 812104659357.41430664
3086 815628886783.46704102
3087 819167687516.20031738
3088 822721118827.67932129
3089 826289238159.05664062
3090 829872103160.71569824
3091 833469771741.73510742
3092 837082302001.69689941
3093 840709752248.15161133
3094 844352181014.12231445
3095 848009647042.25695801
3096 851682209300.91894531
3097 855369926986.48254395
3098 859072859486.42028809
3099 862791066451.80627441
3100 866524607708.79895020
3101 870273543347.92749023
3102 874037933634.00305176
3103 877817839097.94519043
3104 881613320482.08117676
3105 885424438758.71520996
3106 889251255095.00354004
3107 893093830924.29211426
3108 896952227875.50341797
3109 900826507861.81640625
3110 904716732940.90332031
3111 908622965454.42614746
3112 912545267976.64245605
3113 916483703316.32910156
3114 920438334461.14404297
3115 924409224702.67297363
3116 928396437515.21044922
3117 932400036642.15734863
3118 936420086025.56604004
3119 940456649879.46655273
3120 944509792652.49340820
3121 948579578995.13378906
3122 952666073846.31604004
3123 956769342329.16369629
3124 960889449874.48315430
3125 965026462080.11474609
3126 969180444852.94885254
3127 973351464302.40673828
3128 977539586776.62353516
3129 981744878917.23547363
3130 985967407551.04064941
3131 990207239780.64062500
3132 994464442966.93359375
3133 998739084712.66491699
31341003031232841.49291992
31351007340955474.22131348
31361011668320919.58215332
31371016013397817.53784180
31381020376254980.41662598
31391024756961534.62927246
31401029155586813.48962402
31411033572200467.55895996
31421038006872337.62121582
31431042459672544.73168945
31441046930671491.83630371
31451051419939808.23901367
31461055927548406.55603027
31471060453568427.71276855
31481064998071294.46618652
31491069561128714.80468750
31501074142812625.09057617
31511078743195228.45178223
31521083362349029.73852539
31531088000346729.44909668
31541092657261368.16491699
31551097333166235.65979004
31561102028134836.11499023
31571106742241014.58642578
31581111475558849.59228516
31591116228162707.49780273
31601121000127205.31640625
31611125791527250.00732422
31621130602438020.11474609
31631135432934981.97509766
31641140283093838.50659180
31651145152990619.65625000
31661150042701591.59179688
31671154952303328.91674805
31681159881872681.75585938
31691164831486754.73999023
31701169801222982.52880859
31711174791159019.19653320
31721179801372850.41601562
31731184831942754.14672852
31741189882947249.93603516
31751194954465187.81347656
31761200046575659.63793945
31771205159358105.75952148
31781210292892193.50756836
31791215447257938.35742188
31801220622535582.32250977
31811225818805738.22631836
31821231036149243.02685547
31831236274647269.99462891
31841241534381291.75390625
31851246815433025.44189453
31861252117884543.07739258
31871257441818200.37231445
31881262787316634.45776367
31891268154462821.09936523
31901273543339966.42333984
31911278954031687.35888672
31921284386621795.16137695
31931289841194477.29858398
31941295317834189.76196289
31951300816625728.09252930
31961306337654177.23242188
31971311881004925.61206055
31981317446763686.28100586
31991323035016481.00756836
32001328645849617.22460938
32011334279349767.76806641
32021339935603874.97875977
32031345614699229.08544922
32041351316723388.57836914
32051357041764300.25585938
32061362789910180.16650391
32071368561249556.34887695
32081374355871306.62988281
32091380173864654.04711914
32101386015319063.55981445
32111391880324420.93774414
32121397768970852.64428711
32131403681348872.68310547
32141409617549309.21704102
32151415577663267.64624023
32161421561782280.71533203
32171427569998122.04345703
32181433602402937.55200195
32191439659089209.37573242
32201445740149754.09521484
32211451845677688.82055664
32221457975766541.93554688
32231464130510085.59277344
32241470310002505.08447266
32251476514338305.58862305
32261482743612313.44506836
32271488997919712.70190430
32281495277356027.65039062
32291501582017141.39379883
32301507911999280.77294922
32311514267398994.08618164
32321520648313209.72509766
32331527054839179.39843750
32341533487074519.60571289
32351539945117189.30078125
32361546429065529.81713867
32371552939018208.79492188
32381559475074258.48950195
32391566037333058.26293945
32401572625894352.40087891
32411579240858252.34692383
32421585882325216.68139648
32431592550396090.38964844
32441599245172029.64355469
32451605966754635.88647461
32461612715245784.95214844
32471619490747777.61962891
32481626293363267.73754883
32491633123195279.22143555
32501639980347209.21020508
32511646864922823.48706055
32521653777026264.82006836
32531660716762025.86547852
32541667684235015.52880859
32551674679550493.76000977
32561681702814098.13208008
32571688754131861.78491211
32581695833610172.34643555
32591702941355815.96215820
32601710077475971.71166992
32611717242078182.03491211
32621724435270402.60278320
32631731657160931.83911133
32641738907858486.19140625
32651746187472180.74365234
32661753496111531.66699219
32671760833886378.36791992
32681768200907019.98950195
32691775597284138.53735352
32701783023128816.80322266
32711790478552486.02246094
32721797963667056.21508789
32731805478584766.97216797
32741813023418297.65380859
32751820598280718.85180664
32761828203285504.71289062
32771835838546556.58911133
32781843504178143.07617188
32791851200294963.14160156
32801858927012143.00268555
32811866684445198.20898438
32821874472710055.45971680
32831882291923052.28002930
32841890142200975.31591797
32851898023660966.37646484
32861905936420657.31274414
32871913880598053.78295898
32881921856311596.82055664
32891929863680140.20312500
32901937902822954.05810547
32911945973859782.65136719
32921954076910727.82495117
32931962212096387.28442383
32941970379537719.59643555
32951978579356177.55859375
32961986811673594.48315430
32971995076612283.96655273
32982003374294958.81225586
32992011704844794.07788086
33002020068385384.77343750
33012028465040769.05810547
33022036894935427.89990234
33032045358194305.24829102
33042053854942749.22851562
33052062385306594.96435547
33062070949412079.93261719
33072079547385948.48657227
33082088179355334.45874023
33092096845447875.75878906
33102105545791621.71923828
33112114280515088.08398438
33122123049747280.52343750
33132131853617617.13378906
33142140692255984.52783203
33152149565792741.82543945
33162158474358721.40551758
33172167418085206.73657227
33182176397103936.35400391
33192185411547124.20166016
33202194461547437.39916992
33212203547238060.31689453
33222212668752612.32226562
33232221826225192.22900391
33242231019790356.00683594
33252240249583177.63525391
33262249515739170.02539062
33272258818394328.48681641
33282268157685188.33789062
33292277533748665.71875000
33302286946722258.81884766
33312296396743910.70556641
33322305883952007.66015625
33332315408485537.84667969
33342324970483838.89648438
33352334570086872.84033203
33362344207435026.97363281
33372353882669158.75878906
33382363595930710.59033203
33392373347361518.62060547
33402383137104022.92138672
33412392965301099.62255859
33422402832096153.52050781
33432412737633081.60693359
33442422682056293.66943359
33452432665510714.30273438
33462442688141760.16259766
33472452750095405.24267578
33482462851518099.76220703
33492472992556808.18212891
33502483173359054.75000000
33512493394072802.42822266
33522503654846610.39306641
33532513955829560.26904297
33542524297171193.33642578
33552534679021633.42626953
33562545101531524.15625000
33572555564852016.10742188
33582566069134841.14013672
33592576614532175.93066406
33602587201196842.56591797
33612597829282112.13281250
33622608498941837.67675781
33632619210330386.70214844
33642629963602709.05810547
33652640758914269.42871094
33662651596421080.35449219
33672662476279686.94238281
33682673398647223.90380859
33692684363681342.80615234
33702695371540286.53906250
33712706422382793.75488281
33722717516368196.07812500
33732728653656424.41406250
33742739834407887.82373047
33752751058783589.55078125
33762762326945134.73632812
33772773639054666.81933594
33782784995274871.07617188
33792796395769034.56738281
33802807840701006.71826172
33812819330235237.74560547
33822830864536704.36376953
33832842443770968.39648438
33842854068104238.31494141
33852865737703207.05468750
33862877452735195.71484375
33872889213368157.39208984
33882901019770530.73193359
33892912872111446.02197266
33902924770560526.50439453
33912936715288086.08837891
33922948706464971.02880859
33932960744262624.48974609
33942972828853122.25195312
33952984960409115.63867188
33962997139103874.49169922
33973009365111227.14062500
33983021638605697.68847656
33993033959762332.84277344
34003046328756817.39062500
34013058745765479.64062500
34023071210965229.79833984
34033083724533601.59423828
34043096286648750.19140625
34053108897489440.29150391
34063121557235083.35595703
34073134266065693.15234375
34083147024161914.69873047
34093159831705022.18164062
34103172688876962.35205078
34113185595860226.60595703
34123198552838024.79638672
34133211559994135.25732422
34143224617513055.26611328
34153237725579872.93847656
34163250884380293.28857422
34173264094100740.14404297
34183277354928212.01757812
34193290667050412.49951172
34203304030655678.54492188
34213317445932970.44921875
34223330913071973.98828125
34233344432262954.34716797
34243358003696878.74804688
34253371627565386.12792969
34263385304060776.75585938
34273399033375999.13134766
34283412815704649.31591797
34293426651241075.00585938
34303440540180232.28662109
34313454482717748.42089844
34323468479049964.15380859
34333482529373895.17236328
34343496633887205.69873047
34353510792788302.26220703
34363525006276203.98339844
34373539274550710.69921875
34383553597812219.55566406
34393567976261886.41552734
34403582410101526.81738281
34413596899533686.07861328
34423611444761581.61816406
34433626045989164.50000000
34443640703421046.12988281
34453655417262583.99365234
34463670187719825.73242188
34473685014999546.47070312
34483699899309230.86718750
34493714840857053.36035156
34503729839851964.23535156
34513744896503560.50195312
34523760011022217.16796875
34533775183619046.77734375
34543790414505834.35351562
34553805703895146.28662109
34563821052000240.75781250
34573836459035144.15136719
34583851925214599.49365234
34593867450754111.09472656
34603883035869911.27880859
34613898680778971.27734375
34623914385699032.51220703
34633930150848579.37060547
34643945976446807.77734375
34653961862713740.68505859
34663977809870090.11865234
34673993818137385.90869141
34684009887737860.64160156
34694026018894570.82861328
34704042211831302.74414062
34714058466772598.29541016
34724074783943840.19970703
34734091163571108.04052734
34744107605881301.58154297
34754124111102080.80810547
34764140679461911.11425781
34774157311190018.46630859
34784174006516436.58642578
34794190765671960.07128906
34804207588888197.58251953
34814224476397561.15771484
34824241428433256.23535156
34834258445229236.62695312
34844275527020349.42968750
34854292674042175.37158203
34864309886531131.56591797
34874327164724449.56787109
34884344508860159.47998047
34894361919177106.15576172
34904379395914960.66601562
34914396939314232.44189453
34924414549616232.22070312
34934432227063075.29785156
34944449971897763.41796875
34954467784364084.15039062
34964485664706671.54394531
34974503613170990.32910156
34984521630003375.44238281
34994539715450973.75488281
35004557869761785.69726562
