   1            4.00000000
   2            4.00257000
   3            4.07897000
   4            4.45039000
   5            5.29942000
   6            6.65653000
   7            8.45339000
   8           10.59029000
   9           12.97240000
  10           15.52267000
  11           17.76693000
  12           19.86845000
  13           22.05123000
  14           24.31233000
  15           26.64907000
  16           29.05905000
  17           31.54005000
  18           34.09005000
  19           36.70721000
  20           39.38981000
  21           42.13624000
  22           44.94505000
  23           47.81485000
  24           50.74434000
  25           53.73232000
  26           56.77764000
  27           59.87925000
  28           63.03611000
  29           66.24726000
  30           69.51180000
  31           72.82884000
  32           76.19758000
  33           79.61722000
  34           83.08698000
  35           86.60619000
  36           90.17411000
  37           93.79011000
  38           97.45355000
  39          101.16382000
  40          104.92032000
  41          108.72248000
  42          112.56978000
  43          116.46169000
  44          120.39766000
  45          124.37726000
  46          128.39995000
  47          132.46533000
  48          136.57292000
  49          140.72232000
  50          144.91307000
  51          149.14479000
  52          153.41707000
  53          157.72955000
  54          162.08185000
  55          166.47359000
  56          170.90443000
  57          175.37402000
  58          179.88203000
  59          184.42816000
  60          189.01204000
  61          193.63341000
  62          198.29192000
  63          202.98734000
  64          207.71931000
  65          212.48758000
  66          217.29193000
  67          222.13197000
  68          227.00755000
  69          231.91832000
  70          236.86412000
  71          241.84467000
  72          246.85968000
  73          251.90900000
  74          256.99231000
  75          262.10941000
  76          267.26016000
  77          272.44421000
  78          277.66144000
  79          282.91159000
  80          288.19452000
  81          293.50992000
  82          298.85770000
  83          304.23761000
  84          309.64947000
  85          315.09308000
  86          320.56830000
  87          326.07489000
  88          331.61267000
  89          337.18155000
  90          342.78128000
  91          348.41168000
  92          354.07263000
  93          359.76398000
  94          365.48547000
  95          371.23706000
  96          377.01855000
  97          382.82974000
  98          388.67062000
  99          394.54083000
 100          400.44037000
 101          406.36902000
 102          412.32669000
 103          418.31320000
 104          424.32849000
 105          430.37237000
 106          436.44467000
 107          442.54529000
 108          448.67410000
 109          454.83099000
 110          461.01578000
 111          467.22836000
 112          473.46875000
 113          479.73657000
 114          486.03186000
 115          492.35446000
 116          498.70429000
 117          505.08118000
 118          511.48508000
 119          517.91589000
 120          524.37329000
 121          530.85742000
 122          537.36804000
 123          543.90515000
 124          550.46851000
 125          557.05817000
 126          563.67383000
 127          570.31555000
 128          576.98309000
 129          583.67651000
 130          590.39557000
 131          597.14026000
 132          603.91052000
 133          610.70612000
 134          617.52704000
 135          624.37323000
 136          631.24445000
 137          638.14081000
 138          645.06207000
 139          652.00818000
 140          658.98572000
 141          665.98133000
 142          673.00148000
 143          680.04623000
 144          687.11545000
 145          694.20903000
 146          701.32678000
 147          708.46863000
 148          715.63466000
 149          722.82467000
 150          730.03867000
 151          737.27648000
 152          744.53815000
 153          751.82338000
 154          759.13994000
 155          766.47242000
 156          773.82840000
 157          781.20782000
 158          788.61044000
 159          796.03649000
 160          803.48561000
 161          810.96586000
 162          818.46120000
 163          825.97943000
 164          833.52073000
 165          841.08462000
 166          848.68000000
 167          856.28950000
 168          863.92158000
 169          871.57618000
 170          879.25343000
 171          886.96183000
 172          894.68401000
 173          902.42818000
 174          910.20390000
 175          917.99258000
 176          925.80341000
 177          933.64567000
 178          941.50059000
 179          949.37755000
 180          957.28574000
 181          965.20630000
 182          973.15838000
 183          981.12241000
 184          989.11807000
 185          997.12546000
 186         1005.16427000
 187         1013.21459000
 188         1021.29655000
 189         1029.38975000
 190         1037.51450000
 191         1045.66065000
 192         1053.81744000
 193         1062.00608000
 194         1070.21613000
 195         1078.43632000
 196         1086.68849000
 197         1094.96158000
 198         1103.25572000
 199         1111.55967000
 200         1119.89557000
 201         1128.25239000
 202         1136.63001000
 203         1145.02831000
 204         1153.44729000
 205         1161.88696000
 206         1170.34718000
 207         1178.82796000
 208         1187.32931000
 209         1195.85121000
 210         1204.39344000
 211         1212.95598000
 212         1221.55105000
 213         1230.15432000
 214         1238.77766000
 215         1247.43379000
 216         1256.09762000
 217         1264.78152000
 218         1273.49812000
 219         1282.22227000
 220         1290.97904000
 221         1299.74319000
 222         1308.54002000
 223         1317.35710000
 224         1326.18082000
 225         1335.03749000
 226         1343.91404000
 227         1352.81049000
 228         1361.71299000
 229         1370.64878000
 230         1379.60447000
 231         1388.57970000
 232         1397.57458000
 233         1406.58876000
 234         1415.63686000
 235         1424.69044000
 236         1433.76357000
 237         1442.85611000
 238         1451.98247000
 239         1461.11370000
 240         1470.26423000
 241         1479.44884000
 242         1488.63795000
 243         1497.86133000
 244         1507.10407000
 245         1516.35091000
 246         1525.63181000
 247         1534.93232000
 248         1544.25197000
 249         1553.59062000
 250         1562.94865000
 251         1572.32557000
 252         1581.72162000
 253         1591.13657000
 254         1600.57065000
 255         1610.03947000
 256         1619.51157000
 257         1629.00232000
 258         1638.52846000
 259         1648.05698000
 260         1657.62085000
 261         1667.20381000
 262         1676.78875000
 263         1686.40957000
 264         1696.04900000
 265         1705.70717000
 266         1715.38421000
 267         1725.07986000
 268         1734.79438000
 269         1744.52740000
 270         1754.29668000
 271         1764.06718000
 272         1773.85631000
 273         1783.68175000
 274         1793.50812000
 275         1803.37088000
 276         1813.25223000
 277         1823.13448000
 278         1833.05304000
 279         1842.99020000
 280         1852.94584000
 281         1862.92009000
 282         1872.91282000
 283         1882.94282000
 284         1892.97262000
 285         1903.02067000
 286         1913.10630000
 287         1923.19119000
 288         1933.31387000
 289         1943.43538000
 290         1953.59524000
 291         1963.77308000
 292         1973.96926000
 293         1984.18391000
 294         1994.41716000
 295         2004.66851000
 296         2014.93834000
 297         2025.22629000
 298         2035.55289000
 299         2045.87755000
 300         2056.24070000
 301         2066.60195000
 302         2077.00178000
 303         2087.42020000
 304         2097.85696000
 305         2108.31207000
 306         2118.78503000
 307         2129.27659000
 308         2139.78626000
 309         2150.31405000
 310         2160.88172000
 311         2171.44584000
 312         2182.05007000
 313         2192.65080000
 314         2203.29135000
 315         2213.95024000
 316         2224.62724000
 317         2235.32308000
 318         2246.03654000
 319         2256.76861000
 320         2267.51830000
 321         2278.30903000
 322         2289.09557000
 323         2299.89975000
 324         2310.74530000
 325         2321.60895000
 326         2332.49071000
 327         2343.36776000
 328         2354.28589000
 329         2365.22239000
 330         2376.20064000
 331         2387.17350000
 332         2398.16450000
 333         2409.17363000
 334         2420.22472000
 335         2431.29442000
 336         2442.35773000
 337         2453.46357000
 338         2464.58778000
 339         2475.72989000
 340         2486.89039000
 341         2498.06903000
 342         2509.26583000
 343         2520.50581000
 344         2531.73927000
 345         2543.01541000
 346         2554.28484000
 347         2565.59790000
 348         2576.92886000
 349         2588.27824000
 350         2599.64577000
 351         2611.03148000
 352         2622.43585000
 353         2633.85791000
 354         2645.32439000
 355         2656.78269000
 356         2668.28588000
 357         2679.78068000
 358         2691.32087000
 359         2702.87874000
 360         2714.45481000
 361         2726.04932000
 362         2737.66179000
 363         2749.29296000
 364         2760.96920000
 365         2772.63668000
 366         2784.34995000
 367         2796.05399000
 368         2807.80358000
 369         2819.57188000
 370         2831.35866000
 371         2843.16342000
 372         2854.98642000
 373         2866.82792000
 374         2878.68766000
 375         2890.59451000
 376         2902.49064000
 377         2914.43412000
 378         2926.39609000
 379         2938.34753000
 380         2950.34617000
 381         2962.36309000
 382         2974.39854000
 383         2986.48203000
 384         2998.55442000
 385         3010.64487000
 386         3022.78397000
 387         3034.91140000
 388         3047.08724000
 389         3059.28188000
 390         3071.49484000
 391         3083.72662000
 392         3095.97673000
 393         3108.24542000
 394         3120.53222000
 395         3132.86826000
 396         3145.19237000
 397         3157.56574000
 398         3169.92670000
 399         3182.33766000
 400         3194.76699000
 401         3207.21519000
 402         3219.68203000
 403         3232.16726000
 404         3244.70285000
 405         3257.22526000
 406         3269.76632000
 407         3282.35837000
 408         3294.96908000
 409         3307.56616000
 410         3320.21436000
 411         3332.88124000
 412         3345.56706000
 413         3358.30437000
 414         3371.02747000
 415         3383.76954000
 416         3396.56348000
 417         3409.34312000
 418         3422.17563000
 419         3435.02639000
 420         3447.89588000
 421         3460.78438000
 422         3473.69164000
 423         3486.61792000
 424         3499.56322000
 425         3512.56179000
 426         3525.54454000
 427         3538.58106000
 428         3551.60154000
 429         3564.67630000
 430         3577.77012000
 431         3590.88276000
 432         3604.01424000
 433         3617.16507000
 434         3630.33449000
 435         3643.55896000
 436         3656.76672000
 437         3670.02955000
 438         3683.31151000
 439         3696.57667000
 440         3709.89703000
 441         3723.23630000
 442         3736.59523000
 443         3750.01000000
 444         3763.40715000
 445         3776.82398000
 446         3790.29682000
 447         3803.75167000
 448         3817.26304000
 449         3830.79388000
 450         3844.34370000
 451         3857.91325000
 452         3871.50205000
 453         3885.11035000
 454         3898.73791000
 455         3912.42342000
 456         3926.08941000
 457         3939.81387000
 458         3953.51907000
 459         3967.28226000
 460         3981.06476000
 461         3994.86734000
 462         4008.68900000
 463         4022.53076000
 464         4036.43092000
 465         4050.31202000
 466         4064.21224000
 467         4078.17178000
 468         4092.15071000
 469         4106.14954000
 470         4120.12871000
 471         4134.16674000
 472         4148.22596000
 473         4162.34407000
 474         4176.44206000
 475         4190.55949000
 476         4204.73799000
 477         4218.89449000
 478         4233.11284000
 479         4247.35043000
 480         4261.60879000
 481         4275.88641000
 482         4290.18431000
 483         4304.50201000
 484         4318.84000000
 485         4333.23980000
 486         4347.61755000
 487         4362.05739000
 488         4376.47544000
 489         4390.95585000
 490         4405.45587000
 491         4419.97703000
 492         4434.51782000
 493         4449.07825000
 494         4463.65985000
 495         4478.30440000
 496         4492.92596000
 497         4507.61128000
 498         4522.27335000
 499         4536.99996000
 500         4551.74654000
 501         4566.51361000
 502         4581.30068000
 503         4596.10825000
 504         4610.98133000
 505         4625.82957000
 506         4640.69836000
 507         4655.63308000
 508         4670.58761000
 509         4685.51834000
 510         4700.51442000
 511         4715.53136000
 512         4730.56866000
 513         4745.62632000
 514         4760.70538000
 515         4775.85078000
 516         4790.97077000
 517         4806.15738000
 518         4821.31885000
 519         4836.54722000
 520         4851.79682000
 521         4867.06714000
 522         4882.35869000
 523         4897.67049000
 524         4913.00354000
 525         4928.40465000
 526         4943.77989000
 527         4959.17592000
 528         4974.63992000
 529         4990.12551000
 530         5005.63220000
 531         5021.15998000
 532         5036.70836000
 533         5052.27889000
 534         5067.87004000
 535         5083.48233000
 536         5099.11527000
 537         5114.81880000
 538         5130.54378000
 539         5146.24052000
 540         5162.00830000
 541         5177.79704000
 542         5193.60729000
 543         5209.43904000
 544         5225.29231000
 545         5241.16660000
 546         5257.11257000
 547         5273.03009000
 548         5289.01959000
 549         5304.97987000
 550         5321.01243000
 551         5337.06636000
 552         5353.14217000
 553         5369.24039000
 554         5385.35898000
 555         5401.50000000
 556         5417.71396000
 557         5433.89849000
 558         5450.15574000
 559         5466.38381000
 560         5482.68491000
 561         5499.00828000
 562         5515.35394000
 563         5531.72137000
 564         5548.11059000
 565         5564.52212000
 566         5580.95496000
 567         5597.46319000
 568         5613.93983000
 569         5630.49268000
 570         5647.01369000
 571         5663.61070000
 572         5680.22936000
 573         5696.87071000
 574         5713.53425000
 575         5730.22000000
 576         5746.92796000
 577         5763.71260000
 578         5780.46517000
 579         5797.29473000
 580         5814.09247000
 581         5830.96699000
 582         5847.86357000
 583         5864.78324000
 584         5881.72552000
 585         5898.68988000
 586         5915.67686000
 587         5932.68647000
 588         5949.77475000
 589         5966.82929000
 590         5983.96333000
 591         6001.06336000
 592         6018.24217000
 593         6035.44396000
 594         6052.66928000
 595         6069.91659000
 596         6087.18692000
 597         6104.53708000
 598         6121.85366000
 599         6139.19330000
 600         6156.61273000
 601         6173.99766000
 602         6191.46320000
 603         6208.95215000
 604         6226.46452000
 605         6243.99980000
 606         6261.55801000
 607         6279.14021000
 608         6296.80320000
 609         6314.43146000
 610         6332.08217000
 611         6349.81572000
 612         6367.57309000
 613         6385.29362000
 614         6403.09695000
 615         6420.92466000
 616         6438.77571000
 617         6456.64908000
 618         6474.60721000
 619         6492.52905000
 620         6510.47324000
 621         6528.50216000
 622         6546.55531000
 623         6564.57060000
 624         6582.67055000
 625         6600.79480000
 626         6618.94176000
 627         6637.11304000
 628         6655.30863000
 629         6673.52804000
 630         6691.83234000
 631         6710.09903000
 632         6728.45251000
 633         6746.76653000
 634         6765.16820000
 635         6783.59352000
 636         6802.04305000
 637         6820.51626000
 638         6839.01370000
 639         6857.53485000
 640         6876.14386000
 641         6894.71474000
 642         6913.30832000
 643         6931.99077000
 644         6950.69730000
 645         6969.36411000
 646         6988.11922000
 647         7006.90003000
 648         7025.70392000
 649         7044.53302000
 650         7063.45137000
 651         7082.32948000
 652         7101.23179000
 653         7120.22383000
 654         7139.24092000
 655         7158.21777000
 656         7177.28379000
 657         7196.37543000
 658         7215.49164000
 659         7234.63244000
 660         7253.79837000
 661         7272.98945000
 662         7292.27205000
 663         7311.51202000
 664         7330.84490000
 665         7350.13542000
 666         7369.51812000
 667         7388.92582000
 668         7408.35853000
 669         7427.81628000
 670         7447.29961000
 671         7466.80746000
 672         7486.34145000
 673         7505.96856000
 674         7525.55290000
 675         7545.23069000
 676         7564.86542000
 677         7584.59501000
 678         7604.34900000
 679         7624.12900000
 680         7643.93395000
 681         7663.76495000
 682         7683.62148000
 683         7703.50354000
 684         7723.48140000
 685         7743.41527000
 686         7763.44421000
 687         7783.42833000
 688         7803.51055000
 689         7823.61762000
 690         7843.75064000
 691         7863.90908000
 692         7884.09350000
 693         7904.30391000
 694         7924.61158000
 695         7944.87418000
 696         7965.16281000
 697         7985.54867000
 698         8005.96198000
 699         8026.32804000
 700         8046.79346000
 701         8067.28476000
 702         8087.80195000
 703         8108.34614000
 704         8128.98959000
 705         8149.58634000
 706         8170.20850000
 707         8190.93152000
 708         8211.60742000
 709         8232.38344000
 710         8253.18579000
 711         8274.01611000
 712         8294.87169000
 713         8315.75366000
 714         8336.66364000
 715         8357.59947000
 716         8378.56227000
 717         8399.62743000
 718         8420.64327000
 719         8441.76181000
 720         8462.83128000
 721         8484.00435000
 722         8505.20316000
 723         8526.42935000
 724         8547.68294000
 725         8568.96394000
 726         8590.27074000
 727         8611.68249000
 728         8633.04435000
 729         8654.51042000
 730         8675.92686000
 731         8697.44786000
 732         8718.99561000
 733         8740.57176000
 734         8762.17414000
 735         8783.80496000
 736         8805.46314000
 737         8827.14759000
 738         8848.86107000
 739         8870.67973000
 740         8892.44929000
 741         8914.32273000
 742         8936.14624000
 743         8958.07618000
 744         8980.03391000
 745         9002.01947000
 746         9024.03285000
 747         9046.07354000
 748         9068.14374000
 749         9090.32064000
 750         9112.44623000
 751         9134.67942000
 752         9156.86101000
 753         9179.15055000
 754         9201.46948000
 755         9223.73582000
 756         9246.10844000
 757         9268.51271000
 758         9290.94255000
 759         9313.48506000
 760         9335.97180000
 761         9358.48916000
 762         9381.11528000
 763         9403.68853000
 764         9426.37089000
 765         9449.08537000
 766         9471.82532000
 767         9494.59630000
 768         9517.39278000
 769         9540.22145000
 770         9563.07676000
 771         9585.96205000
 772         9608.95822000
 773         9631.90150000
 774         9654.95600000
 775         9677.95620000
 776         9701.06798000
 777         9724.21130000
 778         9747.38171000
 779         9770.58369000
 780         9793.81168000
 781         9817.07127000
 782         9840.36025000
 783         9863.76240000
 784         9887.10926000
 785         9910.56964000
 786         9933.97556000
 787         9957.49424000
 788         9981.04498000
 789        10004.62443000
 790        10028.23374000
 791        10051.87179000
 792        10075.53972000
 793        10099.23643000
 794        10123.05087000
 795        10146.80760000
 796        10170.68243000
 797        10194.49812000
 798        10218.43227000
 799        10242.39562000
 800        10266.39046000
 801        10290.41341000
 802        10314.46787000
 803        10338.55047000
 804        10362.66575000
 805        10386.89772000
 806        10411.07180000
 807        10435.27521000
 808        10459.60039000
 809        10483.95414000
 810        10508.33875000
 811        10532.66358000
 812        10557.10751000
 813        10581.58462000
 814        10606.18153000
 815        10630.71840000
 816        10655.28396000
 817        10679.97441000
 818        10704.60096000
 819        10729.35279000
 820        10754.04041000
 821        10778.85368000
 822        10803.69607000
 823        10828.56987000
 824        10853.47282000
 825        10878.40837000
 826        10903.37310000
 827        10928.37160000
 828        10953.49168000
 829        10978.55109000
 830        11003.73359000
 831        11028.95028000
 832        11054.10011000
 833        11079.37933000
 834        11104.68591000
 835        11130.02674000
 836        11155.39727000
 837        11180.79865000
 838        11206.32839000
 839        11231.79284000
 840        11257.28935000
 841        11282.91249000
 842        11308.47217000
 843        11334.15772000
 844        11359.87572000
 845        11385.62622000
 846        11411.40806000
 847        11437.22011000
 848        11463.06701000
 849        11488.94184000
 850        11514.94997000
 851        11540.89014000
 852        11566.96051000
 853        11592.96377000
 854        11619.09877000
 855        11645.26446000
 856        11671.36606000
 857        11697.59532000
 858        11723.85881000
 859        11750.25185000
 860        11776.57937000
 861        11802.93767000
 862        11829.33144000
 863        11855.85551000
 864        11882.31229000
 865        11908.90091000
 866        11935.52192000
 867        11962.17534000
 868        11988.86118000
 869        12015.58180000
 870        12042.33370000
 871        12069.11808000
 872        12095.93379000
 873        12122.88673000
 874        12149.76882000
 875        12176.68463000
 876        12203.73357000
 877        12230.81895000
 878        12257.93377000
 879        12284.98164000
 880        12312.16458000
 881        12339.48195000
 882        12366.72992000
 883        12394.01327000
 884        12421.32850000
 885        12448.78012000
 886        12476.16170000
 887        12503.68122000
 888        12531.12803000
 889        12558.71436000
 890        12586.33538000
 891        12613.98639000
 892        12641.67450000
 893        12669.39381000
 894        12697.14790000
 895        12725.04065000
 896        12752.86214000
 897        12780.71610000
 898        12808.71285000
 899        12836.73890000
 900        12864.69661000
 901        12892.79179000
 902        12920.92224000
 903        12949.08679000
 904        12977.28665000
 905        13005.51710000
 906        13033.78527000
 907        13062.19360000
 908        13090.53033000
 909        13119.00642000
 910        13147.41177000
 911        13175.95569000
 912        13204.53781000
 913        13233.15219000
 914        13261.80243000
 915        13290.48496000
 916        13319.20578000
 917        13347.96012000
 918        13376.74681000
 919        13405.68115000
 920        13434.53755000
 921        13463.54080000
 922        13492.46698000
 923        13521.54041000
 924        13550.64545000
 925        13579.78932000
 926        13608.96483000
 927        13638.17921000
 928        13667.42527000
 929        13696.70782000
 930        13726.13577000
 931        13755.49038000
 932        13784.87793000
 933        13814.41508000
 934        13843.98437000
 935        13873.59184000
 936        13903.12035000
 937        13932.79804000
 938        13962.51157000
 939        13992.37263000
 940        14022.15563000
 941        14051.97695000
 942        14081.83175000
 943        14111.83851000
 944        14141.76658000
 945        14171.84216000
 946        14201.95651000
 947        14232.10480000
 948        14262.28947000
 949        14292.51054000
 950        14322.76804000
 951        14353.06076000
 952        14383.39238000
 953        14413.75683000
 954        14444.27581000
 955        14474.71223000
 956        14505.30360000
 957        14535.92944000
 958        14566.47957000
 959        14597.17791000
 960        14627.91445000
 961        14658.68799000
 962        14689.49855000
 963        14720.46094000
 964        14751.34578000
 965        14782.26402000
 966        14813.34082000
 967        14844.33222000
 968        14875.48260000
 969        14906.66681000
 970        14937.77250000
 971        14969.03163000
 972        15000.32833000
 973        15031.66387000
 974        15063.03333000
 975        15094.56233000
 976        15126.00727000
 977        15157.49113000
 978        15189.13019000
 979        15220.80858000
 980        15252.40225000
 981        15284.15544000
 982        15315.94679000
 983        15347.77506000
 984        15379.63904000
 985        15411.54246000
 986        15443.48410000
 987        15475.46275000
 988        15507.60149000
 989        15539.65564000
 990        15571.87028000
 991        15603.99999000
 992        15636.28937000
 993        15668.61997000
 994        15700.98435000
 995        15733.39124000
 996        15765.83318000
 997        15798.31643000
 998        15830.83728000
 999        15863.39198000
1000        15896.11335000
1001        15928.74725000
1002        15961.54574000
1003        15994.37978000
1004        16027.13087000
1005        16060.04466000
1006        16092.99656000
1007        16125.98534000
1008        16159.01604000
1009        16192.08241000
1010        16225.31664000
1011        16258.46085000
1012        16291.64581000
1013        16324.99550000
1014        16358.38509000
1015        16391.68650000
1016        16425.15325000
1017        16458.65997000
1018        16492.20542000
1019        16525.78961000
1020        16559.41636000
1021        16593.07937000
1022        16626.78117000
1023        16660.65142000
1024        16694.43488000
1025        16728.38594000
1026        16762.24607000
1027        16796.27421000
1028        16830.34164000
1029        16864.45221000
1030        16898.59957000
1031        16932.79012000
1032        16967.01749000
1033        17001.28682000
1034        17035.72343000
1035        17070.07181000
1036        17104.58916000
1037        17139.01922000
1038        17173.61612000
1039        17208.25676000
1040        17242.80448000
1041        17277.52479000
1042        17312.28249000
1043        17347.08530000
1044        17382.05657000
1045        17416.93959000
1046        17451.86137000
1047        17486.95608000
1048        17521.95948000
1049        17557.13624000
1050        17592.35221000
1051        17627.47892000
1052        17662.77963000
1053        17698.11962000
1054        17733.49890000
1055        17768.92007000
1056        17804.51904000
1057        17840.02167000
1058        17875.56756000
1059        17911.28800000
1060        17946.91676000
1061        17982.71921000
1062        18018.56408000
1063        18054.31417000
1064        18090.24247000
1065        18126.21196000
1066        18162.22397000
1067        18198.41130000
1068        18234.50469000
1069        18270.64064000
1070        18306.95517000
1071        18343.17263000
1072        18379.57299000
1073        18415.87203000
1074        18452.35701000
1075        18488.87855000
1076        18525.44582000
1077        18562.05099000
1078        18598.70323000
1079        18635.39734000
1080        18672.12811000
1081        18709.04541000
1082        18745.86282000
1083        18782.86328000
1084        18819.76480000
1085        18856.85242000
1086        18893.97850000
1087        18931.15094000
1088        18968.36188000
1089        19005.61923000
1090        19042.91379000
1091        19080.25481000
1092        19117.63703000
1093        19155.20880000
1094        19192.67633000
1095        19230.33120000
1096        19267.88412000
1097        19305.62348000
1098        19343.40589000
1099        19381.23136000
1100        19419.10123000
1101        19457.01421000
1102        19494.96766000
1103        19532.96957000
1104        19571.00933000
1105        19609.23899000
1106        19647.36933000
1107        19685.68469000
1108        19723.90172000
1109        19762.30285000
1110        19800.75301000
1111        19839.24153000
1112        19877.77779000
1113        19916.35379000
1114        19954.97757000
1115        19993.64381000
1116        20032.49873000
1117        20071.25281000
1118        20110.19869000
1119        20149.03936000
1120        20188.07093000
1121        20227.14815000
1122        20266.26970000
1123        20305.43427000
1124        20344.64591000
1125        20383.89926000
1126        20423.19837000
1127        20462.54058000
1128        20501.92861000
1129        20541.50854000
1130        20580.98575000
1131        20620.65397000
1132        20660.36982000
1133        20700.13065000
1134        20739.78400000
1135        20779.63598000
1136        20819.52894000
1137        20859.61865000
1138        20899.60059000
1139        20939.63303000
1140        20979.70518000
1141        21019.97632000
1142        21060.14033000
1143        21100.50242000
1144        21140.90876000
1145        21181.36072000
1146        21221.85833000
1147        21262.40025000
1148        21302.98922000
1149        21343.62254000
1150        21384.30160000
1151        21425.02641000
1152        21465.95034000
1153        21506.76967000
1154        21547.78172000
1155        21588.69156000
1156        21629.79865000
1157        21670.95477000
1158        21712.15035000
1159        21753.39912000
1160        21794.69288000
1161        21836.03027000
1162        21877.41543000
1163        21918.99979000
1164        21960.47802000
1165        22002.15590000
1166        22043.72728000
1167        22085.49737000
1168        22127.31716000
1169        22169.18114000
1170        22211.09486000
1171        22253.05144000
1172        22295.05780000
1173        22337.10844000
1174        22379.20892000
1175        22421.51027000
1176        22463.70654000
1177        22506.10274000
1178        22548.38934000
1179        22590.87909000
1180        22633.42201000
1181        22675.84644000
1182        22718.48026000
1183        22761.16176000
1184        22804.05070000
1185        22846.82641000
1186        22889.64987000
1187        22932.68424000
1188        22975.59925000
1189        23018.72843000
1190        23061.73788000
1191        23104.96335000
1192        23148.23011000
1193        23191.54937000
1194        23234.91415000
1195        23278.32728000
1196        23321.78878000
1197        23365.30008000
1198        23408.85417000
1199        23452.62372000
1200        23496.27632000
1201        23540.14343000
1202        23583.88900000
1203        23627.85235000
1204        23671.86184000
1205        23715.92031000
1206        23760.02779000
1207        23804.18571000
1208        23848.38844000
1209        23892.64166000
1210        23937.10761000
1211        23981.45642000
1212        24026.02124000
1213        24070.46856000
1214        24115.13235000
1215        24159.84150000
1216        24204.60171000
1217        24249.41017000
1218        24294.26975000
1219        24339.17476000
1220        24384.13379000
1221        24429.13829000
1222        24474.19401000
1223        24519.46581000
1224        24564.62136000
1225        24609.99060000
1226        24655.41155000
1227        24700.88425000
1228        24746.23424000
1229        24791.80169000
1230        24837.42381000
1231        24883.09204000
1232        24928.98168000
1233        24974.74811000
1234        25020.57219000
1235        25066.60689000
1236        25112.52932000
1237        25158.66569000
1238        25204.85736000
1239        25251.09570000
1240        25297.21530000
1241        25343.55551000
1242        25389.94823000
1243        25436.56243000
1244        25483.05179000
1245        25529.59664000
1246        25576.36076000
1247        25623.00526000
1248        25669.86950000
1249        25716.61667000
1250        25763.58402000
1251        25810.60452000
1252        25857.67530000
1253        25904.79927000
1254        25951.96773000
1255        25999.19235000
1256        26046.46442000
1257        26093.96743000
1258        26141.34341000
1259        26188.77272000
1260        26236.42786000
1261        26284.13388000
1262        26331.71503000
1263        26379.52562000
1264        26427.38423000
1265        26475.29676000
1266        26523.26028000
1267        26571.28071000
1268        26619.52628000
1269        26667.64316000
1270        26715.99153000
1271        26764.21377000
1272        26812.67091000
1273        26860.99567000
1274        26909.55284000
1275        26958.15870000
1276        27006.82506000
1277        27055.53423000
1278        27104.30101000
1279        27153.11951000
1280        27202.17227000
1281        27251.09152000
1282        27300.07146000
1283        27349.27746000
1284        27398.54165000
1285        27447.67158000
1286        27497.04015000
1287        27546.45807000
1288        27595.93131000
1289        27645.45395000
1290        27695.03493000
1291        27744.66238000
1292        27794.53329000
1293        27844.26585000
1294        27894.24235000
1295        27944.08609000
1296        27994.16230000
1297        28044.11733000
1298        28094.30230000
1299        28144.54030000
1300        28194.83434000
1301        28245.18445000
1302        28295.58167000
1303        28346.21941000
1304        28396.72911000
1305        28447.29197000
1306        28498.09006000
1307        28548.76256000
1308        28599.67074000
1309        28650.62961000
1310        28701.64519000
1311        28752.72054000
1312        28803.84361000
1313        28855.02348000
1314        28906.25715000
1315        28957.54466000
1316        29009.07318000
1317        29060.47165000
1318        29111.92098000
1319        29163.61508000
1320        29215.36052000
1321        29267.16642000
1322        29318.83525000
1323        29370.74677000
1324        29422.71883000
1325        29474.73931000
1326        29527.00360000
1327        29579.13333000
1328        29631.32372000
1329        29683.75560000
1330        29736.05235000
1331        29788.59411000
1332        29841.19095000
1333        29893.65516000
1334        29946.36509000
1335        29999.12712000
1336        30051.94432000
1337        30104.82286000
1338        30157.94544000
1339        30210.93161000
1340        30263.97305000
1341        30317.26231000
1342        30370.41767000
1343        30423.81825000
1344        30477.27771000
1345        30530.78992000
1346        30584.36414000
1347        30637.98806000
1348        30691.67406000
1349        30745.41290000
1350        30799.20768000
1351        30853.05842000
1352        30907.16006000
1353        30961.12613000
1354        31015.34047000
1355        31069.42198000
1356        31123.74602000
1357        31178.13592000
1358        31232.57929000
1359        31287.07614000
1360        31341.63273000
1361        31396.24907000
1362        31451.11291000
1363        31505.84283000
1364        31560.62635000
1365        31615.66744000
1366        31670.56156000
1367        31725.71685000
1368        31780.92627000
1369        31836.19609000
1370        31891.52321000
1371        31946.90764000
1372        32002.34943000
1373        32057.84544000
1374        32113.39885000
1375        32169.21584000
1376        32224.88747000
1377        32280.81688000
1378        32336.60683000
1379        32392.64875000
1380        32448.75496000
1381        32504.91600000
1382        32561.13508000
1383        32617.41220000
1384        32673.75056000
1385        32730.14386000
1386        32786.79756000
1387        32843.30735000
1388        32899.88164000
1389        32956.71073000
1390        33013.60166000
1391        33070.34472000
1392        33127.35282000
1393        33184.41647000
1394        33241.54525000
1395        33298.72645000
1396        33355.96964000
1397        33413.46997000
1398        33470.83107000
1399        33528.25424000
1400        33585.93529000
1401        33643.47013000
1402        33701.27612000
1403        33759.13832000
1404        33817.05678000
1405        33875.04111000
1406        33933.07852000
1407        33991.17866000
1408        34049.33835000
1409        34107.55761000
1410        34166.04402000
1411        34224.38272000
1412        34282.98583000
1413        34341.44728000
1414        34400.16720000
1415        34458.95694000
1416        34517.80043000
1417        34576.71057000
1418        34635.67450000
1419        34694.70515000
1420        34753.78639000
1421        34812.93764000
1422        34872.35620000
1423        34931.62190000
1424        34991.16187000
1425        35050.54859000
1426        35110.21007000
1427        35169.93572000
1428        35229.71254000
1429        35289.55682000
1430        35349.46534000
1431        35409.42509000
1432        35469.45240000
1433        35529.75340000
1434        35589.90307000
1435        35650.32040000
1436        35710.59253000
1437        35771.13608000
1438        35831.74453000
1439        35892.40809000
1440        35952.92567000
1441        36013.71567000
1442        36074.78532000
1443        36135.69902000
1444        36196.67778000
1445        36257.70849000
1446        36319.02314000
1447        36380.18434000
1448        36441.62669000
1449        36503.12482000
1450        36564.47218000
1451        36626.09816000
1452        36687.78657000
1453        36749.53414000
1454        36811.56483000
1455        36873.43760000
1456        36935.37622000
1457        36997.37740000
1458        37059.65276000
1459        37121.77936000
1460        37184.18063000
1461        37246.65165000
1462        37309.17917000
1463        37371.77649000
1464        37434.43367000
1465        37497.15407000
1466        37559.93437000
1467        37622.78127000
1468        37685.68812000
1469        37748.88233000
1470        37811.91606000
1471        37875.23765000
1472        37938.61973000
1473        38001.84409000
1474        38065.35371000
1475        38128.92726000
1476        38192.56810000
1477        38256.26621000
1478        38320.25104000
1479        38384.08075000
1480        38447.97451000
1481        38512.15239000
1482        38576.17456000
1483        38640.48471000
1484        38704.85273000
1485        38769.06782000
1486        38833.56151000
1487        38898.13003000
1488        38962.75987000
1489        39027.45107000
1490        39092.43586000
1491        39157.26022000
1492        39222.14261000
1493        39287.32275000
1494        39352.33168000
1495        39417.64905000
1496        39483.01481000
1497        39548.45277000
1498        39613.95275000
1499        39679.52498000
1500        39745.15248000
1501        39810.85229000
1502        39876.61422000
1503        39942.44513000
1504        40008.56683000
1505        40074.51889000
1506        40140.77251000
1507        40207.09225000
1508        40273.24517000
1509        40339.69356000
1510        40406.21158000
1511        40472.79240000
1512        40539.43946000
1513        40606.37660000
1514        40673.16334000
1515        40740.00609000
1516        40807.14311000
1517        40874.11882000
1518        40941.39966000
1519        41008.73703000
1520        41076.13787000
1521        41143.38005000
1522        41210.92493000
1523        41278.76287000
1524        41346.43509000
1525        41414.16742000
1526        41481.98070000
1527        41550.08456000
1528        41618.02189000
1529        41686.26072000
1530        41754.33957000
1531        41822.70652000
1532        41891.14812000
1533        41959.65396000
1534        42028.23452000
1535        42096.87588000
1536        42165.58504000
1537        42234.60519000
1538        42303.44677000
1539        42372.59288000
1540        42441.57047000
1541        42510.86010000
1542        42579.97382000
1543        42649.39310000
1544        42718.87734000
1545        42788.43710000
1546        42858.05837000
1547        42927.74820000
1548        42997.74181000
1549        43067.57258000
1550        43137.46846000
1551        43207.66538000
1552        43277.69532000
1553        43348.04092000
1554        43418.44514000
1555        43488.92565000
1556        43559.46483000
1557        43630.08389000
1558        43700.76521000
1559        43771.51231000
1560        43842.32879000
1561        43913.46703000
1562        43984.42255000
1563        44055.68972000
1564        44126.78796000
1565        44198.19125000
1566        44269.66809000
1567        44341.21140000
1568        44412.82832000
1569        44484.50819000
1570        44556.26172000
1571        44628.08182000
1572        44699.97922000
1573        44772.18061000
1574        44844.21150000
1575        44916.55403000
1576        44988.97446000
1577        45061.21304000
1578        45133.76762000
1579        45206.39302000
1580        45279.09285000
1581        45351.85277000
1582        45424.69078000
1583        45497.83578000
1584        45570.81590000
1585        45643.86341000
1586        45717.22227000
1587        45790.65984000
1588        45863.91731000
1589        45937.49413000
1590        46011.13530000
1591        46084.86255000
1592        46158.64697000
1593        46232.50668000
1594        46306.43083000
1595        46380.68725000
1596        46454.75510000
1597        46529.14849000
1598        46603.35652000
1599        46677.90153000
1600        46752.50068000
1601        46827.17946000
1602        46901.92333000
1603        46976.75420000
1604        47051.64658000
1605        47126.60412000
1606        47201.64145000
1607        47276.75131000
1608        47352.18278000
1609        47427.43435000
1610        47503.00439000
1611        47578.65852000
1612        47654.37846000
1613        47730.16421000
1614        47806.03050000
1615        47881.97367000
1616        47957.97539000
1617        48034.05773000
1618        48110.21705000
1619        48186.69765000
1620        48262.99284000
1621        48339.61719000
1622        48416.32651000
1623        48492.83871000
1624        48569.68086000
1625        48646.59698000
1626        48723.59449000
1627        48800.65863000
1628        48877.79311000
1629        48955.25564000
1630        49032.54596000
1631        49110.16115000
1632        49187.58887000
1633        49265.34941000
1634        49343.19209000
1635        49420.83921000
1636        49498.81622000
1637        49576.87174000
1638        49655.00579000
1639        49733.47100000
1640        49811.74752000
1641        49890.09520000
1642        49968.78978000
1643        50047.28755000
1644        50126.11779000
1645        50204.77328000
1646        50283.75427000
1647        50362.81079000
1648        50441.93913000
1649        50521.15432000
1650        50600.43387000
1651        50679.78529000
1652        50759.47555000
1653        50838.98612000
1654        50918.82853000
1655        50998.47953000
1656        51078.47043000
1657        51158.54518000
1658        51238.42033000
1659        51318.63618000
1660        51398.92841000
1661        51479.56614000
1662        51560.00767000
1663        51640.52945000
1664        51721.12394000
1665        51802.06502000
1666        51882.80902000
1667        51963.89255000
1668        52045.05315000
1669        52126.29850000
1670        52207.34972000
1671        52288.73771000
1672        52370.20672000
1673        52452.01733000
1674        52533.63344000
1675        52615.33065000
1676        52697.37409000
1677        52779.21856000
1678        52861.40978000
1679        52943.41310000
1680        53025.76372000
1681        53108.18076000
1682        53190.67962000
1683        53273.25647000
1684        53355.91520000
1685        53438.64045000
1686        53521.71509000
1687        53604.60062000
1688        53687.83610000
1689        53770.87048000
1690        53854.25920000
1691        53937.71890000
1692        54020.98845000
1693        54104.60929000
1694        54188.30118000
1695        54272.07965000
1696        54356.20684000
1697        54440.13167000
1698        54524.13929000
1699        54608.50031000
1700        54692.66610000
1701        54777.17416000
1702        54861.76172000
1703        54946.16510000
1704        55030.91154000
1705        55115.73758000
1706        55200.63935000
1707        55285.90498000
1708        55370.96244000
1709        55456.10352000
1710        55541.59364000
1711        55626.90232000
1712        55712.54884000
1713        55798.00173000
1714        55883.80867000
1715        55969.70776000
1716        56055.66762000
1717        56141.71578000
1718        56227.83653000
1719        56314.05353000
1720        56400.61092000
1721        56486.97349000
1722        56573.68880000
1723        56660.22070000
1724        56747.10589000
1725        56834.06038000
1726        56921.10792000
1727        57008.22482000
1728        57095.42295000
1729        57182.70633000
1730        57270.06706000
1731        57357.50515000
1732        57445.30708000
1733        57532.90023000
1734        57620.87367000
1735        57708.63392000
1736        57796.74716000
1737        57884.95037000
1738        57973.24358000
1739        58061.60290000
1740        58150.04830000
1741        58238.57183000
1742        58327.18550000
1743        58416.15054000
1744        58504.91684000
1745        58594.05106000
1746        58682.98613000
1747        58772.27762000
1748        58861.65194000
1749        58951.10909000
1750        59040.65716000
1751        59130.26804000
1752        59219.96990000
1753        59309.76278000
1754        59399.62658000
1755        59489.85749000
1756        59579.87954000
1757        59670.28541000
1758        59760.76276000
1759        59851.32376000
1760        59941.67502000
1761        60032.40718000
1762        60123.21498000
1763        60214.38446000
1764        60305.35598000
1765        60396.41539000
1766        60487.84135000
1767        60579.05654000
1768        60670.64696000
1769        60762.03838000
1770        60853.79337000
1771        60945.63286000
1772        61037.55279000
1773        61129.56543000
1774        61221.64223000
1775        61313.81181000
1776        61406.35525000
1777        61498.70256000
1778        61591.11822000
1779        61683.91264000
1780        61776.80053000
1781        61869.46685000
1782        61962.51279000
1783        62055.63996000
1784        62148.86073000
1785        62242.15457000
1786        62335.82963000
1787        62429.29050000
1788        62522.84923000
1789        62616.78177000
1790        62710.49535000
1791        62804.58741000
1792        62898.77797000
1793        62993.03815000
1794        63087.09087000
1795        63181.51904000
1796        63276.34413000
1797        63370.94504000
1798        63465.62810000
1799        63560.39748000
1800        63655.56495000
1801        63750.50318000
1802        63845.82342000
1803        63941.23061000
1804        64036.73310000
1805        64132.31010000
1806        64227.97414000
1807        64323.73777000
1808        64419.56764000
1809        64515.48462000
1810        64611.48877000
1811        64707.88630000
1812        64804.06929000
1813        64900.62949000
1814        64997.27746000
1815        65094.01744000
1816        65190.83687000
1817        65287.74838000
1818        65384.73519000
1819        65481.82254000
1820        65578.98524000
1821        65676.24015000
1822        65773.87942000
1823        65871.30645000
1824        65969.11840000
1825        66067.02320000
1826        66164.70242000
1827        66262.78008000
1828        66360.94645000
1829        66459.18887000
1830        66557.82683000
1831        66656.25979000
1832        66754.76464000
1833        66853.66587000
1834        66952.35722000
1835        67051.43279000
1836        67150.59356000
1837        67249.53955000
1838        67348.88335000
1839        67448.30393000
1840        67547.82261000
1841        67647.41812000
1842        67747.42160000
1843        67847.20095000
1844        67947.06147000
1845        68047.32655000
1846        68147.68191000
1847        68247.80368000
1848        68348.33087000
1849        68448.93985000
1850        68549.65640000
1851        68650.44192000
1852        68751.32649000
1853        68852.28866000
1854        68953.66708000
1855        69054.80628000
1856        69156.35800000
1857        69257.67434000
1858        69359.39947000
1859        69461.21579000
1860        69563.11469000
1861        69665.11782000
1862        69767.19060000
1863        69869.36335000
1864        69971.62311000
1865        70073.97425000
1866        70176.72833000
1867        70279.24955000
1868        70382.18296000
1869        70485.20402000
1870        70588.31713000
1871        70691.19648000
1872        70794.48915000
1873        70897.87396000
1874        71001.66012000
1875        71105.22519000
1876        71208.86503000
1877        71312.93762000
1878        71416.76226000
1879        71521.00275000
1880        71625.01231000
1881        71729.43831000
1882        71833.94848000
1883        71938.54282000
1884        72043.23454000
1885        72148.02807000
1886        72253.21803000
1887        72358.18037000
1888        72463.24904000
1889        72568.71055000
1890        72674.27016000
1891        72779.59686000
1892        72885.33927000
1893        72991.17548000
1894        73097.10108000
1895        73203.10727000
1896        73309.22503000
1897        73415.42343000
1898        73522.03979000
1899        73628.41306000
1900        73735.21817000
1901        73841.78418000
1902        73948.76930000
1903        74055.83570000
1904        74163.01008000
1905        74270.27025000
1906        74377.62068000
1907        74485.05248000
1908        74592.59688000
1909        74700.55401000
1910        74808.27493000
1911        74916.40466000
1912        75024.32009000
1913        75132.64490000
1914        75241.06518000
1915        75349.58098000
1916        75458.17439000
1917        75566.87234000
1918        75675.66590000
1919        75784.55510000
1920        75893.86064000
1921        76002.93250000
1922        76112.41225000
1923        76221.68487000
1924        76331.36597000
1925        76441.13439000
1926        76550.99919000
1927        76660.96943000
1928        76771.02708000
1929        76881.17217000
1930        76991.41376000
1931        77102.09344000
1932        77212.51935000
1933        77323.37486000
1934        77433.99426000
1935        77545.05293000
1936        77656.19066000
1937        77767.42564000
1938        77878.75790000
1939        77990.18747000
1940        78101.70529000
1941        78213.31137000
1942        78325.36843000
1943        78437.16962000
1944        78549.40414000
1945        78661.73668000
1946        78773.83091000
1947        78886.35020000
1948        78998.96762000
1949        79111.67403000
1950        79224.48779000
1951        79337.72827000
1952        79450.72961000
1953        79563.82004000
1954        79677.35643000
1955        79790.63459000
1956        79904.35931000
1957        80018.17375000
1958        80132.08717000
1959        80246.09958000
1960        80360.20181000
1961        80474.40310000
1962        80588.71273000
1963        80703.10302000
1964        80817.93351000
1965        80932.51315000
1966        81047.55212000
1967        81162.66306000
1968        81277.54101000
1969        81392.86064000
1970        81508.27085000
1971        81623.78099000
1972        81739.72490000
1973        81855.43522000
1974        81971.24557000
1975        82087.48125000
1976        82203.47334000
1977        82319.91931000
1978        82436.11193000
1979        82552.74033000
1980        82669.46947000
1981        82786.30873000
1982        82903.23008000
1983        83020.25225000
1984        83137.72155000
1985        83254.94574000
1986        83372.60827000
1987        83490.02524000
1988        83607.89052000
1989        83725.85736000
1990        83843.55912000
1991        83961.71949000
1992        84079.96266000
1993        84198.33581000
1994        84317.14070000
1995        84435.68928000
1996        84554.33965000
1997        84673.45096000
1998        84792.29580000
1999        84911.58324000
2000        85030.99208000
2001        85150.49392000
2002        85270.08878000
2003        85389.77670000
2004        85509.57668000
2005        85629.47928000
2006        85749.46550000
2007        85869.90669000
2008        85990.10808000
2009        86110.76504000
2010        86231.50624000
2011        86351.99742000
2012        86472.95461000
2013        86593.99609000
2014        86715.14101000
2015        86836.73423000
2016        86958.10553000
2017        87079.55164000
2018        87201.44694000
2019        87323.10048000
2020        87445.21340000
2021        87567.41130000
2022        87689.37640000
2023        87811.79215000
2024        87934.29296000
2025        88056.90772000
2026        88179.97452000
2027        88302.80797000
2028        88425.71691000
2029        88549.07876000
2030        88672.20659000
2031        88795.78793000
2032        88919.46469000
2033        89043.24657000
2034        89167.12394000
2035        89291.12589000
2036        89415.21368000
2037        89539.39703000
2038        89663.68567000
2039        89788.45012000
2040        89912.94973000
2041        90037.90630000
2042        90162.60728000
2043        90287.77554000
2044        90413.04009000
2045        90538.41070000
2046        90663.87765000
2047        90789.47026000
2048        90915.50288000
2049        91041.28860000
2050        91167.18055000
2051        91293.53293000
2052        91419.98234000
2053        91546.18396000
2054        91672.84687000
2055        91799.61673000
2056        91926.47391000
2057        92053.45774000
2058        92180.53880000
2059        92308.08315000
2060        92435.35895000
2061        92563.11835000
2062        92690.61859000
2063        92818.58332000
2064        92946.63607000
2065        93074.81638000
2066        93202.72673000
2067        93331.48083000
2068        93459.95511000
2069        93588.54723000
2070        93717.25726000
2071        93846.41482000
2072        93975.32135000
2073        94104.68590000
2074        94234.18892000
2075        94363.40047000
2076        94493.09080000
2077        94622.90982000
2078        94752.79776000
2079        94883.18589000
2080        95013.29178000
2081        95143.52652000
2082        95274.22245000
2083        95404.64538000
2084        95535.56006000
2085        95666.57430000
2086        95797.69814000
2087        95928.93163000
2088        96060.25472000
2089        96191.70760000
2090        96323.25013000
2091        96454.89238000
2092        96587.02939000
2093        96718.91170000
2094        96851.24910000
2095        96983.69696000
2096        97115.88940000
2097        97248.55799000
2098        97381.32704000
2099        97514.21678000
2100        97647.18680000
2101        97780.67516000
2102        97913.87692000
2103        98047.55713000
2104        98180.99079000
2105        98314.89338000
2106        98448.88702000
2107        98582.63344000
2108        98716.86999000
2109        98851.19766000
2110        98986.00641000
2111        99120.55741000
2112        99255.23019000
2113        99389.98400000
2114        99525.24047000
2115        99660.59896000
2116        99795.69857000
2117        99931.27113000
2118       100066.95601000
2119       100202.75325000
2120       100338.66289000
2121       100474.66447000
2122       100611.17175000
2123       100747.40883000
2124       100883.75845000
2125       101020.58390000
2126       101157.52250000
2127       101294.17964000
2128       101431.35466000
2129       101568.62235000
2130       101706.00332000
2131       101843.49764000
2132       101981.48068000
2133       102119.18136000
2134       102256.99547000
2135       102395.31990000
2136       102533.35090000
2137       102671.88249000
2138       102810.52818000
2139       102949.28804000
2140       103088.15170000
2141       103227.12959000
2142       103366.21135000
2143       103505.40739000
2144       103645.09631000
2145       103784.51090000
2146       103924.42939000
2147       104064.47329000
2148       104204.22130000
2149       104344.46370000
2150       104484.81072000
2151       104625.29376000
2152       104765.87104000
2153       104906.95491000
2154       105047.76287000
2155       105188.68610000
2156       105330.10636000
2157       105471.64250000
2158       105612.90180000
2159       105754.65904000
2160       105896.52175000
2161       106038.48994000
2162       106180.58472000
2163       106322.79558000
2164       106465.49590000
2165       106607.92879000
2166       106750.87283000
2167       106893.51731000
2168       107036.68412000
2169       107179.94663000
2170       107323.34719000
2171       107466.84351000
2172       107610.45678000
2173       107754.17644000
2174       107898.02374000
2175       108041.96688000
2176       108186.42480000
2177       108330.60244000
2178       108475.29549000
2179       108620.09566000
2180       108765.01362000
2181       108910.03875000
2182       109055.19241000
2183       109200.44264000
2184       109345.81079000
2185       109491.30760000
2186       109637.30148000
2187       109783.00254000
2188       109929.23336000
2189       110075.58285000
2190       110222.02960000
2191       110368.19328000
2192       110514.87725000
2193       110662.08239000
2194       110808.99355000
2195       110956.02359000
2196       111103.16178000
2197       111250.83315000
2198       111398.60251000
2199       111546.08744000
2200       111694.08491000
2201       111842.22362000
2202       111990.44962000
2203       112138.81695000
2204       112287.28242000
2205       112435.86767000
2206       112584.96786000
2207       112733.78226000
2208       112883.11219000
2209       113032.16669000
2210       113181.73736000
2211       113331.41772000
2212       113481.22955000
2213       113631.15115000
2214       113781.18253000
2215       113931.32373000
2216       114082.01616000
2217       114232.38824000
2218       114383.29037000
2219       114533.90437000
2220       114685.06000000
2221       114836.32618000
2222       114987.69200000
2223       115139.17936000
2224       115290.79925000
2225       115442.52982000
2226       115594.78254000
2227       115746.73478000
2228       115899.25373000
2229       116051.43877000
2230       116204.15817000
2231       116356.99996000
2232       116509.97519000
2233       116663.06189000
2234       116816.26007000
2235       116969.56976000
2236       117123.01307000
2237       117276.55691000
2238       117430.64924000
2239       117584.86482000
2240       117738.76621000
2241       117893.20599000
2242       118047.75803000
2243       118202.45564000
2244       118357.25450000
2245       118512.16572000
2246       118667.18933000
2247       118822.77600000
2248       118978.05812000
2249       119133.85945000
2250       119289.36684000
2251       119445.42748000
2252       119601.60125000
2253       119757.88819000
2254       119914.28830000
2255       120070.82398000
2256       120227.47290000
2257       120384.65519000
2258       120541.54217000
2259       120698.97433000
2260       120856.11071000
2261       121013.77046000
2262       121171.55542000
2263       121329.48810000
2264       121487.51235000
2265       121645.66192000
2266       121803.93684000
2267       121962.76003000
2268       122121.26354000
2269       122280.31593000
2270       122439.09324000
2271       122598.38623000
2272       122757.79406000
2273       122917.35066000
2274       123077.02218000
2275       123236.79731000
2276       123396.71005000
2277       123556.73779000
2278       123717.31785000
2279       123877.59864000
2280       124038.40967000
2281       124199.33636000
2282       124359.99716000
2283       124521.17775000
2284       124682.47408000
2285       124843.92039000
2286       125005.89932000
2287       125167.56619000
2288       125329.37176000
2289       125491.72229000
2290       125653.77144000
2291       125816.36617000
2292       125979.07746000
2293       126141.93970000
2294       126304.89566000
2295       126467.97973000
2296       126631.19196000
2297       126794.53239000
2298       126958.43264000
2299       127122.00688000
2300       127286.13006000
2301       127450.41666000
2302       127614.35347000
2303       127778.87472000
2304       127943.49041000
2305       128108.25822000
2306       128273.14360000
2307       128438.56911000
2308       128603.71308000
2309       128769.39782000
2310       128934.78899000
2311       129100.70994000
2312       129266.76077000
2313       129432.97631000
2314       129598.83933000
2315       129765.71613000
2316       129932.26364000
2317       130098.97611000
2318       130265.77218000
2319       130433.15917000
2320       130600.22750000
2321       130767.84081000
2322       130935.59661000
2323       131103.45994000
2324       131271.47753000
2325       131439.60270000
2326       131607.85887000
2327       131776.22265000
2328       131945.19265000
2329       132113.81886000
2330       132283.01682000
2331       132451.89388000
2332       132621.36682000
2333       132790.92461000
2334       132960.63774000
2335       133130.45925000
2336       133300.43623000
2337       133470.50987000
2338       133641.17017000
2339       133811.49634000
2340       133982.42164000
2341       134153.00049000
2342       134324.16732000
2343       134495.46692000
2344       134666.88751000
2345       134838.44095000
2346       135010.10359000
2347       135182.36829000
2348       135354.28524000
2349       135526.34703000
2350       135698.96441000
2351       135871.73919000
2352       136044.16513000
2353       136217.18325000
2354       136390.33514000
2355       136563.60893000
2356       136737.01655000
2357       136910.98249000
2358       137084.64626000
2359       137258.43205000
2360       137432.80097000
2361       137607.29254000
2362       137781.45706000
2363       137956.22963000
2364       138131.08901000
2365       138306.10710000
2366       138481.69885000
2367       138656.97487000
2368       138832.37375000
2369       139008.33521000
2370       139184.00423000
2371       139360.26053000
2372       139536.61632000
2373       139713.11978000
2374       139889.29372000
2375       140066.50965000
2376       140243.39612000
2377       140420.40630000
2378       140597.57647000
2379       140775.31291000
2380       140952.71887000
2381       141130.71592000
2382       141308.86164000
2383       141487.10760000
2384       141665.50231000
2385       141844.02156000
2386       142022.67752000
2387       142201.45807000
2388       142380.82041000
2389       142559.86269000
2390       142739.52393000
2391       142918.81591000
2392       143098.71532000
2393       143278.74008000
2394       143458.92685000
2395       143639.20242000
2396       143819.62787000
2397       144000.65077000
2398       144181.33974000
2399       144362.16650000
2400       144543.59170000
2401       144725.13083000
2402       144906.82070000
2403       145088.17537000
2404       145270.10520000
2405       145452.66025000
2406       145634.87991000
2407       145817.22594000
2408       145999.68606000
2409       146182.77276000
2410       146365.98652000
2411       146548.85125000
2412       146732.31890000
2413       146915.95075000
2414       147099.68506000
2415       147283.54656000
2416       147467.56004000
2417       147652.19107000
2418       147836.47180000
2419       148021.32113000
2420       148205.86923000
2421       148391.03623000
2422       148576.31881000
2423       148761.71699000
2424       148947.26810000
2425       149132.97221000
2426       149318.79200000
2427       149504.72749000
2428       149691.29724000
2429       149877.52684000
2430       150064.35396000
2431       150251.32243000
2432       150438.41981000
2433       150625.17597000
2434       150812.54345000
2435       151000.52315000
2436       151188.16146000
2437       151375.94136000
2438       151564.32193000
2439       151752.37288000
2440       151941.05029000
2441       152129.81974000
2442       152318.27139000
2443       152507.33790000
2444       152697.03279000
2445       152886.37195000
2446       153075.84104000
2447       153265.44006000
2448       153455.66880000
2449       153645.55337000
2450       153836.05570000
2451       154026.68870000
2452       154217.46506000
2453       154408.35947000
2454       154599.39730000
2455       154790.60397000
2456       154981.91610000
2457       155173.84888000
2458       155365.44844000
2459       155557.65660000
2460       155749.51832000
2461       155942.01474000
2462       156134.63002000
2463       156327.41518000
2464       156520.30650000
2465       156713.34227000
2466       156906.97671000
2467       157100.31457000
2468       157294.25176000
2469       157487.84077000
2470       157682.04250000
2471       157876.41514000
2472       158070.90748000
2473       158265.53235000
2474       158460.28978000
2475       158655.20549000
2476       158850.24098000
2477       159045.90491000
2478       159241.23175000
2479       159437.20061000
2480       159633.27705000
2481       159829.51265000
2482       160025.89456000
2483       160222.39702000
2484       160419.04586000
2485       160615.81527000
2486       160812.75701000
2487       161010.30524000
2488       161207.51446000
2489       161405.34375000
2490       161603.33322000
2491       161801.44401000
2492       161999.70209000
2493       162198.09453000
2494       162396.64733000
2495       162595.33457000
2496       162794.63173000
2497       162993.60121000
2498       163193.20732000
2499       163392.93553000
2500       163592.32228000
2501       163792.33360000
2502       163992.49319000
2503       164192.78805000
2504       164393.72212000
2505       164594.30096000
2506       164795.04135000
2507       164996.39576000
2508       165197.89929000
2509       165399.07279000
2510       165600.86128000
2511       165802.78588000
2512       166004.85975000
2513       166207.08296000
2514       166409.93616000
2515       166612.43211000
2516       166815.07750000
2517       167018.36706000
2518       167221.79355000
2519       167424.86173000
2520       167628.57508000
2521       167832.43867000
2522       168036.43933000
2523       168240.57708000
2524       168445.36191000
2525       168649.80072000
2526       168854.87405000
2527       169059.58757000
2528       169264.94953000
2529       169470.46265000
2530       169676.11369000
2531       169881.90267000
2532       170087.84294000
2533       170293.93453000
2534       170500.16417000
2535       170707.03187000
2536       170913.57801000
2537       171120.73619000
2538       171328.04650000
2539       171535.49560000
2540       171743.09690000
2541       171950.83707000
2542       172158.72952000
2543       172366.76090000
2544       172574.95806000
2545       172783.78376000
2546       172992.24583000
2547       173201.36391000
2548       173410.64857000
2549       173620.04606000
2550       173829.61021000
2551       174039.31414000
2552       174249.17136000
2553       174459.19541000
2554       174669.83800000
2555       174880.12868000
2556       175091.07903000
2557       175302.16995000
2558       175513.40149000
2559       175724.28009000
2560       175936.32711000
2561       176148.00775000
2562       176359.82913000
2563       176571.84555000
2564       176784.47068000
2565       176996.72836000
2566       177209.64967000
2567       177422.73968000
2568       177635.95763000
2569       177849.33076000
2570       178062.84550000
2571       178276.52914000
2572       178490.35447000
2573       178704.83277000
2574       178918.92819000
2575       179133.71822000
2576       179348.12483000
2577       179563.18573000
2578       179778.40278000
2579       179993.78973000
2580       180209.31924000
2581       180425.49125000
2582       180641.30622000
2583       180857.27756000
2584       181073.90613000
2585       181290.67797000
2586       181507.09177000
2587       181724.20508000
2588       181941.42049000
2589       182158.79311000
2590       182376.33677000
2591       182594.52677000
2592       182812.34396000
2593       183030.86340000
2594       183249.00953000
2595       183467.80330000
2596       183686.74133000
2597       183905.83750000
2598       184125.11958000
2599       184344.51833000
2600       184564.06146000
2601       184783.74901000
2602       185004.14263000
2603       185224.14724000
2604       185444.83082000
2605       185665.65956000
2606       185886.64745000
2607       186107.78056000
2608       186329.04500000
2609       186550.49658000
2610       186772.10748000
2611       186994.35845000
2612       187216.24647000
2613       187438.80313000
2614       187661.03834000
2615       187883.90088000
2616       188106.92357000
2617       188330.10645000
2618       188553.44958000
2619       188777.46397000
2620       189001.08587000
2621       189224.88218000
2622       189449.35077000
2623       189673.98041000
2624       189898.23053000
2625       190123.16802000
2626       190348.23849000
2627       190573.49840000
2628       190799.40497000
2629       191024.95953000
2630       191250.64718000
2631       191477.03899000
2632       191703.03560000
2633       191929.73708000
2634       192156.57236000
2635       192383.58397000
2636       192610.72942000
2637       192838.05132000
2638       193065.50711000
2639       193293.67050000
2640       193521.43709000
2641       193749.89774000
2642       193978.53571000
2643       194206.76181000
2644       194435.69727000
2645       194664.76740000
2646       194894.01504000
2647       195123.93086000
2648       195353.49113000
2649       195583.20049000
2650       195813.57901000
2651       196044.12157000
2652       196274.30759000
2653       196505.17809000
2654       196736.18411000
2655       196967.35434000
2656       197198.71758000
2657       197430.73853000
2658       197662.35889000
2659       197894.18680000
2660       198126.68779000
2661       198359.32506000
2662       198592.12745000
2663       198825.10944000
2664       199058.24224000
2665       199291.51143000
2666       199524.96037000
2667       199758.54575000
2668       199992.85081000
2669       200226.78181000
2670       200461.37528000
2671       200696.14935000
2672       200931.08962000
2673       201166.16709000
2674       201401.39629000
2675       201636.83538000
2676       201872.38270000
2677       202108.62441000
2678       202344.51940000
2679       202581.10948000
2680       202817.83756000
2681       203054.20362000
2682       203291.25119000
2683       203528.49522000
2684       203766.40743000
2685       204003.92798000
2686       204241.63054000
2687       204480.03151000
2688       204718.04003000
2689       204956.76226000
2690       205195.63801000
2691       205434.68198000
2692       205673.89421000
2693       205913.23070000
2694       206152.76490000
2695       206393.00085000
2696       206632.82807000
2697       206873.38713000
2698       207113.56640000
2699       207354.41927000
2700       207595.45609000
2701       207836.64742000
2702       208078.02284000
2703       208319.52329000
2704       208561.74390000
2705       208803.59826000
2706       209046.14391000
2707       209288.32281000
2708       209531.17883000
2709       209774.20505000
2710       210017.43122000
2711       210260.78318000
2712       210504.32036000
2713       210747.98334000
2714       210992.41521000
2715       211236.41943000
2716       211481.11881000
2717       211726.01918000
2718       211970.52082000
2719       212215.74850000
2720       212461.11764000
2721       212706.64320000
2722       212952.92635000
2723       213198.78012000
2724       213445.37723000
2725       213691.57434000
2726       213938.50055000
2727       214185.56902000
2728       214432.82478000
2729       214680.23787000
2730       214927.79330000
2731       215175.53617000
2732       215423.40638000
2733       215672.06894000
2734       215920.26945000
2735       216169.23294000
2736       216418.33954000
2737       216667.64962000
2738       216917.07268000
2739       217166.69932000
2740       217416.45407000
2741       217666.39740000
2742       217917.07668000
2743       218167.32200000
2744       218418.33424000
2745       218669.50561000
2746       218920.85131000
2747       219172.32584000
2748       219423.98995000
2749       219675.82852000
2750       219927.82638000
2751       220179.96835000
2752       220432.89607000
2753       220685.92290000
2754       220938.58936000
2755       221191.96646000
2756       221445.54946000
2757       221699.26208000
2758       221953.16545000
2759       222207.76613000
2760       222462.02089000
2761       222716.95833000
2762       222971.53406000
2763       223226.80841000
2764       223482.30510000
2765       223737.90150000
2766       223993.72038000
2767       224249.65430000
2768       224505.82622000
2769       224762.09785000
2770       225019.14790000
2771       225275.77309000
2772       225533.17747000
2773       225790.69758000
2774       226048.42594000
2775       226306.28547000
2776       226564.36882000
2777       226822.59885000
2778       227081.53363000
2779       227340.11923000
2780       227599.39476000
2781       227858.30514000
2782       228117.92159000
2783       228377.76299000
2784       228637.72083000
2785       228897.87271000
2786       229158.17209000
2787       229419.25750000
2788       229679.89892000
2789       229941.31154000
2790       230202.31073000
2791       230464.05070000
2792       230725.97013000
2793       230988.03787000
2794       231250.30077000
2795       231512.72766000
2796       231775.91332000
2797       232038.68423000
2798       232302.18332000
2799       232565.32975000
2800       232829.15804000
2801       233093.19816000
2802       233357.38745000
2803       233621.78872000
2804       233886.33923000
2805       234151.62090000
2806       234416.53314000
2807       234681.57897000
2808       234947.38843000
2809       235213.36361000
2810       235479.55184000
2811       235745.89013000
2812       236012.37848000
2813       236279.04847000
2814       236545.90018000
2815       236813.51865000
2816       237080.71842000
2817       237348.65402000
2818       237616.80380000
2819       237884.50235000
2820       238152.96945000
2821       238422.22195000
2822       238691.03884000
2823       238960.03848000
2824       239229.20501000
2825       239499.11071000
2826       239769.24764000
2827       240038.91569000
2828       240309.37170000
2829       240579.99542000
2830       240850.80283000
2831       241121.77801000
2832       241393.49536000
2833       241664.83847000
2834       241936.94043000
2835       242208.58768000
2836       242481.02646000
2837       242753.66589000
2838       243026.44194000
2839       243299.40271000
2840       243572.54825000
2841       243845.86256000
2842       244119.95518000
2843       244393.59135000
2844       244668.03870000
2845       244942.07731000
2846       245216.84737000
2847       245491.81925000
2848       245766.96078000
2849       246042.27200000
2850       246318.36502000
2851       246594.03217000
2852       246870.44952000
2853       247146.50509000
2854       247423.31159000
2855       247700.25624000
2856       247977.40383000
2857       248254.77065000
2858       248532.24326000
2859       248809.93521000
2860       249088.41321000
2861       249366.43070000
2862       249645.23493000
2863       249924.24314000
2864       250202.80622000
2865       250482.15715000
2866       250761.67963000
2867       251041.95868000
2868       251321.87364000
2869       251601.94397000
2870       251882.78825000
2871       252163.16966000
2872       252444.40747000
2873       252725.78502000
2874       253007.31868000
2875       253289.05760000
2876       253571.00187000
2877       253853.06956000
2878       254135.94742000
2879       254418.40994000
2880       254701.66698000
2881       254985.06453000
2882       255268.65192000
2883       255552.44567000
2884       255836.39644000
2885       256120.53720000
2886       256404.85152000
2887       256689.98003000
2888       256974.64189000
2889       257260.10214000
2890       257545.14471000
2891       257830.96987000
2892       258116.98599000
2893       258403.17656000
2894       258689.55818000
2895       258976.70787000
2896       259263.45548000
2897       259550.98845000
2898       259838.05240000
2899       260125.96884000
2900       260414.04402000
2901       260702.29457000
2902       260990.70389000
2903       261279.33859000
2904       261568.76177000
2905       261857.74783000
2906       262147.48968000
2907       262436.86060000
2908       262727.00469000
2909       263017.34181000
2910       263307.82184000
2911       263598.52842000
2912       263889.41143000
2913       264180.47090000
2914       264472.32300000
2915       264763.75257000
2916       265055.97549000
2917       265348.39244000
2918       265641.00348000
2919       265933.74141000
2920       266226.70711000
2921       266519.85021000
2922       266813.20443000
2923       267107.30455000
2924       267400.99720000
2925       267695.50388000
2926       267990.22254000
2927       268285.05191000
2928       268580.11023000
2929       268875.34688000
2930       269170.79573000
2931       269466.40607000
2932       269762.79974000
2933       270059.38945000
2934       270355.58671000
2935       270652.56837000
2936       270949.71228000
2937       271247.03542000
2938       271544.58885000
2939       271842.30463000
2940       272140.82416000
2941       272438.95013000
2942       272737.81243000
2943       273036.28062000
2944       273335.53694000
2945       273635.02467000
2946       273934.67558000
2947       274234.47256000
2948       274535.12808000
2949       274835.33732000
2950       275136.35453000
2951       275436.97630000
2952       275738.33821000
2953       276039.93268000
2954       276341.70833000
2955       276643.66520000
2956       276945.80331000
2957       277248.13989000
2958       277551.27072000
2959       277854.02194000
2960       278157.55092000
2961       278461.27921000
2962       278764.54097000
2963       279068.65046000
2964       279372.89036000
2965       279677.99663000
2966       279982.70498000
2967       280287.56109000
2968       280593.23287000
2969       280899.10499000
2970       281204.47422000
2971       281510.72949000
2972       281817.15055000
2973       282123.77213000
2974       282431.26427000
2975       282738.27003000
2976       283045.42430000
2977       283353.45025000
2978       283661.64280000
2979       283969.41736000
2980       284277.99511000
2981       284586.77441000
2982       284895.79020000
2983       285205.55853000
2984       285514.90819000
2985       285825.09836000
2986       286134.81691000
2987       286445.39419000
2988       286756.13900000
2989       287067.08638000
2990       287378.27146000
2991       287689.57156000
2992       288001.09190000
2993       288312.79746000
2994       288625.34749000
2995       288938.08346000
2996       289250.38069000
2997       289563.55872000
2998       289876.87002000
2999       290190.34978000
3000       290504.05090000
3001       290818.58209000
3002       291132.67353000
3003       291447.59578000
3004       291762.06006000
3005       292077.42658000
3006       292392.92708000
3007       292708.63232000
3008       293024.48921000
3009       293340.56862000
3010       293657.49972000
3011       293973.97153000
3012       294291.27802000
3013       294608.19569000
3014       294925.89551000
3015       295243.78331000
3016       295561.87692000
3017       295880.15860000
3018       296198.64619000
3019       296517.93599000
3020       296836.85372000
3021       297156.57440000
3022       297476.48397000
3023       297795.93149000
3024       298116.23653000
3025       298436.73059000
3026       298758.08358000
3027       299078.97403000
3028       299400.10737000
3029       299722.04701000
3030       300043.50533000
3031       300365.80645000
3032       300688.33340000
3033       301011.05034000
3034       301333.95729000
3035       301657.07226000
3036       301981.08655000
3037       302304.58210000
3038       302628.95972000
3039       302952.85399000
3040       303277.57695000
3041       303602.54498000
3042       303927.68594000
3043       304253.03597000
3044       304578.63132000
3045       304905.02164000
3046       305230.96339000
3047       305557.73695000
3048       305884.72047000
3049       306211.25460000
3050       306538.62159000
3051       306866.27134000
3052       307194.71903000
3053       307522.68052000
3054       307850.88865000
3055       308179.93209000
3056       308508.48844000
3057       308837.95364000
3058       309167.59352000
3059       309497.48107000
3060       309827.50687000
3061       310157.74392000
3062       310488.85592000
3063       310819.47943000
3064       311150.97862000
3065       311482.02531000
3066       311813.94847000
3067       312146.08387000
3068       312478.39490000
3069       312810.88156000
3070       313144.28351000
3071       313477.15853000
3072       313810.28274000
3073       314144.24991000
3074       314478.46710000
3075       314812.86078000
3076       315147.43095000
3077       315482.21447000
3078       315817.17453000
3079       316152.38493000
3080       316488.44145000
3081       316824.00542000
3082       317160.52706000
3083       317496.51864000
3084       317833.35772000
3085       318170.44822000
3086       318507.71616000
3087       318845.83331000
3088       319183.53066000
3089       319522.04083000
3090       319860.20496000
3091       320199.14549000
3092       320538.30143000
3093       320877.67283000
3094       321217.22253000
3095       321556.98780000
3096       321896.96867000
3097       322237.12794000
3098       322578.25291000
3099       322919.48238000
3100       323260.28962000
3101       323601.95173000
3102       323943.79301000
3103       324285.88830000
3104       324628.84018000
3105       324971.36925000
3106       325314.07765000
3107       325657.64371000
3108       326001.38977000
3109       326344.71195000
3110       326688.89286000
3111       327033.29144000
3112       327378.55010000
3113       327723.42217000
3114       328068.43684000
3115       328414.31264000
3116       328759.72576000
3117       329106.03844000
3118       329452.56982000
3119       329799.28219000
3120       330146.21335000
3121       330493.36336000
3122       330840.77010000
3123       331189.00372000
3124       331536.73524000
3125       331885.36999000
3126       332234.22448000
3127       332583.29878000
3128       332932.59295000
3129       333282.06907000
3130       333631.76515000
3131       333982.32941000
3132       334332.42787000
3133       334683.39520000
3134       335034.62141000
3135       335385.30480000
3136       335736.97250000
3137       336088.82307000
3138       336441.54500000
3139       336793.79984000
3140       337146.23760000
3141       337499.58599000
3142       337853.15626000
3143       338206.22005000
3144       338560.27224000
3145       338914.43156000
3146       339269.50405000
3147       339624.10787000
3148       339978.93388000
3149       340334.63583000
3150       340689.86827000
3151       341046.01582000
3152       341402.42492000
3153       341758.98018000
3154       342115.75860000
3155       342472.72167000
3156       342829.90799000
3157       343188.01236000
3158       343546.30215000
3159       343904.15921000
3160       344262.89686000
3161       344621.82001000
3162       344980.96736000
3163       345340.37771000
3164       345699.93496000
3165       346060.41394000
3166       346420.42029000
3167       346781.34919000
3168       347142.46446000
3169       347503.10627000
3170       347864.63289000
3171       348227.08420000
3172       348589.10078000
3173       348951.26499000
3174       349314.35504000
3175       349677.00960000
3176       350040.51281000
3177       350404.24233000
3178       350768.19821000
3179       351132.34144000
3180       351496.71113000
3181       351861.30734000
3182       352226.16927000
3183       352591.88292000
3184       352957.82389000
3185       353323.24906000
3186       353689.60534000
3187       354056.14984000
3188       354422.96114000
3189       354790.70539000
3190       355157.97234000
3191       355525.38836000
3192       355893.73844000
3193       356262.27760000
3194       356631.04525000
3195       357000.04146000
3196       357369.26628000
3197       357738.71980000
3198       358108.40207000
3199       358478.98229000
3200       358849.04351000
3201       359220.04289000
3202       359591.27188000
3203       359961.98095000
3204       360333.66898000
3205       360706.21814000
3206       361078.36613000
3207       361450.66465000
3208       361823.86500000
3209       362196.58397000
3210       362570.28502000
3211       362944.17707000
3212       363318.26009000
3213       363692.61378000
3214       364067.15854000
3215       364442.60835000
3216       364817.53561000
3217       365193.48835000
3218       365568.87805000
3219       365945.21419000
3220       366321.74221000
3221       366698.58216000
3222       367075.57408000
3223       367453.51467000
3224       367830.93097000
3225       368208.57939000
3226       368587.13750000
3227       368965.92848000
3228       369344.95242000
3229       369724.28974000
3230       370103.73959000
3231       370483.42254000
3232       370864.01804000
3233       371244.12742000
3234       371625.23067000
3235       372005.76667000
3236       372387.29734000
3237       372769.02176000
3238       373150.93994000
3239       373533.09231000
3240       373916.24166000
3241       374298.82247000
3242       374682.36059000
3243       375065.41047000
3244       375449.45899000
3245       375833.70222000
3246       376218.09957000
3247       376602.73216000
3248       376988.32507000
3249       377373.42871000
3250       377759.49347000
3251       378145.02774000
3252       378531.56460000
3253       378918.25632000
3254       379305.18434000
3255       379692.38953000
3256       380079.74959000
3257       380468.07412000
3258       380855.86668000
3259       381244.62447000
3260       381633.70135000
3261       382022.20451000
3262       382411.63317000
3263       382801.29928000
3264       383191.89228000
3265       383582.03384000
3266       383972.37203000
3267       384363.72031000
3268       384755.22491000
3269       385147.00907000
3270       385538.21718000
3271       385931.12854000
3272       386323.54617000
3273       386716.16128000
3274       387109.05631000
3275       387502.92421000
3276       387896.94912000
3277       388290.47887000
3278       388685.02391000
3279       389079.72601000
3280       389475.40352000
3281       389870.58542000
3282       390266.00715000
3283       390662.40553000
3284       391058.26603000
3285       391455.06246000
3286       391852.09958000
3287       392249.37748000
3288       392646.85466000
3289       393044.57269000
3290       393443.31233000
3291       393841.51266000
3292       394240.65216000
3293       394639.25168000
3294       395038.83275000
3295       395438.69737000
3296       395838.72051000
3297       396239.72703000
3298       396640.31802000
3299       397041.06759000
3300       397442.75995000
3301       397844.69517000
3302       398246.08832000
3303       398648.50909000
3304       399051.08910000
3305       399454.69823000
3306       399857.80672000
3307       400261.15843000
3308       400665.41458000
3309       401069.91468000
3310       401473.87091000
3311       401878.85875000
3312       402284.04865000
3313       402689.48275000
3314       403095.95042000
3315       403501.83126000
3316       403908.66213000
3317       404314.98984000
3318       404722.35277000
3319       405129.91866000
3320       405537.68753000
3321       405945.74399000
3322       406354.00351000
3323       406763.21632000
3324       407171.92468000
3325       407581.62947000
3326       407990.78684000
3327       408400.94141000
3328       408811.29985000
3329       409221.98967000
3330       409633.59359000
3331       410044.64923000
3332       410455.99397000
3333       410868.25382000
3334       411280.76097000
3335       411693.51551000
3336       412106.56018000
3337       412519.80973000
3338       412933.26417000
3339       413346.96624000
3340       413761.62922000
3341       414175.78428000
3342       414590.90099000
3343       415006.30901000
3344       415421.96565000
3345       415837.78521000
3346       416253.89633000
3347       416670.21330000
3348       417087.49483000
3349       417504.30979000
3350       417922.09007000
3351       418340.07698000
3352       418758.35660000
3353       419176.88601000
3354       419595.57909000
3355       420014.47890000
3356       420433.71484000
3357       420853.87624000
3358       421274.24514000
3359       421694.18872000
3360       422115.10204000
3361       422536.22300000
3362       422958.35835000
3363       423379.93825000
3364       423801.76917000
3365       424224.61567000
3366       424646.90580000
3367       425070.16888000
3368       425493.81412000
3369       425917.58112000
3370       426341.55667000
3371       426765.82777000
3372       427191.07440000
3373       427615.76316000
3374       428041.47169000
3375       428467.56397000
3376       428892.96674000
3377       429319.39048000
3378       429746.87995000
3379       430173.76672000
3380       430600.90674000
3381       431029.07001000
3382       431456.67330000
3383       431885.38820000
3384       432314.26973000
3385       432743.36167000
3386       433172.75172000
3387       433602.35228000
3388       434032.93566000
3389       434463.00148000
3390       434894.09482000
3391       435324.67005000
3392       435756.27363000
3393       436188.04456000
3394       436620.07087000
3395       437052.39670000
3396       437485.66497000
3397       437918.41406000
3398       438352.28281000
3399       438786.27553000
3400       439219.74821000
3401       439654.25345000
3402       440088.97099000
3403       440524.72258000
3404       440959.95368000
3405       441395.39718000
3406       441832.00892000
3407       442268.70086000
3408       442705.65031000
3409       443142.07783000
3410       443580.27764000
3411       444017.95561000
3412       444455.93582000
3413       444894.86581000
3414       445333.31763000
3415       445772.80901000
3416       446212.46997000
3417       446652.43426000
3418       447092.56812000
3419       447532.96079000
3420       447973.61236000
3421       448415.30653000
3422       448856.47643000
3423       449298.68977000
3424       449741.07342000
3425       450183.76172000
3426       450626.62032000
3427       451069.73887000
3428       451513.16231000
3429       451957.63228000
3430       452401.48656000
3431       452846.43305000
3432       453291.55059000
3433       453736.97410000
3434       454182.61369000
3435       454628.46934000
3436       455074.63122000
3437       455521.84350000
3438       455968.48319000
3439       456416.12895000
3440       456863.99160000
3441       457312.16156000
3442       457760.54851000
3443       458209.24297000
3444       458658.06399000
3445       459108.07509000
3446       459557.46651000
3447       460007.86768000
3448       460458.53207000
3449       460908.66645000
3450       461360.55992000
3451       461812.01432000
3452       462263.68676000
3453       462715.62274000
3454       463168.57181000
3455       463621.73965000
3456       464075.17185000
3457       464528.07242000
3458       464982.03318000
3459       465436.96396000
3460       465891.45423000
3461       466346.16351000
3462       466801.84389000
3463       467257.83540000
3464       467713.24823000
3465       468169.67894000
3466       468626.46685000
3467       469084.18250000
3468       469541.50227000
3469       469998.95029000
3470       470457.51057000
3471       470916.24562000
3472       471374.44608000
3473       471833.71411000
3474       472293.20289000
3475       472753.80677000
3476       473213.87565000
3477       473674.16544000
3478       474135.47943000
3479       474597.01503000
3480       475058.06055000
3481       475520.13144000
3482       475982.47022000
3483       476445.88203000
3484       476908.75721000
3485       477371.80796000
3486       477835.93289000
3487       478300.32670000
3488       478764.94310000
3489       479229.06776000
3490       479694.98293000
3491       480160.49938000
3492       480626.09928000
3493       481092.77687000
3494       481558.96207000
3495       482026.17930000
3496       482493.66665000
3497       482961.37758000
3498       483429.35872000
3499       483897.65676000
3500       484366.13189000
