   1            8.09853000
   2           21.05347000
   3           37.58819000
   4           57.05297000
   5           79.05904000
   6          103.34096000
   7          129.70261000
   8          157.99135000
   9          188.08398000
  10          219.87846000
  11          253.28824000
  12          288.23889000
  13          324.66544000
  14          362.51056000
  15          401.72296000
  16          442.25687000
  17          484.07056000
  18          527.12622000
  19          571.38922000
  20          616.82745000
  21          663.41156000
  22          711.11420000
  23          759.90973000
  24          809.77441000
  25          860.68597000
  26          912.62341000
  27          965.56714000
  28         1019.49829000
  29         1074.39905000
  30         1130.25330000
  31         1187.04443000
  32         1244.75818000
  33         1303.37964000
  34         1362.89490000
  35         1423.29138000
  36         1484.55603000
  37         1546.67725000
  38         1609.64319000
  39         1673.44287000
  40         1738.06592000
  41         1803.50146000
  42         1869.74023000
  43         1936.77246000
  44         2004.58875000
  45         2073.18091000
  46         2142.53955000
  47         2212.65698000
  48         2283.52515000
  49         2355.13599000
  50         2427.48193000
  51         2500.55591000
  52         2574.35059000
  53         2648.85986000
  54         2724.07593000
  55         2799.99292000
  56         2876.60498000
  57         2953.90430000
  58         3031.88647000
  59         3110.54590000
  60         3189.87549000
  61         3269.87036000
  62         3350.52490000
  63         3431.83521000
  64         3513.79395000
  65         3596.39746000
  66         3679.64136000
  67         3763.51904000
  68         3848.02686000
  69         3933.16064000
  70         4018.91528000
  71         4105.32816000
  72         4192.31243000
  73         4279.90559000
  74         4368.10227000
  75         4456.89857000
  76         4546.29253000
  77         4636.32369000
  78         4726.89825000
  79         4818.05730000
  80         4909.79790000
  81         5002.16568000
  82         5095.05812000
  83         5188.57374000
  84         5282.60485000
  85         5377.25371000
  86         5472.41131000
  87         5568.18075000
  88         5664.50635000
  89         5761.32758000
  90         5858.75577000
  91         5956.73040000
  92         6055.24950000
  93         6154.37125000
  94         6253.97111000
  95         6354.10625000
  96         6454.83876000
  97         6556.03768000
  98         6657.83213000
  99         6760.15273000
 100         6862.99659000
 101         6966.36372000
 102         7070.24927000
 103         7174.72355000
 104         7279.64173000
 105         7385.14738000
 106         7491.16294000
 107         7597.68849000
 108         7704.79861000
 109         7812.33748000
 110         7920.45976000
 111         8029.08361000
 112         8138.29092000
 113         8247.91625000
 114         8358.12100000
 115         8468.82245000
 116         8580.02064000
 117         8691.79664000
 118         8804.06789000
 119         8916.82857000
 120         9030.07879000
 121         9143.90801000
 122         9258.22531000
 123         9373.02881000
 124         9488.41142000
 125         9604.27981000
 126         9720.72820000
 127         9837.56082000
 128         9955.07342000
 129        10072.96855000
 130        10191.44333000
 131        10310.39850000
 132        10429.93635000
 133        10549.95235000
 134        10670.55311000
 135        10791.63079000
 136        10913.18655000
 137        11035.32864000
 138        11157.94566000
 139        11281.15221000
 140        11404.94724000
 141        11529.10378000
 142        11653.85258000
 143        11779.19067000
 144        11905.00529000
 145        12031.41553000
 146        12158.30030000
 147        12285.78120000
 148        12413.73860000
 149        12542.29659000
 150        12671.45528000
 151        12801.09034000
 152        12931.20497000
 153        13061.92246000
 154        13193.24887000
 155        13325.05190000
 156        13457.46559000
 157        13590.35904000
 158        13723.86593000
 159        13857.99045000
 160        13992.59490000
 161        14127.82081000
 162        14263.66753000
 163        14399.99841000
 164        14536.81277000
 165        14674.39807000
 166        14812.47186000
 167        14951.17577000
 168        15090.36957000
 169        15230.19757000
 170        15370.66711000
 171        15511.62514000
 172        15653.23088000
 173        15795.48185000
 174        15938.38155000
 175        16081.77846000
 176        16225.83037000
 177        16370.37713000
 178        16515.74830000
 179        16661.61871000
 180        16808.15365000
 181        16955.19247000
 182        17102.90228000
 183        17251.28572000
 184        17400.34351000
 185        17550.08625000
 186        17700.34047000
 187        17851.27633000
 188        18002.90452000
 189        18155.04540000
 190        18307.88132000
 191        18461.41511000
 192        18615.65155000
 193        18770.59151000
 194        18926.05820000
 195        19082.42031000
 196        19239.31404000
 197        19396.92393000
 198        19555.06552000
 199        19714.12106000
 200        19873.71528000
 201        20034.04055000
 202        20195.10187000
 203        20356.70555000
 204        20519.24855000
 205        20682.34107000
 206        20846.38398000
 207        21010.97761000
 208        21176.12259000
 209        21342.24079000
 210        21509.12071000
 211        21676.56094000
 212        21844.77225000
 213        22013.75983000
 214        22183.53291000
 215        22354.08466000
 216        22525.43043000
 217        22697.34977000
 218        22870.28576000
 219        23043.80087000
 220        23218.12211000
 221        23393.25480000
 222        23569.19623000
 223        23745.96394000
 224        23923.31875000
 225        24101.72938000
 226        24280.74095000
 227        24460.81827000
 228        24641.50232000
 229        24823.03211000
 230        25005.40500000
 231        25188.63466000
 232        25372.72256000
 233        25557.42574000
 234        25743.23914000
 235        25929.92551000
 236        26117.24125000
 237        26305.43599000
 238        26494.76776000
 239        26684.73292000
 240        26875.59409000
 241        27067.35080000
 242        27260.01497000
 243        27453.59027000
 244        27648.07423000
 245        27843.21519000
 246        28039.54457000
 247        28236.79586000
 248        28434.72086000
 249        28633.84840000
 250        28833.65398000
 251        29034.39953000
 252        29236.37432000
 253        29439.03372000
 254        29642.65293000
 255        29847.24205000
 256        30053.08453000
 257        30259.62473000
 258        30467.15072000
 259        30675.66437000
 260        30885.17170000
 261        31095.68087000
 262        31306.90212000
 263        31519.42946000
 264        31732.96641000
 265        31947.52753000
 266        32163.11474000
 267        32379.43416000
 268        32597.09248000
 269        32815.79122000
 270        33035.54291000
 271        33256.04062000
 272        33477.90469000
 273        33700.52599000
 274        33924.52960000
 275        34149.60690000
 276        34375.45733000
 277        34602.70778000
 278        34830.73421000
 279        35060.17895000
 280        35290.73126000
 281        35522.06924000
 282        35754.85205000
 283        35988.42561000
 284        36223.46254000
 285        36459.62849000
 286        36696.60363000
 287        36935.06254000
 288        37174.33586000
 289        37415.10518000
 290        37657.04259000
 291        37899.80445000
 292        38144.08730000
 293        38389.55366000
 294        38635.85894000
 295        38883.71038000
 296        39132.76089000
 297        39383.01710000
 298        39634.49007000
 299        39887.18651000
 300        40140.74681000
 301        40395.90419000
 302        40652.29209000
 303        40909.92604000
 304        41169.18640000
 305        41429.33023000
 306        41690.74493000
 307        41953.42408000
 308        42217.37893000
 309        42482.99464000
 310        42749.52778000
 311        43017.35727000
 312        43286.86490000
 313        43557.30968000
 314        43829.44566000
 315        44102.90942000
 316        44377.31677000
 317        44653.45521000
 318        44930.92896000
 319        45209.75852000
 320        45489.94194000
 321        45771.49077000
 322        46054.41211000
 323        46338.70852000
 324        46624.39162000
 325        46911.86740000
 326        47200.33355000
 327        47490.61494000
 328        47781.90640000
 329        48075.02211000
 330        48369.56215000
 331        48665.55206000
 332        48962.96701000
 333        49261.83258000
 334        49562.16064000
 335        49863.94008000
 336        50167.62072000
 337        50472.34511000
 338        50778.98456000
 339        51087.11770000
 340        51396.32016000
 341        51707.45623000
 342        52020.10813000
 343        52334.71612000
 344        52650.41924000
 345        52967.65112000
 346        53286.87187000
 347        53607.64488000
 348        53929.53050000
 349        54253.42858000
 350        54578.89198000
 351        54905.94718000
 352        55235.03767000
 353        55565.26792000
 354        55897.56677000
 355        56231.47266000
 356        56566.54003000
 357        56904.15509000
 358        57242.95172000
 359        57583.38115000
 360        57925.93119000
 361        58269.67520000
 362        58615.54957000
 363        58963.10108000
 364        59312.33749000
 365        59663.25687000
 366        60016.36398000
 367        60370.68432000
 368        60727.20711000
 369        61085.46266000
 370        61445.43440000
 371        61807.64211000
 372        62171.10109000
 373        62536.81585000
 374        62904.28713000
 375        63273.53271000
 376        63644.55557000
 377        64017.86811000
 378        64392.47639000
 379        64769.39929000
 380        65148.12549000
 381        65528.67289000
 382        65911.57411000
 383        66296.30169000
 384        66682.37009000
 385        67071.31820000
 386        67461.62334000
 387        67853.78708000
 388        68248.36449000
 389        68644.83599000
 390        69043.19960000
 391        69444.00658000
 392        69846.19111000
 393        70250.83441000
 394        70657.95089000
 395        71066.47261000
 396        71477.48299000
 397        71889.91098000
 398        72305.39568000
 399        72722.31976000
 400        73141.22135000
 401        73562.66236000
 402        73986.12242000
 403        74412.14171000
 404        74840.18538000
 405        75269.71029000
 406        75702.38988000
 407        76136.56235000
 408        76573.35060000
 409        77012.21480000
 410        77453.15817000
 411        77896.75318000
 412        78342.44855000
 413        78790.25281000
 414        79240.16916000
 415        79692.79454000
 416        80147.53731000
 417        80604.43814000
 418        81064.08435000
 419        81525.88328000
 420        81989.85431000
 421        82456.60725000
 422        82925.54846000
 423        83396.68114000
 424        83870.02483000
 425        84346.19256000
 426        84824.59849000
 427        85305.83812000
 428        85789.32679000
 429        86275.08424000
 430        86763.71786000
 431        87254.00841000
 432        87747.83299000
 433        88243.32657000
 434        88741.76116000
 435        89242.51514000
 436        89746.20871000
 437        90252.24934000
 438        90760.64595000
 439        91272.01405000
 440        91785.76596000
 441        92302.53280000
 442        92821.69456000
 443        93343.24894000
 444        93867.20486000
 445        94394.24750000
 446        94924.35842000
 447        95456.90674000
 448        95991.90722000
 449        96529.36895000
 450        97069.97706000
 451        97613.70122000
 452        98159.92857000
 453        98708.65669000
 454        99259.90632000
 455        99815.00310000
 456       100371.98827000
 457       100932.17797000
 458       101494.92324000
 459       102060.92379000
 460       102629.49111000
 461       103201.32938000
 462       103775.78100000
 463       104353.51929000
 464       104933.89408000
 465       105516.87906000
 466       106103.22554000
 467       106692.90198000
 468       107285.26143000
 469       107880.30134000
 470       108478.71046000
 471       109079.83543000
 472       109684.39370000
 473       110291.65505000
 474       110902.36559000
 475       111515.81472000
 476       112132.75335000
 477       112752.44192000
 478       113375.63592000
 479       114001.61565000
 480       114631.12910000
 481       115263.45198000
 482       115899.32455000
 483       116538.04269000
 484       117180.35136000
 485       117826.24218000
 486       118475.01675000
 487       119126.67226000
 488       119781.97545000
 489       120440.91780000
 490       121102.79201000
 491       121768.33399000
 492       122436.83200000
 493       123109.03919000
 494       123784.21396000
 495       124463.11400000
 496       125145.01861000
 497       125831.45552000
 498       126520.13278000
 499       127213.40175000
 500       127908.93084000
 501       128609.03376000
 502       129312.23237000
 503       130019.26396000
 504       130729.40289000
 505       131443.41703000
 506       132160.56330000
 507       132882.38962000
 508       133606.57332000
 509       134335.48425000
 510       135067.58164000
 511       135802.86238000
 512       136542.89748000
 513       137286.17216000
 514       138032.65661000
 515       138783.96253000
 516       139537.71139000
 517       140296.34306000
 518       141058.25273000
 519       141824.22703000
 520       142594.33744000
 521       143367.75243000
 522       144145.32006000
 523       144927.03044000
 524       145712.09936000
 525       146501.35480000
 526       147294.84182000
 527       148092.52275000
 528       148893.60415000
 529       149698.95119000
 530       150507.71033000
 531       151321.61124000
 532       152138.95463000
 533       152960.62938000
 534       153785.77221000
 535       154616.11830000
 536       155449.97706000
 537       156288.21918000
 538       157129.99985000
 539       157977.05968000
 540       158827.68884000
 541       159682.75344000
 542       160541.41335000
 543       161405.42866000
 544       162273.07026000
 545       163145.21392000
 546       164021.89203000
 547       164903.12265000
 548       165788.02225000
 549       166678.38025000
 550       167572.46763000
 551       168471.16016000
 552       169374.46109000
 553       170281.56318000
 554       171194.19190000
 555       172110.62376000
 556       173031.71670000
 557       173957.54844000
 558       174888.10744000
 559       175823.42693000
 560       176762.56363000
 561       177707.44158000
 562       178656.16824000
 563       179609.73898000
 564       180569.08349000
 565       181532.32418000
 566       182500.44910000
 567       183472.51223000
 568       184450.44325000
 569       185433.29867000
 570       186420.14028000
 571       187412.89758000
 572       188409.68862000
 573       189412.42208000
 574       190419.19025000
 575       191431.02048000
 576       192448.85659000
 577       193470.80715000
 578       194497.81311000
 579       195529.95631000
 580       196567.23992000
 581       197610.60395000
 582       198658.16371000
 583       199710.90439000
 584       200768.84489000
 585       201831.98802000
 586       202900.35258000
 587       203973.97361000
 588       205052.88635000
 589       206137.07738000
 590       207227.55725000
 591       208322.39691000
 592       209422.57190000
 593       210529.10045000
 594       211640.02209000
 595       212756.35275000
 596       213879.10199000
 597       215006.27757000
 598       216139.96511000
 599       217279.09361000
 600       218423.73233000
 601       219573.88375000
 602       220729.56713000
 603       221890.81869000
 604       223057.65780000
 605       224231.13398000
 606       225409.15811000
 607       226593.89736000
 608       227784.25583000
 609       228980.30424000
 610       230182.06220000
 611       231389.51476000
 612       232602.69862000
 613       233822.70138000
 614       235048.49729000
 615       236280.05360000
 616       237517.44225000
 617       238760.68306000
 618       240009.76057000
 619       241265.76060000
 620       242527.71260000
 621       243795.53009000
 622       245070.37786000
 623       246350.13026000
 624       247636.92224000
 625       248929.73540000
 626       250229.62024000
 627       251534.48414000
 628       252846.50082000
 629       254164.58749000
 630       255489.89558000
 631       256820.22121000
 632       258157.81368000
 633       259502.64602000
 634       260852.62692000
 635       262209.85618000
 636       263573.36159000
 637       264944.20281000
 638       266321.34752000
 639       267704.79743000
 640       269094.51657000
 641       270491.74288000
 642       271895.30285000
 643       273306.40266000
 644       274723.91979000
 645       276147.81765000
 646       277579.34896000
 647       279017.34509000
 648       280462.94994000
 649       281915.10407000
 650       283373.80889000
 651       284840.17775000
 652       286313.16297000
 653       287792.76594000
 654       289280.10759000
 655       290775.31398000
 656       292277.19126000
 657       293785.76009000
 658       295302.17108000
 659       296825.37941000
 660       298356.52163000
 661       299895.64643000
 662       301440.38239000
 663       302994.29092000
 664       304553.91207000
 665       306122.78376000
 666       307698.54075000
 667       309281.26449000
 668       310872.11186000
 669       312469.89223000
 670       314075.90974000
 671       315690.17348000
 672       317311.46437000
 673       318941.05455000
 674       320577.71941000
 675       322222.73679000
 676       323874.87647000
 677       325535.40118000
 678       327204.34038000
 679       328880.51799000
 680       330565.14264000
 681       332258.26471000
 682       333958.65796000
 683       335667.62338000
 684       337383.90806000
 685       339110.06168000
 686       340842.34270000
 687       342584.53072000
 688       344334.18302000
 689       346092.51051000
 690       347859.58584000
 691       349634.17957000
 692       351417.55368000
 693       353209.75976000
 694       355009.56005000
 695       356819.51720000
 696       358637.10111000
 697       360462.37752000
 698       362297.85949000
 699       364141.06650000
 700       365993.30470000
 701       367854.58195000
 702       369724.92837000
 703       371603.10385000
 704       373490.44836000
 705       375388.22286000
 706       377292.60806000
 707       379207.48360000
 708       381131.64972000
 709       383063.80488000
 710       385006.57270000
 711       386957.31604000
 712       388917.46652000
 713       390887.00876000
 714       392866.01962000
 715       394854.53008000
 716       396851.10210000
 717       398858.60789000
 718       400874.27729000
 719       402900.85401000
 720       404935.69681000
 721       406981.56140000
 722       409035.70074000
 723       411099.53307000
 724       413174.53633000
 725       415257.85040000
 726       417350.99825000
 727       419455.37123000
 728       421568.13858000
 729       423690.83315000
 730       425824.85491000
 731       427967.40371000
 732       430121.29908000
 733       432283.82665000
 734       434457.76886000
 735       436640.44939000
 736       438834.56366000
 737       441038.86192000
 738       443253.27646000
 739       445477.88817000
 740       447712.77854000
 741       449957.82888000
 742       452214.67405000
 743       454480.34174000
 744       456757.92447000
 745       459045.69663000
 746       461344.04493000
 747       463654.16397000
 748       465973.45830000
 749       468304.54060000
 750       470646.33367000
 751       472998.56041000
 752       475361.56260000
 753       477736.49574000
 754       480122.22272000
 755       482518.61955000
 756       484925.71769000
 757       487345.15278000
 758       489775.25358000
 759       492216.36877000
 760       494668.15998000
 761       497132.54141000
 762       499607.66797000
 763       502095.35498000
 764       504594.01697000
 765       507103.79376000
 766       509626.02797000
 767       512159.44768000
 768       514703.97706000
 769       517261.23809000
 770       519829.62468000
 771       522409.33323000
 772       525001.77627000
 773       527607.10522000
 774       530223.70055000
 775       532851.81631000
 776       535492.65315000
 777       538145.19373000
 778       540810.58766000
 779       543487.53378000
 780       546177.57804000
 781       548879.24640000
 782       551594.09075000
 783       554320.51743000
 784       557060.31156000
 785       559811.75950000
 786       562576.53894000
 787       565354.63442000
 788       568144.66649000
 789       570946.55317000
 790       573763.41225000
 791       576592.26176000
 792       579433.13516000
 793       582287.55866000
 794       585155.63305000
 795       588037.34168000
 796       590931.28470000
 797       593838.88148000
 798       596758.78588000
 799       599692.36259000
 800       602639.95209000
 801       605601.35795000
 802       608575.22446000
 803       611562.98592000
 804       614564.92656000
 805       617580.72567000
 806       620609.19975000
 807       623651.73243000
 808       626708.61108000
 809       629779.63371000
 810       632864.90422000
 811       635962.98391000
 812       639075.20520000
 813       642203.65621000
 814       645344.78808000
 815       648498.94672000
 816       651669.09364000
 817       654853.90870000
 818       658051.68346000
 819       661265.77352000
 820       664492.84015000
 821       667734.74330000
 822       670992.84547000
 823       674264.36414000
 824       677550.65814000
 825       680851.89932000
 826       684169.71708000
 827       687500.92218000
 828       690847.07567000
 829       694208.41642000
 830       697586.45494000
 831       700978.04383000
 832       704384.82075000
 833       707808.56708000
 834       711245.85436000
 835       714700.27147000
 836       718170.12522000
 837       721655.19206000
 838       725155.91716000
 839       728672.07673000
 840       732203.84939000
 841       735752.84000000
 842       739315.90728000
 843       742896.28682000
 844       746492.53154000
 845       750106.12063000
 846       753733.95899000
 847       757379.23548000
 848       761040.63134000
 849       764717.84548000
 850       768412.92334000
 851       772124.05352000
 852       775851.28050000
 853       779596.31140000
 854       783355.93928000
 855       787135.13473000
 856       790929.01742000
 857       794740.90087000
 858       798569.23314000
 859       802415.66775000
 860       806278.71937000
 861       810158.14607000
 862       814056.18566000
 863       817972.46037000
 864       821903.56235000
 865       825854.98224000
 866       829821.31940000
 867       833808.15732000
 868       837809.92937000
 869       841832.46010000
 870       845869.86760000
 871       849927.99654000
 872       854003.10568000
 873       858095.38925000
 874       862206.54158000
 875       866336.84241000
 876       870484.31790000
 877       874650.97158000
 878       878834.82141000
 879       883037.95353000
 880       887260.27132000
 881       891500.39228000
 882       895761.39683000
 883       900038.33097000
 884       904336.41126000
 885       908652.34661000
 886       912987.86458000
 887       917343.02079000
 888       921717.71465000
 889       926110.46921000
 890       930523.10173000
 891       934955.35310000
 892       939407.67294000
 893       943877.94345000
 894       948368.54837000
 895       952880.77143000
 896       957411.34194000
 897       961962.01678000
 898       966533.17396000
 899       971124.38686000
 900       975734.23541000
 901       980366.20837000
 902       985018.81055000
 903       989689.88347000
 904       994383.50368000
 905       999097.76021000
 906      1003830.81107000
 907      1008586.34149000
 908      1013362.84379000
 909      1018158.21798000
 910      1022976.50075000
 911      1027815.50927000
 912      1032675.88729000
 913      1037557.01981000
 914      1042461.39295000
 915      1047385.05045000
 916      1052331.81615000
 917      1057298.05924000
 918      1062287.53106000
 919      1067298.44356000
 920      1072332.62524000
 921      1077386.76728000
 922      1082464.12659000
 923      1087563.24930000
 924      1092684.10656000
 925      1097828.71571000
 926      1102995.00595000
 927      1108183.47388000
 928      1113395.61894000
 929      1118629.97717000
 930      1123886.25260000
 931      1129166.65898000
 932      1134469.28207000
 933      1139794.26979000
 934      1145143.39979000
 935      1150515.01765000
 936      1155910.90585000
 937      1161331.49426000
 938      1166772.39436000
 939      1172238.30150000
 940      1177728.46262000
 941      1183243.58536000
 942      1188779.52667000
 943      1194342.29622000
 944      1199928.20804000
 945      1205536.76423000
 946      1211170.70144000
 947      1216829.43556000
 948      1222513.59547000
 949      1228221.02629000
 950      1233951.69287000
 951      1239709.74091000
 952      1245491.34474000
 953      1251298.42420000
 954      1257131.14324000
 955      1262987.41855000
 956      1268869.46513000
 957      1274777.35245000
 958      1280711.05324000
 959      1286668.66335000
 960      1292652.31586000
 961      1298664.05932000
 962      1304699.81281000
 963      1310761.71859000
 964      1316848.15388000
 965      1322962.56919000
 966      1329103.84028000
 967      1335269.14825000
 968      1341463.44778000
 969      1347684.21811000
 970      1353929.52228000
 971      1360203.94071000
 972      1366502.72394000
 973      1372830.87041000
 974      1379185.63238000
 975      1385565.56623000
 976      1391974.47478000
 977      1398410.92244000
 978      1404874.26246000
 979      1411367.42046000
 980      1417885.58060000
 981      1424433.60537000
 982      1431006.66106000
 983      1437611.98413000
 984      1444242.58211000
 985      1450901.09003000
 986      1457589.52826000
 987      1464305.81503000
 988      1471050.12677000
 989      1477824.59794000
 990      1484627.24349000
 991      1491458.02803000
 992      1498319.30890000
 993      1505208.98558000
 994      1512128.99143000
 995      1519077.86705000
 996      1526054.92615000
 997      1533063.08721000
 998      1540100.01650000
 999      1547167.54974000
1000      1554264.33018000
1001      1561391.86930000
1002      1568551.02110000
1003      1575738.98864000
1004      1582956.17594000
1005      1590204.76639000
1006      1597484.95399000
1007      1604796.70914000
1008      1612138.10681000
1009      1619510.89122000
1010      1626913.69654000
1011      1634348.27240000
1012      1641814.81432000
1013      1649313.40464000
1014      1656841.87272000
1015      1664402.66252000
1016      1671995.97327000
1017      1679621.30976000
1018      1687279.56584000
1019      1694967.85863000
1020      1702691.15610000
1021      1710444.88189000
1022      1718231.62430000
1023      1726053.16125000
1024      1733905.83866000
1025      1741791.54863000
1026      1749710.01694000
1027      1757662.04090000
1028      1765647.22762000
1029      1773665.90002000
1030      1781720.32922000
1031      1789806.22996000
1032      1797925.26361000
1033      1806080.80109000
1034      1814270.00928000
1035      1822493.33865000
1036      1830750.26095000
1037      1839041.59649000
1038      1847369.27271000
1039      1855728.83120000
1040      1864125.15293000
1041      1872558.33377000
1042      1881023.27263000
1043      1889525.62224000
1044      1898064.72657000
1045      1906636.59280000
1046      1915245.00919000
1047      1923891.33579000
1048      1932572.41262000
1049      1941288.70587000
1050      1950042.42090000
1051      1958831.78747000
1052      1967658.88976000
1053      1976520.91957000
1054      1985421.38558000
1055      1994359.73728000
1056      2003333.93409000
1057      2012343.53877000
1058      2021394.35984000
1059      2030480.90422000
1060      2039603.78415000
1061      2048767.25198000
1062      2057967.50799000
1063      2067203.70882000
1064      2076481.58817000
1065      2085795.46176000
1066      2095148.91944000
1067      2104541.38728000
1068      2113973.23201000
1069      2123441.70261000
1070      2132952.18175000
1071      2142499.74495000
1072      2152089.65663000
1073      2161716.42869000
1074      2171383.29288000
1075      2181089.93399000
1076      2190839.33030000
1077      2200626.09700000
1078      2210453.35019000
1079      2220323.24596000
1080      2230231.07251000
1081      2240182.02462000
1082      2250170.95582000
1083      2260203.21648000
1084      2270275.85379000
1085      2280392.45799000
1086      2290547.28310000
1087      2300745.99699000
1088      2310985.62758000
1089      2321266.84862000
1090      2331591.40681000
1091      2341958.05039000
1092      2352366.00893000
1093      2362818.48878000
1094      2373312.48682000
1095      2383851.21997000
1096      2394431.52721000
1097      2405056.93097000
1098      2415724.26023000
1099      2426434.20708000
1100      2437188.82648000
1101      2447988.82486000
1102      2458831.00709000
1103      2469718.93353000
1104      2480651.96281000
1105      2491628.24183000
1106      2502650.14022000
1107      2513714.88891000
1108      2524828.35360000
1109      2535984.57448000
1110      2547184.72401000
1111      2558433.46645000
1112      2569726.20233000
1113      2581067.60541000
1114      2592453.06354000
1115      2603884.96925000
1116      2615363.43265000
1117      2626888.87845000
1118      2638461.41979000
1119      2650080.69523000
1120      2661747.44866000
1121      2673458.53397000
1122      2685219.94391000
1123      2697031.32386000
1124      2708887.84663000
1125      2720791.28719000
1126      2732746.00887000
1127      2744745.55411000
1128      2756796.29447000
1129      2768894.72652000
1130      2781044.26936000
1131      2793239.40000000
1132      2805486.20468000
1133      2817781.15413000
1134      2830127.69011000
1135      2842522.93169000
1136      2854966.65760000
1137      2867462.99497000
1138      2880010.73500000
1139      2892605.29260000
1140      2905254.51192000
1141      2917950.77746000
1142      2930701.95311000
1143      2943503.10709000
1144      2956354.01379000
1145      2969260.20648000
1146      2982214.02128000
1147      2995223.37144000
1148      3008283.29483000
1149      3021396.28583000
1150      3034562.12085000
1151      3047781.96671000
1152      3061052.51897000
1153      3074376.98098000
1154      3087754.77666000
1155      3101187.08592000
1156      3114673.33182000
1157      3128213.63903000
1158      3141805.37503000
1159      3155454.88993000
1160      3169158.48677000
1161      3182917.00602000
1162      3196730.21566000
1163      3210598.24093000
1164      3224521.56978000
1165      3238499.96723000
1166      3252536.70994000
1167      3266625.99192000
1168      3280773.51523000
1169      3294976.61936000
1170      3309238.96957000
1171      3323556.79397000
1172      3337930.95824000
1173      3352361.21938000
1174      3366850.89293000
1175      3381396.55084000
1176      3396002.26691000
1177      3410663.85071000
1178      3425386.14340000
1179      3440164.94178000
1180      3455003.96780000
1181      3469902.59960000
1182      3484859.27549000
1183      3499872.97772000
1184      3514950.30460000
1185      3530085.31120000
1186      3545281.37193000
1187      3560535.37718000
1188      3575853.18829000
1189      3591229.60513000
1190      3606667.24117000
1191      3622166.23546000
1192      3637723.84566000
1193      3653346.76178000
1194      3669030.66494000
1195      3684774.38723000
1196      3700583.05832000
1197      3716453.92901000
1198      3732384.23546000
1199      3748380.72698000
1200      3764439.03444000
1201      3780560.91201000
1202      3796748.20598000
1203      3812996.44320000
1204      3829309.97601000
1205      3845688.07032000
1206      3862128.82056000
1207      3878636.94782000
1208      3895208.42905000
1209      3911847.17625000
1210      3928549.56444000
1211      3945316.98410000
1212      3962151.28275000
1213      3979050.91055000
1214      3996018.13661000
1215      4013049.72432000
1216      4030149.63001000
1217      4047318.01050000
1218      4064551.61837000
1219      4081853.14942000
1220      4099223.61140000
1221      4116659.74219000
1222      4134168.10139000
1223      4151741.99885000
1224      4169385.44205000
1225      4187098.15325000
1226      4204877.71570000
1227      4222729.86090000
1228      4240648.72402000
1229      4258640.48605000
1230      4276702.73221000
1231      4294831.70775000
1232      4313035.39169000
1233      4331308.69752000
1234      4349653.11463000
1235      4368067.90449000
1236      4386557.61391000
1237      4405118.01410000
1238      4423750.16218000
1239      4442453.30933000
1240      4461228.97384000
1241      4480079.46976000
1242      4499004.50597000
1243      4518002.55322000
1244      4537072.39273000
1245      4556217.71809000
1246      4575435.61417000
1247      4594730.25441000
1248      4614099.94872000
1249      4633543.63461000
1250      4653063.16703000
1251      4672656.54999000
1252      4692326.10584000
1253      4712073.89327000
1254      4731897.71861000
1255      4751799.17144000
1256      4771774.34864000
1257      4791830.61091000
1258      4811961.40602000
1259      4832170.50597000
1260      4852460.25306000
1261      4872825.51485000
1262      4893269.59727000
1263      4913795.33367000
1264      4934395.62473000
1265      4955079.38398000
1266      4975841.18610000
1267      4996682.67387000
1268      5017604.02210000
1269      5038607.58228000
1270      5059691.85287000
1271      5080858.69209000
1272      5102102.41619000
1273      5123432.74044000
1274      5144840.79592000
1275      5166335.31421000
1276      5187907.90942000
1277      5209567.83898000
1278      5231306.19469000
1279      5253131.74247000
1280      5275039.27513000
1281      5297031.15558000
1282      5319108.59546000
1283      5341267.52406000
1284      5363516.64119000
1285      5385847.08954000
1286      5408263.83484000
1287      5430762.77925000
1288      5453352.15298000
1289      5476026.80656000
1290      5498789.55872000
1291      5521637.95719000
1292      5544573.77300000
1293      5567596.12920000
1294      5590709.54196000
1295      5613907.67388000
1296      5637196.17417000
1297      5660573.03754000
1298      5684037.37185000
1299      5707593.72914000
1300      5731237.93386000
1301      5754975.09864000
1302      5778800.49111000
1303      5802715.39175000
1304      5826722.19420000
1305      5850822.19728000
1306      5875011.18372000
1307      5899293.76342000
1308      5923666.26268000
1309      5948132.75170000
1310      5972691.75171000
1311      5997345.70226000
1312      6022093.11990000
1313      6046932.55772000
1314      6071865.28636000
1315      6096896.55023000
1316      6122019.29338000
1317      6147237.05886000
1318      6172553.97973000
1319      6197962.97213000
1320      6223469.80209000
1321      6249070.24892000
1322      6274770.09789000
1323      6300566.76642000
1324      6326462.67345000
1325      6352455.22719000
1326      6378544.62894000
1327      6404731.08018000
1328      6431019.36305000
1329      6457406.73517000
1330      6483892.96415000
1331      6510476.47224000
1332      6537162.06654000
1333      6563949.96640000
1334      6590835.76625000
1335      6617823.69210000
1336      6644913.95846000
1337      6672106.78000000
1338      6699400.15325000
1339      6726798.11839000
1340      6754297.06105000
1341      6781898.80018000
1342      6809606.01136000
1343      6837418.67346000
1344      6865332.55738000
1345      6893350.09307000
1346      6921476.20647000
1347      6949707.65906000
1348      6978044.04531000
1349      7006484.95251000
1350      7035031.22280000
1351      7063687.82649000
1352      7092448.97276000
1353      7121320.27302000
1354      7150297.18538000
1355      7179385.34624000
1356      7208578.91979000
1357      7237883.55625000
1358      7267298.19892000
1359      7296822.14437000
1360      7326455.25215000
1361      7356197.46676000
1362      7386053.46590000
1363      7416018.37685000
1364      7446095.96324000
1365      7476285.80225000
1366      7506586.80216000
1367      7537001.83563000
1368      7567533.37010000
1369      7598174.53107000
1370      7628928.43204000
1371      7659800.87903000
1372      7690785.86463000
1373      7721885.63420000
1374      7753099.07193000
1375      7784432.02399000
1376      7815879.11717000
1377      7847444.16898000
1378      7879125.87844000
1379      7910922.42974000
1380      7942838.34176000
1381      7974873.85983000
1382      8007029.22948000
1383      8039301.77678000
1384      8071693.96623000
1385      8104202.41511000
1386      8136836.70817000
1387      8169587.74523000
1388      8202460.79977000
1389      8235457.64139000
1390      8268574.77814000
1391      8301811.84170000
1392      8335176.27878000
1393      8368658.18962000
1394      8402268.70287000
1395      8436000.83562000
1396      8469856.26690000
1397      8503839.63940000
1398      8537946.81895000
1399      8572176.59757000
1400      8606535.81506000
1401      8641019.59335000
1402      8675631.13753000
1403      8710372.17575000
1404      8745238.53812000
1405      8780233.43586000
1406      8815354.16051000
1407      8850609.12891000
1408      8885989.69686000
1409      8921501.32624000
1410      8957142.03040000
1411      8992915.82897000
1412      9028815.49222000
1413      9064850.24479000
1414      9101021.12250000
1415      9137320.15821000
1416      9173749.82035000
1417      9210317.17956000
1418      9247016.46133000
1419      9283849.46642000
1420      9320817.90718000
1421      9357922.16028000
1422      9395157.83968000
1423      9432532.08822000
1424      9470045.18973000
1425      9507692.07405000
1426      9545476.78734000
1427      9583402.75961000
1428      9621465.53658000
1429      9659664.75331000
1430      9698003.68991000
1431      9736483.42373000
1432      9775102.63759000
1433      9813861.60325000
1434      9852763.01057000
1435      9891803.91938000
1436      9930990.85524000
1437      9970315.63899000
1438     10009786.21109000
1439     10049397.38763000
1440     10089158.19949000
1441     10129058.53933000
1442     10169103.60794000
1443     10209295.07551000
1444     10249631.02608000
1445     10290113.11696000
1446     10330745.79906000
1447     10371520.49365000
1448     10412445.53393000
1449     10453518.70356000
1450     10494741.13352000
1451     10536112.27169000
1452     10577631.90732000
1453     10619302.18097000
1454     10661120.68959000
1455     10703094.68659000
1456     10745218.00062000
1457     10787493.49613000
1458     10829924.53096000
1459     10872502.70226000
1460     10915237.00825000
1461     10958129.50000000
1462     11001172.19811000
1463     11044368.88159000
1464     11087723.79799000
1465     11131235.50184000
1466     11174899.46016000
1467     11218725.22873000
1468     11262706.92592000
1469     11306847.51346000
1470     11351148.19583000
1471     11395604.42298000
1472     11440224.44550000
1473     11484999.72487000
1474     11529938.52083000
1475     11575039.88188000
1476     11620302.31629000
1477     11665724.31175000
1478     11711308.90899000
1479     11757058.59842000
1480     11802976.45717000
1481     11849052.03180000
1482     11895296.74182000
1483     11941708.43399000
1484     11988280.93931000
1485     12035020.44384000
1486     12081929.13768000
1487     12129007.35531000
1488     12176252.60752000
1489     12223663.99063000
1490     12271248.03514000
1491     12318998.86203000
1492     12366923.96020000
1493     12415017.69706000
1494     12463284.21457000
1495     12511721.93662000
1496     12560329.26547000
1497     12609113.49043000
1498     12658068.93999000
1499     12707202.93704000
1500     12756508.82529000
1501     12805990.04540000
1502     12855646.74106000
1503     12905481.39867000
1504     12955492.39026000
1505     13005678.89307000
1506     13056047.49880000
1507     13106594.28690000
1508     13157316.76330000
1509     13208223.36531000
1510     13259310.19051000
1511     13310577.84004000
1512     13362026.52618000
1513     13413657.60444000
1514     13465471.42828000
1515     13517470.47315000
1516     13569649.90950000
1517     13622012.11038000
1518     13674569.85813000
1519     13727302.81727000
1520     13780228.97038000
1521     13833338.26919000
1522     13886637.31009000
1523     13940125.42138000
1524     13993796.68397000
1525     14047664.00530000
1526     14101721.47687000
1527     14155966.30342000
1528     14210399.88350000
1529     14265027.83738000
1530     14319854.77337000
1531     14374865.20059000
1532     14430071.08562000
1533     14485477.07362000
1534     14541075.03963000
1535     14596866.41284000
1536     14652858.96354000
1537     14709042.49196000
1538     14765427.94281000
1539     14822007.18323000
1540     14878787.01049000
1541     14935767.81020000
1542     14992949.84685000
1543     15050329.33863000
1544     15107908.72894000
1545     15165693.92028000
1546     15223679.62316000
1547     15281869.68335000
1548     15340260.03242000
1549     15398859.80619000
1550     15457662.86682000
1551     15516670.52261000
1552     15575884.47052000
1553     15635308.29220000
1554     15694936.71249000
1555     15754773.73170000
1556     15814817.23602000
1557     15875081.08237000
1558     15935545.56881000
1559     15996223.42922000
1560     16057114.80304000
1561     16118216.01047000
1562     16179532.67633000
1563     16241059.67540000
1564     16302804.38988000
1565     16364762.25168000
1566     16426939.50153000
1567     16489325.45175000
1568     16551935.97584000
1569     16614761.55352000
1570     16677804.59358000
1571     16741069.05854000
1572     16804550.97142000
1573     16868257.14544000
1574     16932182.38715000
1575     16996323.88174000
1576     17060698.09181000
1577     17125288.96067000
1578     17190105.35159000
1579     17255147.25036000
1580     17320417.95955000
1581     17385908.13216000
1582     17451628.72082000
1583     17517576.46548000
1584     17583752.26432000
1585     17650157.28694000
1586     17716791.94902000
1587     17783659.15803000
1588     17850753.63653000
1589     17918083.48485000
1590     17985644.65868000
1591     18053442.61415000
1592     18121468.96726000
1593     18189729.17109000
1594     18258229.41540000
1595     18326965.65683000
1596     18395935.77970000
1597     18465147.92934000
1598     18534592.86847000
1599     18604284.56257000
1600     18674211.86030000
1601     18744378.40675000
1602     18814787.22187000
1603     18885442.65764000
1604     18956337.35204000
1605     19027475.64671000
1606     19098856.67233000
1607     19170487.44972000
1608     19242361.12968000
1609     19314482.83282000
1610     19386852.27318000
1611     19459471.98370000
1612     19532334.42836000
1613     19605453.18572000
1614     19678818.22966000
1615     19752438.61933000
1616     19826306.19838000
1617     19900429.22984000
1618     19974811.72046000
1619     20049443.27893000
1620     20124331.15124000
1621     20199471.70098000
1622     20274872.23539000
1623     20350529.60315000
1624     20426449.77058000
1625     20502624.44405000
1626     20579062.39752000
1627     20655756.23921000
1628     20732716.16500000
1629     20809937.07267000
1630     20887423.19590000
1631     20965171.67376000
1632     21043185.34416000
1633     21121462.85728000
1634     21200011.19140000
1635     21278824.74506000
1636     21357907.23103000
1637     21437258.73621000
1638     21516879.75214000
1639     21596772.57744000
1640     21676936.24954000
1641     21757370.88665000
1642     21838081.68151000
1643     21919066.22838000
1644     22000323.54967000
1645     22081861.43672000
1646     22163670.14381000
1647     22245758.95127000
1648     22328122.47396000
1649     22410773.31622000
1650     22493696.89777000
1651     22576902.59790000
1652     22660392.96213000
1653     22744166.20746000
1654     22828220.62689000
1655     22912560.70270000
1656     22997182.67588000
1657     23082097.61522000
1658     23167289.17111000
1659     23252774.95117000
1660     23338550.91561000
1661     23424617.18023000
1662     23510971.59524000
1663     23597614.46076000
1664     23684550.90694000
1665     23771783.18010000
1666     23859310.25650000
1667     23947131.09560000
1668     24035246.06603000
1669     24123660.51492000
1670     24212371.84682000
1671     24301379.00510000
1672     24390690.38039000
1673     24480295.46966000
1674     24570209.10849000
1675     24660420.65977000
1676     24750938.60237000
1677     24841757.16677000
1678     24932884.86327000
1679     25024312.56303000
1680     25116056.92654000
1681     25208095.90833000
1682     25300452.68502000
1683     25393119.71063000
1684     25486092.64668000
1685     25579380.17193000
1686     25672976.30031000
1687     25766893.02629000
1688     25861116.18738000
1689     25955662.68079000
1690     26050519.94334000
1691     26145693.48246000
1692     26241187.11587000
1693     26337001.40676000
1694     26433131.89200000
1695     26529587.49490000
1696     26626365.43772000
1697     26723464.59562000
1698     26820888.77339000
1699     26918638.80920000
1700     27016711.59798000
1701     27115116.20297000
1702     27213841.40160000
1703     27312906.42696000
1704     27412289.73498000
1705     27512012.14085000
1706     27612059.09169000
1707     27712448.26831000
1708     27813166.16579000
1709     27914217.26563000
1710     28015605.16641000
1711     28117335.96112000
1712     28219399.46043000
1713     28321803.52818000
1714     28424539.92869000
1715     28527633.44636000
1716     28631060.47368000
1717     28734826.58480000
1718     28838936.24244000
1719     28943396.55720000
1720     29048201.29674000
1721     29153354.29322000
1722     29258853.25447000
1723     29364705.28955000
1724     29470907.37574000
1725     29577456.85255000
1726     29684361.62022000
1727     29791619.64735000
1728     29899232.36887000
1729     30007196.28724000
1730     30115524.91265000
1731     30224202.24122000
1732     30333246.92441000
1733     30442643.82294000
1734     30552407.48217000
1735     30662534.80178000
1736     30773017.52260000
1737     30883865.63702000
1738     30995088.16121000
1739     31106669.81081000
1740     31218616.31175000
1741     31330933.98031000
1742     31443623.46632000
1743     31556686.74079000
1744     31670115.44223000
1745     31783919.78502000
1746     31898100.43628000
1747     32012651.61840000
1748     32127583.62300000
1749     32242884.15452000
1750     32358579.77790000
1751     32474641.29760000
1752     32591086.23520000
1753     32707913.29142000
1754     32825128.31894000
1755     32942720.84575000
1756     33060701.39335000
1757     33179075.86131000
1758     33297825.77306000
1759     33416968.92165000
1760     33536496.75450000
1761     33656428.41555000
1762     33776743.27464000
1763     33897450.82628000
1764     34018556.17129000
1765     34140058.79104000
1766     34261951.22269000
1767     34384251.60542000
1768     34506943.11888000
1769     34630039.87010000
1770     34753538.44253000
1771     34877434.22821000
1772     35001738.44815000
1773     35126449.51785000
1774     35251566.25318000
1775     35377088.18442000
1776     35503015.98307000
1777     35629362.91337000
1778     35756109.80640000
1779     35883278.34715000
1780     36010855.50851000
1781     36138851.53018000
1782     36267254.37112000
1783     36396081.71324000
1784     36525330.03620000
1785     36654991.48578000
1786     36785080.66313000
1787     36915584.33142000
1788     37046520.43865000
1789     37177873.46502000
1790     37309657.08454000
1791     37441863.32028000
1792     37574504.94748000
1793     37707575.99392000
1794     37841066.37732000
1795     37974996.34057000
1796     38109361.24667000
1797     38244162.80616000
1798     38379396.33826000
1799     38515062.55044000
1800     38651176.49039000
1801     38787726.46171000
1802     38924720.24216000
1803     39062146.03577000
1804     39200031.56830000
1805     39338346.03629000
1806     39477118.17677000
1807     39616338.80856000
1808     39756000.45800000
1809     39896112.05782000
1810     40036675.24186000
1811     40177699.94499000
1812     40319168.54145000
1813     40461100.18668000
1814     40603486.42645000
1815     40746333.48239000
1816     40889631.14014000
1817     41033396.59662000
1818     41177624.31775000
1819     41322310.38709000
1820     41467465.76055000
1821     41613092.01968000
1822     41759174.17644000
1823     41905732.69565000
1824     42052759.65510000
1825     42200259.80765000
1826     42348224.38087000
1827     42496674.02565000
1828     42645599.97174000
1829     42794992.62517000
1830     42944867.93079000
1831     43095226.70251000
1832     43246070.45228000
1833     43397388.84236000
1834     43549193.77272000
1835     43701485.36180000
1836     43854255.26272000
1837     44007523.24051000
1838     44161276.01867000
1839     44315524.25660000
1840     44470263.82059000
1841     44625490.52480000
1842     44781230.69966000
1843     44937444.01642000
1844     45094167.46247000
1845     45251396.89421000
1846     45409117.44506000
1847     45567345.61846000
1848     45726066.48586000
1849     45885302.25309000
1850     46045053.24164000
1851     46205299.89250000
1852     46366058.31594000
1853     46527324.74250000
1854     46689114.91054000
1855     46851409.58659000
1856     47014219.38768000
1857     47177556.52149000
1858     47341405.30161000
1859     47505772.69230000
1860     47670664.27717000
1861     47836080.92752000
1862     48002023.95141000
1863     48168483.21176000
1864     48335475.78999000
1865     48502996.85973000
1866     48671053.41275000
1867     48839634.86319000
1868     49008748.15246000
1869     49178409.81346000
1870     49348594.30421000
1871     49519317.82496000
1872     49690587.72769000
1873     49862398.80506000
1874     50034752.27310000
1875     50207643.54913000
1876     50381084.37728000
1877     50555086.91172000
1878     50729618.60800000
1879     50904714.08455000
1880     51080345.88762000
1881     51256554.32830000
1882     51433306.65272000
1883     51610609.48380000
1884     51788474.81451000
1885     51966909.16335000
1886     52145891.28181000
1887     52325438.40636000
1888     52505563.32674000
1889     52686249.69498000
1890     52867498.56247000
1891     53049316.46490000
1892     53231715.54722000
1893     53414674.26020000
1894     53598216.16041000
1895     53782336.61421000
1896     53967030.67736000
1897     54152305.02279000
1898     54338160.76737000
1899     54524598.64965000
1900     54711625.49837000
1901     54899230.61534000
1902     55087426.60926000
1903     55276208.52004000
1904     55465594.89873000
1905     55655563.24494000
1906     55846126.21723000
1907     56037284.76165000
1908     56229051.68144000
1909     56421398.26638000
1910     56614361.07957000
1911     56807923.20979000
1912     57002091.69242000
1913     57196873.33615000
1914     57392245.15130000
1915     57588244.17479000
1916     57784847.24668000
1917     57982055.27424000
1918     58179887.45197000
1919     58378338.57762000
1920     58577403.64676000
1921     58777089.59560000
1922     58977397.39548000
1923     59178334.38000000
1924     59379882.63366000
1925     59582068.24732000
1926     59784879.43683000
1927     59988329.62197000
1928     60192401.55739000
1929     60397114.25741000
1930     60602450.39163000
1931     60808448.16279000
1932     61015065.05036000
1933     61222333.02116000
1934     61430240.73398000
1935     61638795.55193000
1936     61847991.79363000
1937     62057843.22519000
1938     62268332.00160000
1939     62479496.94878000
1940     62691294.82788000
1941     62903758.09767000
1942     63116887.83283000
1943     63330653.42473000
1944     63545100.12455000
1945     63760197.26932000
1946     63975971.58562000
1947     64192410.59015000
1948     64409509.64437000
1949     64627281.99013000
1950     64845735.79809000
1951     65064851.76169000
1952     65284644.66644000
1953     65505127.86084000
1954     65726283.48730000
1955     65948124.86317000
1956     66170646.90104000
1957     66393843.90318000
1958     66617750.06871000
1959     66842332.72102000
1960     67067607.04045000
1961     67293580.30034000
1962     67520246.13050000
1963     67747613.07381999
1964     67975675.38085000
1965     68204427.23198000
1966     68433909.64286000
1967     68664083.78481001
1968     68894949.93915001
1969     69126550.81722000
1970     69358845.87199999
1971     69591849.29152000
1972     69825576.92430000
1973     70060022.13665999
1974     70295186.02772000
1975     70531076.76143999
1976     70767668.00006001
1977     71005008.72366001
1978     71243071.73631001
1979     71481845.58053000
1980     71721371.54915000
1981     71961631.17184000
1982     72202603.11159000
1983     72444330.65463001
1984     72686780.78933001
1985     72929996.13474000
1986     73173942.63268000
1987     73418627.64662001
1988     73664066.86446001
1989     73910261.47876000
1990     74157197.99976000
1991     74404892.22939000
1992     74653330.60379000
1993     74902542.72724000
1994     75152507.61582001
1995     75403241.23937000
1996     75654731.01233999
1997     75906990.77034000
1998     76160015.33195999
1999     76413798.34126000
2000     76668377.38716000
2001     76923717.24402000
2002     77179831.75606000
2003     77436724.47971000
2004     77694401.78654000
2005     77952866.10812999
2006     78212111.03007001
2007     78472136.45692000
2008     78732966.58298001
2009     78994587.30380000
2010     79256977.94755000
2011     79520183.39135000
2012     79784197.19571000
2013     80048984.41955000
2014     80314596.63891999
2015     80580998.84949000
2016     80848220.75959000
2017     81116242.89848000
2018     81385087.24952000
2019     81654724.92730001
2020     81925203.11393000
2021     82196484.96939000
2022     82468576.62086999
2023     82741514.16099000
2024     83015263.96635000
2025     83289836.73024000
2026     83565241.73156001
2027     83841493.25275999
2028     84118555.35171001
2029     84396459.97074001
2030     84675208.41986001
2031     84954800.37368999
2032     85235224.05791000
2033     85516500.28076001
2034     85798609.05120000
2035     86081597.56144001
2036     86365421.18402000
2037     86650085.92130999
2038     86935627.86432000
2039     87222015.20004000
2040     87509270.59108000
2041     87797390.56908000
2042     88086366.27451999
2043     88376230.71041000
2044     88666955.30096000
2045     88958544.17957000
2046     89251010.75734000
2047     89544379.95591000
2048     89838593.70721000
2049     90133712.77349000
2050     90429712.99646001
2051     90726593.72129001
2052     91024364.79993001
2053     91323029.54826000
2054     91622595.96738000
2055     91923054.75695001
2056     92224409.23476000
2057     92526660.72509000
2058     92829834.65492000
2059     93133906.24995001
2060     93438885.55628000
2061     93744773.91568001
2062     94051590.30132000
2063     94359307.51219000
2064     94667937.81512000
2065     94977498.11969000
2066     95287998.75748999
2067     95599403.28120001
2068     95911744.21675000
2069     96225018.50780000
2070     96539227.53184000
2071     96854372.66700000
2072     97170457.61412001
2073     97487470.06322999
2074     97805449.97302000
2075     98124362.49552000
2076     98444215.68150000
2077     98765047.47679000
2078     99086813.59879000
2079     99409533.70871000
2080     99733215.96343000
2081    100057882.75493000
2082    100383486.84017999
2083    100710059.82621001
2084    101037616.74050000
2085    101366133.62235001
2086    101695630.54646000
2087    102026099.61486000
2088    102357546.43245000
2089    102689996.50887001
2090    103023427.26248001
2091    103357816.96608000
2092    103693218.55648001
2093    104029633.62908000
2094    104367016.01575001
2095    104705398.42995000
2096    105044796.05960999
2097    105385196.76081000
2098    105726593.64484000
2099    106069003.36685000
2100    106412424.61781000
2101    106756861.72924000
2102    107102310.47792000
2103    107448791.82117000
2104    107796290.64947000
2105    108144808.43890999
2106    108494370.28705999
2107    108844941.27688000
2108    109196565.31992000
2109    109549225.15756001
2110    109902898.48083000
2111    110257633.41883001
2112    110613424.71280000
2113    110970237.77177000
2114    111328117.17989001
2115    111687051.40038000
2116    112047052.05457000
2117    112408083.45194000
2118    112770191.28251000
2119    113133370.21415000
2120    113497611.66170000
2121    113862913.90384001
2122    114229291.93130000
2123    114596740.76469000
2124    114965296.09275000
2125    115334908.09390999
2126    115705595.50173999
2127    116077383.92745000
2128    116450289.07788000
2129    116824256.98836000
2130    117199313.52743000
2131    117575484.61395000
2132    117952757.99202999
2133    118331114.19375999
2134    118710596.86463000
2135    119091207.74992000
2136    119472902.60633001
2137    119855718.28665000
2138    120239652.85219000
2139    120624718.59469000
2140    121010913.54989000
2141    121398225.20967001
2142    121786669.30937999
2143    122176258.26536000
2144    122566972.14691000
2145    122958834.19018000
2146    123351820.57836001
2147    123745980.19073001
2148    124141271.19532999
2149    124537709.35361999
2150    124935322.07299000
2151    125334100.15525000
2152    125734001.19211000
2153    126135089.02049001
2154    126537343.29012001
2155    126940776.78174999
2156    127345364.95415001
2157    127751146.86121000
2158    128158113.13616000
2159    128566234.93892001
2160    128975555.66477001
2161    129386068.92080000
2162    129797769.23464000
2163    130210676.80789000
2164    130624770.69526000
2165    131040068.11465000
2166    131456573.80351000
2167    131874289.48168001
2168    132293209.66614000
2169    132713331.76530001
2170    133134692.02015001
2171    133557269.19769000
2172    133981072.24582000
2173    134406072.43529001
2174    134832344.03154001
2175    135259839.53819999
2176    135688540.05377999
2177    136118510.23642001
2178    136549728.56195000
2179    136982164.21206999
2180    137415870.54455999
2181    137850825.79398999
2182    138287043.60238001
2183    138724497.37487999
2184    139163236.46759999
2185    139603250.86904001
2186    140044501.75812000
2187    140487043.49658999
2188    140930853.93270001
2189    141375961.55805001
2190    141822317.29936999
2191    142269985.98495999
2192    142718933.08755001
2193    143169177.41126999
2194    143620723.28942001
2195    144073557.87200999
2196    144527673.07131001
2197    144983144.48661000
2198    145439892.83445001
2199    145897964.27234000
2200    146357330.85462001
2201    146818049.10562000
2202    147280071.23811999
2203    147743413.76984999
2204    148208088.77733001
2205    148674125.55045000
2206    149141468.35837001
2207    149610151.53847000
2208    150080176.96730000
2209    150551592.00747001
2210    151024294.94371000
2211    151498378.63084999
2212    151973845.15064999
2213    152450658.14333999
2214    152928806.56720999
2215    153408330.76350999
2216    153889265.99276999
2217    154371523.87490001
2218    154855191.23758000
2219    155340229.26361001
2220    155826680.86809000
2221    156314482.84455001
2222    156803694.85044000
2223    157294307.71224999
2224    157786302.72825000
2225    158279715.62584999
2226    158774548.45547000
2227    159270769.24448001
2228    159768408.15402001
2229    160267480.47918999
2230    160767954.05682001
2231    161269851.66486001
2232    161773209.65233001
2233    162277974.77011001
2234    162784185.00094000
2235    163291813.73646000
2236    163800924.61436999
2237    164311459.56865999
2238    164823453.69745001
2239    165336903.01811999
2240    165851809.54438001
2241    166368175.29080001
2242    166885974.77526999
2243    167405300.09847000
2244    167926084.61596999
2245    168448330.26161000
2246    168972038.96970001
2247    169497289.86748001
2248    170023987.76311001
2249    170552176.35676000
2250    171081871.71946999
2251    171613090.05868000
2252    172145784.93246999
2253    172679979.97249001
2254    173215704.32668000
2255    173752961.37981001
2256    174291717.22281000
2257    174831981.49399999
2258    175373784.76368999
2259    175917136.90419000
2260    176461989.37075999
2261    177008409.31331000
2262    177556355.76583999
2263    178105874.12785000
2264    178656916.43059999
2265    179209528.19549000
2266    179763703.94703999
2267    180319446.73875999
2268    180876707.08195999
2269    181435582.56494999
2270    181996046.23811001
2271    182558041.38194999
2272    183121643.73069000
2273    183686833.76923001
2274    184253628.51967001
2275    184821985.60041001
2276    185391951.73773000
2277    185963522.02418000
2278    186536728.63909999
2279    187111491.05720001
2280    187687909.82074001
2281    188265933.79280999
2282    188845588.54104999
2283    189426860.68928000
2284    190009768.04761001
2285    190594312.84496999
2286    191180489.49383000
2287    191768323.35332000
2288    192357786.04914001
2289    192948918.32703000
2290    193541707.11537999
2291    194136154.66494000
2292    194732263.22742000
2293    195330050.59847000
2294    195929488.12224999
2295    196530624.60146999
2296    197133423.42144001
2297    197737926.00264001
2298    198344103.28729999
2299    198951988.98789001
2300    199561569.70357999
2301    200172847.72681001
2302    200785833.25305000
2303    201400528.59259000
2304    202016959.92609999
2305    202635089.78841999
2306    203254936.41148001
2307    203876534.03795999
2308    204499861.08643001
2309    205124919.88927001
2310    205751720.72435001
2311    206380265.94196999
2312    207010565.84856999
2313    207642614.85188001
2314    208276415.30519000
2315    208912001.88536999
2316    209549352.70084000
2317    210188461.64734000
2318    210829356.00505999
2319    211472037.71390000
2320    212116493.18586999
2321    212762748.80665001
2322    213410790.98493001
2323    214060630.12896001
2324    214712293.40386000
2325    215365741.78444001
2326    216021019.22306001
2327    216678119.45104000
2328    217337011.94130999
2329    217997756.99614999
2330    218660324.12527999
2331    219324731.87641999
2332    219990991.71107000
2333    220659072.01236001
2334    221329008.39399001
2335    222000812.44227001
2336    222674452.31639001
2337    223349972.97266999
2338    224027367.81861001
2339    224706623.16361001
2340    225387757.69330999
2341    226070773.91749999
2342    226755674.34700999
2343    227442469.61431000
2344    228131154.12252000
2345    228821756.10504001
2346    229514242.95842999
2347    230208695.91771001
2348    230904985.76859000
2349    231603237.37959000
2350    232303401.65959999
2351    233005515.31138000
2352    233709527.38760999
2353    234415502.15088999
2354    235123407.99133000
2355    235833299.85236001
2356    236545090.32578999
2357    237258872.08700001
2358    237974601.77744001
2359    238692328.20890999
2360    239411997.77026999
2361    240133651.19209000
2362    240857297.56042001
2363    241582941.41705999
2364    242310538.55835000
2365    243040154.90836999
2366    243771785.00312999
2367    244505439.85769001
2368    245241056.23844001
2369    245978694.34841001
2370    246718381.75393999
2371    247460131.70302001
2372    248203834.67276001
2373    248949613.81540000
2374    249697472.08700001
2375    250447336.94255999
2376    251199210.81040001
2377    251953199.24541000
2378    252709275.65068001
2379    253467369.10023001
2380    254227517.76236001
2381    254989781.66468999
2382    255754152.95164001
2383    256520579.37073001
2384    257289088.52998000
2385    258059713.36368001
2386    258832456.76164001
2387    259607302.20100001
2388    260384210.78466001
2389    261163285.18884000
2390    261944506.22803000
2391    262727818.04148999
2392    263513242.79089999
2393    264300850.58939001
2394    265090616.39506999
2395    265882511.98249999
2396    266676520.20059001
2397    267472751.36726999
2398    268271148.97304001
2399    269071687.46354997
2400    269874394.80233997
2401    270679337.09263998
2402    271486417.05884999
2403    272295723.05374998
2404    273107180.60540003
2405    273920893.53025001
2406    274736800.85159999
2407    275554925.66377997
2408    276375221.60922003
2409    277197822.38599998
2410    278022617.03139001
2411    278849640.75266999
2412    279678872.27315003
2413    280510421.01568002
2414    281344204.08029002
2415    282180232.76819003
2416    283018534.40529001
2417    283859087.45523000
2418    284701927.94348001
2419    285547055.09982997
2420    286394442.39445001
2421    287244143.21574998
2422    288096139.62182999
2423    288950434.59105998
2424    289807039.66162997
2425    290665957.83076000
2426    291527213.35877001
2427    292390775.34596002
2428    293256702.16334999
2429    294124907.23062003
2430    294995491.84631997
2431    295868403.39721000
2432    296743709.45200998
2433    297621326.91144001
2434    298501310.44980001
2435    299383684.83614999
2436    300268483.66641998
2437    301155614.44779003
2438    302045110.43733001
2439    302937018.38806999
2440    303831372.14298999
2441    304728087.05177999
2442    305627187.97496998
2443    306528730.75577998
2444    307432740.83438998
2445    308339146.31129998
2446    309247945.22741997
2447    310159229.69909000
2448    311072989.49444997
2449    311989165.68816000
2450    312907756.17869997
2451    313828862.63641000
2452    314752479.84087002
2453    315678520.73986000
2454    316607051.00211000
2455    317538087.83665001
2456    318471597.74093997
2457    319407597.86325997
2458    320346131.77639002
2459    321287156.96551001
2460    322230722.49693000
2461    323176808.70090002
2462    324125418.80388999
2463    325076550.41876000
2464    326030244.29632998
2465    326986480.57678002
2466    327945280.08660001
2467    328906675.26757997
2468    329870546.72605997
2469    330837046.79797000
2470    331806137.95187002
2471    332777841.25509000
2472    333752041.95523000
2473    334728908.59855998
2474    335708358.80409002
2475    336690467.15820003
2476    337675165.72978002
2477    338662433.76710999
2478    339652387.87115997
2479    340644998.84895003
2480    341640222.05150002
2481    342638045.39933002
2482    343638625.96570998
2483    344641813.42918003
2484    345647668.32612002
2485    346656169.68700999
2486    347667402.88309997
2487    348681313.81094998
2488    349697899.15912998
2489    350717186.77262002
2490    351739204.72237998
2491    352763907.21613997
2492    353791347.02463001
2493    354821520.81962001
2494    355854398.26012999
2495    356890032.47738999
2496    357928420.02767003
2497    358969530.40319002
2498    360013467.28790998
2499    361060076.55125999
2500    362109503.29790002
2501    363161709.81699997
2502    364216750.27355999
2503    365274476.23196000
2504    366335077.60172999
2505    367398465.44892001
2506    368464701.80347002
2507    369533715.12313002
2508    370605516.26151001
2509    371680238.59711999
2510    372757765.01907003
2511    373838107.95103002
2512    374921279.83965999
2513    376007413.94564998
2514    377096332.38606000
2515    378188151.63567001
2516    379282849.34491998
2517    380380429.13384998
2518    381480903.70157999
2519    382584276.68782997
2520    383690551.73377001
2521    384799741.57643998
2522    385911849.87672001
2523    387026889.40250999
2524    388144890.46012998
2525    389265821.11027002
2526    390389658.89328003
2527    391516496.13832003
2528    392646274.55830002
2529    393779069.34170997
2530    394914758.75291997
2531    396053490.37599999
2532    397195177.82586002
2533    398339924.49352998
2534    399487643.63492000
2535    400638320.68733001
2536    401792123.20657003
2537    402948891.17057002
2538    404108701.32406998
2539    405271483.98786002
2540    406437408.20709002
2541    407606358.47535002
2542    408778393.88239002
2543    409953462.83297002
2544    411131615.25698000
2545    412312855.00160003
2546    413497176.68112999
2547    414684630.65851003
2548    415875211.74703002
2549    417068792.36021000
2550    418265582.54412001
2551    419465464.28421003
2552    420668535.63577002
2553    421874677.26420999
2554    423084007.16381001
2555    424296509.61882001
2556    425512189.33131999
2557    426731020.90472001
2558    427952979.34307998
2559    429178174.18026000
2560    430406590.17290998
2561    431638173.57468998
2562    432872975.81225997
2563    434110991.54948002
2564    435352234.10070997
2565    436596698.12169999
2566    437844415.63533002
2567    439095362.61778003
2568    440349580.48732001
2569    441607045.20639998
2570    442867818.43049002
2571    444131895.04130000
2572    445399140.28931999
2573    446669765.62450999
2574    447943665.86980999
2575    449220934.53117001
2576    450501446.92126000
2577    451785264.94164002
2578    453072473.32615000
2579    454363046.43961000
2580    455656937.59324998
2581    456954150.70916998
2582    458254699.14778000
2583    459558738.93055999
2584    460866061.63190001
2585    462176811.90600997
2586    463490883.35825998
2587    464808492.26587999
2588    466129440.16290998
2589    467453801.94145000
2590    468781631.65495998
2591    470112800.38554001
2592    471447497.93264002
2593    472785614.21465999
2594    474127225.10926002
2595    475472303.83210999
2596    476820760.69353998
2597    478172756.23812997
2598    479528314.19827998
2599    480887303.65473002
2600    482249832.78658003
2601    483615779.43738002
2602    484985369.42289001
2603    486358467.96749997
2604    487735079.19295001
2605    489115229.60342997
2606    490498965.11409998
2607    491886235.67306000
2608    493277109.75207001
2609    494671537.04525000
2610    496069650.94691998
2611    497471197.44720000
2612    498876439.46259999
2613    500285303.68128997
2614    501697827.12023002
2615    503113874.11612999
2616    504533631.39381999
2617    505957071.01722002
2618    507384131.87326998
2619    508814851.15017998
2620    510249186.53324997
2621    511687331.05598998
2622    513129100.64274001
2623    514574565.85049999
2624    516023740.84482002
2625    517476596.72978002
2626    518933214.43660998
2627    520393589.02314001
2628    521857677.37085003
2629    523325551.20912999
2630    524797123.69459999
2631    526272481.06983000
2632    527751623.33740997
2633    529234623.09249002
2634    530721339.33666998
2635    532211829.82668000
2636    533706167.40662998
2637    535204391.22399998
2638    536706378.58552998
2639    538212227.27996004
2640    539721833.32781994
2641    541235423.43716002
2642    542752804.82869995
2643    544274105.56411004
2644    545799320.78027999
2645    547328315.72061002
2646    548861244.15574002
2647    550398120.82835996
2648    551938960.50690997
2649    553483642.84355998
2650    555032227.03649998
2651    556584833.57781994
2652    558141422.40111995
2653    559701947.09554994
2654    561266402.36249995
2655    562834802.58987999
2656    564407341.07006001
2657    565983772.57226002
2658    567564244.93183994
2659    569148727.18439996
2660    570737217.69980001
2661    572329763.78514004
2662    573926363.92811000
2663    575527022.99984002
2664    577131782.28575003
2665    578740500.93084002
2666    580353375.87182999
2667    581970339.17993999
2668    583591479.15113997
2669    585216663.86186004
2670    586845887.82237995
2671    588479360.24733996
2672    590116928.63773000
2673    591758644.79022002
2674    593404523.63018000
2675    595054634.77673995
2676    596708789.29752004
2677    598367196.07349002
2678    600029795.47021997
2679    601696677.75258005
2680    603367707.57740998
2681    605042879.48879004
2682    606722359.55438006
2683    608406163.33659995
2684    610094144.21089005
2685    611786393.03772998
2686    613482876.69102001
2687    615183714.90753996
2688    616888846.56268001
2689    618598248.35291004
2690    620311953.65258002
2691    622029987.70281994
2692    623752355.65685999
2693    625479091.40146005
2694    627210152.78971004
2695    628945651.60204995
2696    630685359.16336000
2697    632429534.70244002
2698    634178173.84680998
2699    635931174.46855998
2700    637688551.64689004
2701    639450270.87472999
2702    641216574.33585000
2703    642987290.26173997
2704    644762403.39971006
2705    646542028.84292996
2706    648326162.00655997
2707    650114618.54270005
2708    651907643.30009997
2709    653705212.09405994
2710    655507340.68979001
2711    657313903.43809998
2712    659124955.77881002
2713    660940594.06538999
2714    662760874.75698996
2715    664585671.43192995
2716    666414999.40944004
2717    668248874.03315997
2718    670087464.37636995
2719    671930571.30764997
2720    673778343.65330994
2721    675630694.40339005
2722    677487690.55563998
2723    679349368.76961005
2724    681215661.99482000
2725    683086710.53349996
2726    684962385.06449997
2727    686842711.34819996
2728    688727704.91497004
2729    690617518.35976005
2730    692512020.62676001
2731    694411206.71348000
2732    696315176.69160998
2733    698223862.03635001
2734    700137310.49312997
2735    702055570.17692006
2736    703978572.05344999
2737    705906502.62055004
2738    707839015.60810995
2739    709776479.07219005
2740    711718727.56046999
2741    713665906.04338002
2742    715617880.88127005
2743    717574678.18823004
2744    719536303.38320005
2745    721502935.70135999
2746    723474428.26819003
2747    725450776.15415001
2748    727432072.27566004
2749    729418266.18508995
2750    731409386.49425995
2751    733405503.79992998
2752    735406624.17543006
2753    737412665.27388000
2754    739423653.46244001
2755    741439583.84781003
2756    743460650.39468002
2757    745486647.27383006
2758    747517703.38312995
2759    749553766.65385997
2760    751594911.52848005
2761    753641075.13818002
2762    755692363.72538996
2763    757748682.66492999
2764    759810183.87724996
2765    761876748.25287998
2766    763948335.97327006
2767    766025054.03655005
2768    768107091.06759000
2769    770194190.15137994
2770    772286356.68525004
2771    774383698.51885998
2772    776486416.43702996
2773    778594137.84397995
2774    780707166.21003997
2775    782825404.91373003
2776    784948788.19658005
2777    787077518.33018994
2778    789211487.54979002
2779    791350733.65015996
2780    793495252.16481996
2781    795645070.37461996
2782    797799995.58263004
2783    799960514.91472006
2784    802126268.84220004
2785    804297262.92159998
2786    806473703.19196999
2787    808655501.31479001
2788    810842589.40151000
2789    813035142.88009000
2790    815233008.98822999
2791    817436470.57422996
2792    819645257.27942002
2793    821859278.37443995
2794    824078946.50162005
2795    826304064.96261001
2796    828534650.71503997
2797    830770634.23201001
2798    833012194.65227997
2799    835259262.68519998
2800    837511757.55453002
2801    839769870.34658003
2802    842033432.98500001
2803    844302746.57411003
2804    846577336.18727005
2805    848857689.96000004
2806    851143649.59827006
2807    853435200.06294000
2808    855732269.76171994
2809    858035074.70432997
2810    860343411.37580001
2811    862657507.42053998
2812    864977169.25592005
2813    867302603.88555002
2814    869633739.23564005
2815    871970571.05422997
2816    874312914.22468996
2817    876661190.53866005
2818    879015204.55384004
2819    881374984.46774995
2820    883740413.15856004
2821    886111529.02709997
2822    888488748.12837994
2823    890871554.52286994
2824    893260284.07737005
2825    895654748.59924996
2826    898055150.03978002
2827    900461310.20933998
2828    902873338.98063004
2829    905291347.10990000
2830    907715248.56359005
2831    910144956.45016003
2832    912580592.46208000
2833    915022257.40859997
2834    917469770.17764997
2835    919923231.36696005
2836    922382775.19589996
2837    924848314.22807002
2838    927319632.23483002
2839    929797064.48537004
2840    932280640.37047005
2841    934770238.80561996
2842    937265792.52086997
2843    939767403.96906996
2844    942275101.95972002
2845    944788990.09125996
2846    947308882.14806998
2847    949834892.49461997
2848    952367028.07553995
2849    954905426.39276004
2850    957449866.53035998
2851    960000474.80145001
2852    962557269.20967996
2853    965120377.27321994
2854    967689587.28035998
2855    970265026.55332005
2856    972846591.96351004
2857    975434621.12196004
2858    978028812.63411999
2859    980629405.72309995
2860    983236174.91378999
2861    985849360.38221002
2862    988468646.26561999
2863    991094373.77153003
2864    993726449.77999997
2865    996365004.84885001
2866    999009832.90779996
2867   1001661042.12612998
2868   1004318537.79886997
2869   1006982575.15330994
2870   1009653037.55242002
2871   1012329954.49005997
2872   1015013436.07831001
2873   1017703169.96096003
2874   1020399505.33827996
2875   1023102346.70063996
2876   1025811701.37416005
2877   1028527587.85073996
2878   1031250013.48008001
2879   1033978892.30804002
2880   1036714567.51522005
2881   1039456605.73768997
2882   1042205362.09097004
2883   1044960728.09272003
2884   1047722839.24710000
2885   1050491257.65930998
2886   1053266564.22927999
2887   1056048650.28234005
2888   1058837321.98833001
2889   1061632574.89563000
2890   1064434663.73046994
2891   1067243359.55180001
2892   1070058929.36740994
2893   1072881251.13084996
2894   1075710235.57474995
2895   1078546248.36433005
2896   1081388830.45057988
2897   1084238228.16489005
2898   1087094580.77958012
2899   1089957776.08135009
2900   1092827844.32140994
2901   1095704672.06719995
2902   1098588508.99171996
2903   1101479131.61495996
2904   1104376680.09365010
2905   1107281284.29688001
2906   1110192730.61983991
2907   1113111382.67039990
2908   1116036769.47919011
2909   1118969043.16250992
2910   1121908558.30008006
2911   1124855122.34559989
2912   1127808596.47698998
2913   1130769247.51799989
2914   1133736982.41663003
2915   1136711548.24171996
2916   1139693349.02851009
2917   1142682393.47159004
2918   1145678576.18565011
2919   1148681790.76794004
2920   1151692158.98907995
2921   1154709711.65159011
2922   1157734456.73814988
2923   1160766551.92971992
2924   1163805740.44455004
2925   1166852168.29424000
2926   1169905982.57627010
2927   1172966947.86240005
2928   1176035071.42855000
2929   1179110628.83996010
2930   1182193640.47956991
2931   1185283857.38874006
2932   1188381427.59171009
2933   1191486370.73470998
2934   1194598694.98249006
2935   1197718408.50278997
2936   1200845554.02970004
2937   1203980116.73752999
2938   1207122139.42138004
2939   1210271618.79495001
2940   1213428443.26742005
2941   1216593026.77227998
2942   1219764863.10471010
2943   1222944355.50811005
2944   1226131392.21038008
2945   1229326125.85802007
2946   1232528033.54771996
2947   1235737787.62506008
2948   1238955165.73958993
2949   1242180164.70293999
2950   1245412670.39227009
2951   1248653228.00990009
2952   1251900928.93915009
2953   1255156588.06851006
2954   1258419809.81159997
2955   1261690896.11410999
2956   1264969596.36220002
2957   1268256167.10965991
2958   1271550391.58733010
2959   1274852664.13990998
2960   1278162482.28295994
2961   1281480103.99432993
2962   1284805710.37382007
2963   1288139035.33063006
2964   1291480374.46076989
2965   1294829322.20880008
2966   1298186590.40340996
2967   1301551495.66826010
2968   1304924486.02571011
2969   1308305292.05310988
2970   1311694073.12013006
2971   1315090697.88871002
2972   1318495618.80954003
2973   1321908412.68894005
2974   1325329533.76499009
2975   1328758427.64682007
2976   1332195396.21825004
2977   1335640460.08234000
2978   1339093485.98076010
2979   1342554778.48216009
2980   1346024216.43643999
2981   1349501820.53969002
2982   1352987886.28342009
2983   1356481861.84949994
2984   1359983898.28936005
2985   1363494315.65152001
2986   1367012834.87582994
2987   1370539753.59545994
2988   1374074972.15475011
2989   1377618475.91551995
2990   1381170297.60387993
2991   1384730458.13983989
2992   1388298978.47144008
2993   1391875855.83246994
2994   1395460988.08220005
2995   1399054665.90879011
2996   1402656763.77409005
2997   1406267302.72923994
2998   1409886303.85341001
2999   1413513627.96943998
3000   1417149604.55653000
3001   1420793933.87894011
3002   1424446946.68373990
3003   1428108216.29640007
3004   1431778337.84436011
3005   1435457208.06728005
3006   1439144373.71337008
3007   1442840306.69350004
3008   1446544726.96427989
3009   1450257818.34624004
3010   1453979566.28853011
3011   1457710016.10647011
3012   1461449177.22714996
3013   1465197376.45614004
3014   1468954013.11048007
3015   1472719566.72537994
3016   1476493610.85946989
3017   1480276602.95812988
3018   1484068411.23533010
3019   1487869069.28084993
3020   1491678896.43893003
3021   1495497283.35640001
3022   1499324572.85414004
3023   1503160618.70613003
3024   1507005766.01799989
3025   1510859844.78688002
3026   1514722756.14318991
3027   1518594798.89861012
3028   1522476177.38246989
3029   1526366102.36607003
3030   1530265079.11035991
3031   1534173275.76937008
3032   1538090556.45558000
3033   1542016943.06780005
3034   1545952298.16096997
3035   1549896949.97909999
3036   1553850761.43945003
3037   1557813754.53593993
3038   1561785778.46633005
3039   1565767188.44109988
3040   1569757834.02900004
3041   1573757575.66192007
3042   1577766422.29596996
3043   1581784906.37817001
3044   1585812852.87012005
3045   1589849808.19484997
3046   1593896294.70252991
3047   1597951983.95608997
3048   1602017061.18163991
3049   1606091548.65764999
3050   1610175480.91630006
3051   1614269185.79484010
3052   1618372026.41763997
3053   1622484366.67970991
3054   1626606216.75259995
3055   1630737586.81153011
3056   1634878357.16985011
3057   1639028858.76611996
3058   1643188947.78326011
3059   1647358982.08663011
3060   1651538314.23639011
3061   1655727289.18317008
3062   1659925773.13188004
3063   1664134113.45725012
3064   1668351995.08857012
3065   1672579779.11227012
3066   1676817306.88140988
3067   1681064783.85200000
3068   1685321867.65184999
3069   1689588604.69339991
3070   1693865175.85438991
3071   1698151763.39911008
3072   1702448231.44090009
3073   1706754418.02114010
3074   1711070863.49059010
3075   1715397060.95186996
3076   1719732871.15723991
3077   1724079010.51586008
3078   1728434969.05380988
3079   1732801117.91125989
3080   1737177131.32972002
3081   1741563206.62545991
3082   1745959705.77105999
3083   1750365774.03334999
3084   1754782325.56991005
3085   1759208830.70302010
3086   1763645501.07171011
3087   1768092359.91571999
3088   1772549430.50378990
3089   1777016533.05902004
3090   1781494428.72325993
3091   1785982237.33423996
3092   1790480326.04076004
3093   1794988730.71378994
3094   1799507462.27656007
3095   1804036544.16350007
3096   1808575651.03049994
3097   1813125503.26518011
3098   1817686151.60291004
3099   1822256675.44074011
3100   1826837848.58650994
3101   1831429513.26152992
3102   1836031485.15082002
3103   1840643982.55787992
3104   1845267029.15862989
3105   1849901200.52133012
3106   1854545405.18525004
3107   1859200414.92892003
3108   1863865859.34996009
3109   1868542157.18296003
3110   1873228750.76896000
3111   1877926232.86538005
3112   1882634441.92770004
3113   1887353950.03710008
3114   1892083660.68446994
3115   1896824157.48969007
3116   1901575464.44201994
3117   1906337417.13025999
3118   1911110416.08468008
3119   1915894284.67058992
3120   1920689059.64090991
3121   1925495119.67514992
3122   1930311755.24373007
3123   1935139356.98509002
3124   1939977758.01916003
3125   1944827351.67263007
3126   1949687984.18987989
3127   1954559487.63082004
3128   1959442630.20619011
3129   1964336500.12259007
3130   1969241300.11284995
3131   1974157247.18546009
3132   1979084353.01923990
3133   1984022862.08897996
3134   1988972579.61252999
3135   1993933334.75515008
3136   1998905738.01736999
3137   2003889240.74374008
3138   2008883657.08556008
3139   2013889599.97034001
3140   2018907082.41897011
3141   2023935760.50560999
3142   2028975830.22605991
3143   2034027514.75130010
3144   2039090653.96271992
3145   2044164861.31439996
3146   2049250957.83122993
3147   2054348370.57427001
3148   2059457323.65417004
3149   2064577841.95634007
3150   2069709950.39587998
3151   2074853673.91766000
3152   2080009024.62790990
3153   2085176027.51186991
3154   2090354720.46564007
3155   2095545115.66565990
3156   2100747034.52831006
3157   2105960909.06975007
3158   2111186561.16985011
3159   2116424015.99260998
3160   2121673298.73186994
3161   2126934215.99727988
3162   2132207216.92385006
3163   2137491902.07015991
3164   2142788722.27656007
3165   2148097289.46414995
3166   2153417601.85746002
3167   2158750542.10555983
3168   2164095279.16508007
3169   2169451863.17643976
3170   2174820514.79565001
3171   2180201246.53462982
3172   2185594307.12039995
3173   2190998880.82295990
3174   2196416255.79527998
3175   2201845813.98952007
3176   2207287369.15190983
3177   2212741171.02472019
3178   2218207245.31953001
3179   2223685591.69648981
3180   2229176261.98312998
3181   2234679054.93579006
3182   2240194625.28290987
3183   2245722383.00499010
3184   2251262339.65026999
3185   2256814951.22259998
3186   2262380028.81655979
3187   2267957368.76254988
3188   2273547225.81917000
3189   2279149612.90300989
3190   2284765017.92011023
3191   2290392788.54854012
3192   2296032949.59404993
3193   2301685758.13570023
3194   2307351446.75829983
3195   2313029382.99754000
3196   2318720264.86456013
3197   2324423885.91720009
3198   2330140714.99981022
3199   2335869907.31739998
3200   2341611904.57320023
3201   2347366759.47673988
3202   2353134485.25452995
3203   2358914871.66557980
3204   2364708418.05354023
3205   2370514914.68354988
3206   2376334599.65221977
3207   2382167063.56271982
3208   2388012570.57199001
3209   2393870894.71871996
3210   2399742301.09527016
3211   2405626803.12216997
3212   2411524668.18759012
3213   2417435937.61846018
3214   2423360143.03647995
3215   2429297349.66701984
3216   2435247785.69628000
3217   2441211477.95448017
3218   2447188479.88487005
3219   2453178778.52429008
3220   2459182440.68766022
3221   2465199929.75910997
3222   2471230347.60084009
3223   2477274429.07367992
3224   2483331736.86515999
3225   2489402050.03900003
3226   2495486341.43919992
3227   2501584159.12938023
3228   2507695543.63194990
3229   2513820979.12269020
3230   2519959553.10742998
3231   2526111552.91538000
3232   2532277200.88799000
3233   2538456551.09969997
3234   2544649868.38854980
3235   2550856930.21034002
3236   2557078015.78468990
3237   2563312423.96034002
3238   2569560910.83116007
3239   2575823012.29396009
3240   2582098767.91210985
3241   2588388912.63520002
3242   2594692766.69769001
3243   2601010598.01312017
3244   2607342905.09942007
3245   2613688761.45123005
3246   2620048907.78854990
3247   2626422412.47754002
3248   2632810519.27454996
3249   2639212756.32433987
3250   2645629178.46471977
3251   2652059786.59766006
3252   2658505100.53565979
3253   2664964192.38840008
3254   2671437320.67446995
3255   2677924745.83099985
3256   2684426509.41982985
3257   2690942901.41878986
3258   2697473675.46112013
3259   2704018623.89694977
3260   2710578536.44040012
3261   2717152666.19338989
3262   2723740816.27906990
3263   2730343738.70662022
3264   2736961490.39024019
3265   2743593596.64092016
3266   2750240309.90098000
3267   2756902192.21681023
3268   2763578260.08326006
3269   2770269033.82707024
3270   2776974287.21789980
3271   2783694571.32585001
3272   2790429660.49611998
3273   2797179569.67350006
3274   2803944098.07770014
3275   2810724274.33105993
3276   2817518843.13896990
3277   2824328373.93243980
3278   2831152364.41990995
3279   2837991617.94649982
3280   2844846164.82514000
3281   2851715775.20863008
3282   2858600217.27020979
3283   2865500315.73005009
3284   2872415317.44226980
3285   2879344960.20721006
3286   2886290099.33343983
3287   2893250460.95992994
3288   2900226115.36308002
3289   2907217342.17440987
3290   2914223893.54593992
3291   2921245547.12262011
3292   2928282610.13437986
3293   2935334817.97763014
3294   2942402759.56151009
3295   2949486184.62422991
3296   2956585122.49651003
3297   2963699347.97794008
3298   2970829950.65711021
3299   2977975631.42460012
3300   2985136686.56654978
3301   2992313144.02833986
3302   2999505844.68238020
3303   3006714006.76172018
3304   3013938202.32490015
3305   3021177917.50165987
3306   3028433999.57138014
3307   3035705674.48830986
3308   3042992970.42251015
3309   3050295901.68739986
3310   3057615060.72314978
3311   3064950203.25439978
3312   3072301359.15426016
3313   3079668572.23666000
3314   3087052399.22507000
3315   3094451789.78263998
3316   3101867035.16595984
3317   3109298456.63882017
3318   3116746363.72115993
3319   3124210214.23533010
3320   3131690625.63395977
3321   3139187601.80694008
3322   3146700639.31343985
3323   3154229752.82046986
3324   3161775267.63511992
3325   3169337200.09257984
3326   3176915594.52266979
3327   3184510765.62116003
3328   3192122175.73497009
3329   3199750709.88133001
3330   3207395258.03337002
3331   3215056434.44228983
3332   3222733982.62768984
3333   3230428492.69057989
3334   3238139722.79144001
3335   3245867703.59270000
3336   3253612176.53459978
3337   3261374329.91460991
3338   3269152761.74056005
3339   3276947790.41150999
3340   3284759722.48873997
3341   3292588617.01077986
3342   3300434769.29519987
3343   3308297653.84345007
3344   3316178460.70910978
3345   3324075460.28992987
3346   3331989591.33211994
3347   3339921152.07719994
3348   3347869005.58383989
3349   3355834971.26025009
3350   3363817882.84741020
3351   3371818067.52640009
3352   3379836167.18195009
3353   3387871021.30388021
3354   3395923270.73718023
3355   3403992618.54369020
3356   3412079423.28598022
3357   3420184017.50216007
3358   3428305816.84779978
3359   3436445484.00124979
3360   3444603023.81469011
3361   3452777891.23024988
3362   3460970405.88854980
3363   3469180323.35105991
3364   3477407645.09867001
3365   3485653026.77799988
3366   3493916516.14659023
3367   3502197518.72836018
3368   3510497001.26999998
3369   3518813752.66190004
3370   3527148447.12690020
3371   3535501102.33020020
3372   3543871764.53957987
3373   3552260141.06650019
3374   3560666898.47770023
3375   3569092084.94958019
3376   3577535081.38973999
3377   3585996273.92072010
3378   3594475352.72326994
3379   3602972990.49931002
3380   3611488592.18597984
3381   3620022517.80844021
3382   3628574785.35410976
3383   3637146074.26925993
3384   3645735469.70768023
3385   3654343016.70552015
3386   3662969049.72938013
3387   3671613601.29479980
3388   3680276732.75909996
3389   3688958142.35833979
3390   3697658502.06690979
3391   3706378181.98402023
3392   3715115931.29397011
3393   3723872423.90960979
3394   3732647384.04275990
3395   3741441475.50313997
3396   3750254423.19238997
3397   3759085610.30150986
3398   3767936693.43280983
3399   3776806421.22234011
3400   3785694824.84405994
3401   3794602590.14341021
3402   3803529096.17952013
3403   3812474717.27879000
3404   3821439801.28390980
3405   3830423093.05940008
3406   3839426918.73162985
3407   3848449347.26898003
3408   3857491403.28359985
3409   3866552110.55069017
3410   3875632526.57725000
3411   3884732353.12641001
3412   3893851623.67307997
3413   3902990371.72525978
3414   3912148630.82404995
3415   3921326463.71265984
3416   3930523538.13532019
3417   3939740575.13699007
3418   3948976948.93701982
3419   3958233029.99993992
3420   3967509191.37024021
3421   3976804803.58681011
3422   3986120565.05845022
3423   3995455843.84635019
3424   4004811013.78733015
3425   4014186123.49587011
3426   4023581206.98842001
3427   4032996298.31472015
3428   4042431431.55781984
3429   4051887345.63422012
3430   4061362019.03259993
3431   4070857526.95904016
3432   4080372895.89272022
3433   4089908853.49465990
3434   4099465087.72780991
3435   4109041298.69495010
3436   4118638203.37028980
3437   4128255867.60823011
3438   4137893260.31277990
3439   4147550778.39068985
3440   4157229158.94664001
3441   4166928085.63217020
3442   4176647607.84053993
3443   4186387775.02536011
3444   4196148592.36439991
3445   4205930835.31640005
3446   4215733117.69888020
3447   4225555485.14556980
3448   4235399384.06027985
3449   4245264151.66550016
3450   4255149463.99305010
3451   4265056088.03710985
3452   4274984060.85951996
3453   4284932697.67063999
3454   4294902046.40401983
3455   4304892502.49310017
3456   4314903738.15690041
3457   4324936892.42210007
3458   4334990911.64144993
3459   4345066194.10925961
3460   4355163521.46477032
3461   4365281467.67724991
3462   4375420798.22198963
3463   4385581195.72245979
3464   4395763062.08668995
3465   4405966816.92341995
3466   4416191743.34362030
3467   4426438645.79417038
3468   4436707547.10968018
3469   4446997756.23911953
3470   4457309306.87386990
3471   4467642994.26546955
3472   4477998108.39291000
3473   4488374683.05572987
3474   4498773517.82005978
3475   4509194274.68035984
3476   4519637758.20353985
3477   4530102498.73733044
3478   4540589269.53254986
3479   4551098151.74623013
3480   4561629151.54411983
3481   4572182335.18416977
3482   4582756961.88309956
3483   4593355002.36744976
3484   4603974954.61217976
3485   4614617251.06379986
3486   4625281559.36017990
3487   4635968283.34949970
3488   4646677859.89216995
3489   4657409570.76581955
3490   4668163450.42794991
3491   4678941083.12360001
3492   4689740571.20481014
3493   4700562755.04232979
3494   4711407671.42098045
3495   4722275342.03711033
3496   4733165833.98295975
3497   4744079169.03028965
3498   4755015021.88107967
3499   4765974591.90163994
3500   4776956359.77604961
