 21 2200.431861 1.288E-30 1.800E+02.05300.059 6406.99120.68-.004737       0 0 0 11       0 0 0 01                    P128e     3377541927 5 4 5 7   255.0  257.0
 21 2203.492400 3.304E-30 1.807E+02.05330.059 6210.18550.68-.004697       0 0 0 11       0 0 0 01                    P126e     3377541927 5 4 5 7   251.0  253.0
 21 2206.530223 8.347E-30 1.814E+02.05350.059 6016.39990.68-.004658       0 0 0 11       0 0 0 01                    P124e     3377541927 5 4 5 7   247.0  249.0
 21 2209.545296 2.078E-29 1.821E+02.05380.059 5825.63720.68-.004621       0 0 0 11       0 0 0 01                    P122e     3377541927 5 4 5 7   243.0  245.0
 21 2212.537581 5.094E-29 1.827E+02.05400.060 5637.90040.67-.004582       0 0 0 11       0 0 0 01                    P120e     3377541927 5 4 5 7   239.0  241.0
 21 2215.507042 1.231E-28 1.835E+02.05430.060 5453.19240.67-.004541       0 0 0 11       0 0 0 01                    P118e     3377541927 5 4 5 7   235.0  237.0
 21 2218.454046 2.928E-28 1.841E+02.05460.060 5271.51710.67-.004499       0 0 0 11       0 0 0 01                    P116e     3377541827 5 4 5 7   231.0  233.0
 21 2221.377378 6.862E-28 1.847E+02.05490.060 5092.87700.67-.004454       0 0 0 11       0 0 0 01                    P114e     3377541827 5 4 5 7   227.0  229.0
 21 2224.278135 1.584E-27 1.853E+02.05520.061 4917.27440.66-.004408       0 0 0 11       0 0 0 01                    P112e     3377541927 5 4 5 7   223.0  225.0
 21 2227.155953 3.603E-27 1.860E+02.05550.061 4744.71340.66-.004361       0 0 0 11       0 0 0 01                    P110e     3377541927 5 4 5 7   219.0  221.0
 21 2230.010671 8.070E-27 1.866E+02.05590.061 4575.19580.66-.004312       0 0 0 11       0 0 0 01                    P108e     3377541827 5 4 5 7   215.0  217.0
 21 2232.842231 1.780E-26 1.872E+02.05620.061 4408.72510.66-.004262       0 0 0 11       0 0 0 01                    P106e     3377541827 5 4 5 7   211.0  213.0
 21 2235.651113 3.869E-26 1.879E+02.05650.062 4245.30370.65-.004212       0 0 0 11       0 0 0 01                    P104e     3377541827 5 4 5 7   207.0  209.0
 21 2238.435760 8.280E-26 1.886E+02.05690.062 4084.93410.65-.004168       0 0 0 11       0 0 0 01                    P102e     3377541827 5 4 5 7   203.0  205.0
 21 2241.200234 1.745E-25 1.892E+02.05720.062 3927.61940.65-.004126       0 0 0 11       0 0 0 01                    P100e     3377541827 5 4 5 7   199.0  201.0
 21 2243.939864 3.623E-25 1.898E+02.05760.062 3773.36180.65-.004081       0 0 0 11       0 0 0 01                    P 98e     4377541827 5 4 5 7   195.0  197.0
 21 2246.654536 7.406E-25 1.904E+02.05800.063 3622.16410.65-.004031       0 0 0 11       0 0 0 01                    P 96e     4377541827 5 4 5 7   191.0  193.0
 21 2249.347568 1.491E-24 1.911E+02.05840.063 3474.02860.64-.003977       0 0 0 11       0 0 0 01                    P 94e     4377541827 5 4 5 7   187.0  189.0
 21 2252.017315 2.956E-24 1.917E+02.05880.063 3328.95780.64-.003926       0 0 0 11       0 0 0 01                    P 92e     4377541827 5 4 5 7   183.0  185.0
 21 2254.663569 5.770E-24 1.923E+02.05920.063 3186.95410.64-.003876       0 0 0 11       0 0 0 01                    P 90e     4377541827 5 4 5 7   179.0  181.0
 21 2257.286864 1.109E-23 1.928E+02.05960.064 3048.01980.64-.003825       0 0 0 11       0 0 0 01                    P 88e     4377541827 5 4 5 7   175.0  177.0
 21 2259.886484 2.099E-23 1.934E+02.06000.064 2912.15720.64-.003769       0 0 0 11       0 0 0 01                    P 86e     4377641827 5 4 5 7   171.0  173.0
 21 2262.462396 3.913E-23 1.941E+02.06040.064 2779.36870.64-.003711       0 0 0 11       0 0 0 01                    P 84e     4377641827 5 4 5 7   167.0  169.0
 21 2265.015392 7.180E-23 1.946E+02.06090.065 2649.65600.65-.003666       0 0 0 11       0 0 0 01                    P 82e     4377641827 5 4 5 7   163.0  165.0
 21 2267.544705 1.297E-22 1.952E+02.06130.065 2523.02170.65-.003623       0 0 0 11       0 0 0 01                    P 80e     4377641827 5 4 5 7   159.0  161.0
 21 2270.050718 2.307E-22 1.958E+02.06170.065 2399.46800.65-.003577       0 0 0 11       0 0 0 01                    P 78e     4377641827 5 4 5 7   155.0  157.0
 21 2272.533005 4.040E-22 1.964E+02.06220.065 2278.99630.65-.003529       0 0 0 11       0 0 0 01                    P 76e     4377641827 5 4 5 7   151.0  153.0
 21 2274.991820 6.964E-22 1.970E+02.06260.066 2161.60910.66-.003469       0 0 0 11       0 0 0 01                    P 74e     5377641827 5 4 5 7   147.0  149.0
 21 2277.427002 1.182E-21 1.976E+02.06300.066 2047.30810.66-.003421       0 0 0 11       0 0 0 01                    P 72e     5377641827 5 4 5 7   143.0  145.0
 21 2279.838790 1.974E-21 1.981E+02.06350.067 1936.09530.66-.003380       0 0 0 11       0 0 0 01                    P 70e     5377641827 5 4 5 7   139.0  141.0
 21 2282.226703 3.245E-21 1.987E+02.06390.067 1827.97240.67-.003329       0 0 0 11       0 0 0 01                    P 68e     5377641827 5 4 5 7   135.0  137.0
 21 2284.590965 5.250E-21 1.992E+02.06430.067 1722.94130.68-.003290       0 0 0 11       0 0 0 01                    P 66e     5377741827 5 4 5 7   131.0  133.0
 21 2286.931611 8.360E-21 1.998E+02.06470.068 1621.00350.68-.003238       0 0 0 11       0 0 0 01                    P 64e     5377741827 5 4 5 7   127.0  129.0
 21 2289.248494 1.310E-20 2.003E+02.06510.068 1522.16110.69-.003190       0 0 0 11       0 0 0 01                    P 62e     5377741827 5 4 5 7   123.0  125.0
 21 2291.541576 2.020E-20 2.009E+02.06540.069 1426.41530.69-.003164       0 0 0 11       0 0 0 01                    P 60e     5377741827 5 4 5 7   119.0  121.0
 21 2293.810903 3.065E-20 2.015E+02.06580.070 1333.76790.70-.003129       0 0 0 11       0 0 0 01                    P 58e     5377741827 5 4 5 7   115.0  117.0
 21 2296.056439 4.576E-20 2.020E+02.06610.070 1244.22050.71-.003101       0 0 0 11       0 0 0 01                    P 56e     5377741827 5 4 5 7   111.0  113.0
 21 2298.278056 6.720E-20 2.026E+02.06640.071 1157.77400.72-.003065       0 0 0 11       0 0 0 01                    P 54e     5377741827 5 4 5 7   107.0  109.0
 21 2300.475799 9.708E-20 2.031E+02.06670.072 1074.43050.72-.003026       0 0 0 11       0 0 0 01                    P 52e     5377741827 5 4 5 7   103.0  105.0
 21 2302.649653 1.379E-19 2.036E+02.06690.073  994.19130.73-.003010       0 0 0 11       0 0 0 01                    P 50e     5377741827 5 4 5 7    99.0  101.0
 21 2304.799579 1.927E-19 2.042E+02.06710.075  917.05730.73-.002993       0 0 0 11       0 0 0 01                    P 48e     5377641827 5 4 5 7    95.0   97.0
 21 2306.925522 2.648E-19 2.048E+02.06740.076  843.03010.74-.002982       0 0 0 11       0 0 0 01                    P 46e     5377641827 5 4 5 7    91.0   93.0
 21 2309.027488 3.577E-19 2.054E+02.06760.078  772.11070.75-.002965       0 0 0 11       0 0 0 01                    P 44e     5377641827 5 4 5 7    87.0   89.0
 21 2311.105404 4.749E-19 2.059E+02.06780.079  704.30050.75-.002938       0 0 0 11       0 0 0 01                    P 42e     5377641827 5 4 5 7    83.0   85.0
 21 2313.159270 6.197E-19 2.065E+02.06790.081  639.60040.75-.002934       0 0 0 11       0 0 0 01                    P 40e     5377641827 5 4 5 7    79.0   81.0
 21 2315.189070 7.945E-19 2.071E+02.06800.083  578.01160.76-.002929       0 0 0 11       0 0 0 01                    P 38e     5377641827 5 4 5 7    75.0   77.0
 21 2317.194748 1.000E-18 2.076E+02.06820.085  519.53500.76-.002930       0 0 0 11       0 0 0 01                    P 36e     5377641827 5 4 5 7    71.0   73.0
 21 2319.176286 1.237E-18 2.083E+02.06840.087  464.17170.76-.002921       0 0 0 11       0 0 0 01                    P 34e     5377641827 5 4 5 7    67.0   69.0
 21 2321.133659 1.501E-18 2.088E+02.06870.089  411.92250.76-.002892       0 0 0 11       0 0 0 01                    P 32e     5377641827 5 4 5 7    63.0   65.0
 21 2323.066843 1.788E-18 2.095E+02.06890.091  362.78830.75-.002879       0 0 0 11       0 0 0 01                    P 30e     5377641827 5 4 5 7    59.0   61.0
 21 2324.975803 2.088E-18 2.102E+02.06930.093  316.76990.74-.002868       0 0 0 11       0 0 0 01                    P 28e     5377641827 5 4 5 7    55.0   57.0
 21 2326.860514 2.389E-18 2.109E+02.06980.095  273.86800.73-.002848       0 0 0 11       0 0 0 01                    P 26e     5377541827 5 4 5 7    51.0   53.0
 21 2328.720945 2.676E-18 2.116E+02.07060.096  234.08340.73-.002813       0 0 0 11       0 0 0 01                    P 24e     5377541827 5 4 5 7    47.0   49.0
 21 2330.557076 2.933E-18 2.125E+02.07150.098  197.41660.72-.002767       0 0 0 11       0 0 0 01                    P 22e     5377641827 5 4 5 7    43.0   45.0
 21 2332.368878 3.139E-18 2.133E+02.07260.100  163.86840.70-.002732       0 0 0 11       0 0 0 01                    P 20e     5377641827 5 4 5 7    39.0   41.0
 21 2334.156316 3.276E-18 2.143E+02.07400.101  133.43930.69-.002692       0 0 0 11       0 0 0 01                    P 18e     5377641827 5 4 5 7    35.0   37.0
 21 2335.919371 3.327E-18 2.155E+02.07570.103  106.12970.69-.002626       0 0 0 11       0 0 0 01                    P 16e     5377641827 5 4 5 7    31.0   33.0
 21 2337.658017 3.275E-18 2.168E+02.07780.105   81.94010.69-.002509       0 0 0 11       0 0 0 01                    P 14e     5377641827 5 4 5 7    27.0   29.0
 21 2339.372224 3.110E-18 2.185E+02.07980.107   60.87090.69-.002347       0 0 0 11       0 0 0 01                    P 12e     5377741827 5 4 5 7    23.0   25.0
 21 2341.061966 2.829E-18 2.208E+02.08200.109   42.92250.70-.002232       0 0 0 11       0 0 0 01                    P 10e     5377841827 5 4 5 7    19.0   21.0
 21 2342.727219 2.433E-18 2.242E+02.08430.112   28.09510.73-.002142       0 0 0 11       0 0 0 01                    P  8e     5377841827 5 4 5 7    15.0   17.0
 21 2344.367953 1.932E-18 2.296E+02.08630.115   16.38900.75-.002066       0 0 0 11       0 0 0 01                    P  6e     5377741827 5 4 5 7    11.0   13.0
 21 2345.984143 1.343E-18 2.409E+02.08780.118    7.80430.77-.001935       0 0 0 11       0 0 0 01                    P  4e     6377741827 5 4 5 7     7.0    9.0
 21 2347.575764 6.896E-19 2.815E+02.08920.120    2.34130.78-.001745       0 0 0 11       0 0 0 01                    P  2e     6377741827 5 4 5 7     3.0    5.0
 21 2349.917073 3.488E-19 1.410E+02.09270.125    0.00000.78-.001734       0 0 0 11       0 0 0 01                    R  0e     6377741827 5 4 5 7     3.0    1.0
 21 2351.447160 1.035E-18 1.816E+02.08840.119    2.34130.78-.001844       0 0 0 11       0 0 0 01                    R  2e     6377741827 5 4 5 7     7.0    5.0
 21 2352.952588 1.680E-18 1.929E+02.08710.116    7.80430.76-.001749       0 0 0 11       0 0 0 01                    R  4e     6377741827 5 4 5 7    11.0    9.0
 21 2354.433332 2.256E-18 1.983E+02.08530.114   16.38900.74-.001813       0 0 0 11       0 0 0 01                    R  6e     5377741827 5 4 5 7    15.0   13.0
 21 2355.889366 2.740E-18 2.016E+02.08310.111   28.09510.71-.001975       0 0 0 11       0 0 0 01                    R  8e     5377841827 5 4 5 7    19.0   17.0
 21 2357.320664 3.116E-18 2.037E+02.08090.108   42.92250.70-.002182       0 0 0 11       0 0 0 01                    R 10e     5377741827 5 4 5 7    23.0   21.0
 21 2358.727205 3.376E-18 2.054E+02.07880.106   60.87090.69-.002304       0 0 0 11       0 0 0 01                    R 12e     5377741827 5 4 5 7    27.0   25.0
 21 2360.108962 3.516E-18 2.067E+02.07670.104   81.94010.69-.002420       0 0 0 11       0 0 0 01                    R 14e     5377641827 5 4 5 7    31.0   29.0
 21 2361.465910 3.543E-18 2.077E+02.07480.102  106.12970.69-.002557       0 0 0 11       0 0 0 01                    R 16e     5377641827 5 4 5 7    35.0   33.0
 21 2362.798027 3.468E-18 2.086E+02.07330.100  133.43930.70-.002650       0 0 0 11       0 0 0 01                    R 18e     5377641827 5 4 5 7    39.0   37.0
 21 2364.105288 3.306E-18 2.093E+02.07200.099  163.86840.71-.002714       0 0 0 11       0 0 0 01                    R 20e     5377641827 5 4 5 7    43.0   41.0
 21 2365.387662 3.076E-18 2.100E+02.07100.097  197.41660.72-.002753       0 0 0 11       0 0 0 01                    R 22e     5377641827 5 4 5 7    47.0   45.0
 21 2366.645133 2.798E-18 2.106E+02.07020.095  234.08340.73-.002794       0 0 0 11       0 0 0 01                    R 24e     5377541827 5 4 5 7    51.0   49.0
 21 2367.877678 2.490E-18 2.111E+02.06950.094  273.86800.74-.002846       0 0 0 11       0 0 0 01                    R 26e     5377641827 5 4 5 7    55.0   53.0
 21 2369.085266 2.171E-18 2.116E+02.06910.092  316.76990.75-.002875       0 0 0 11       0 0 0 01                    R 28e     5377641827 5 4 5 7    59.0   57.0
 21 2370.267879 1.856E-18 2.121E+02.06880.090  362.78830.75-.002897       0 0 0 11       0 0 0 01                    R 30e     5377641827 5 4 5 7    63.0   61.0
 21 2371.425488 1.556E-18 2.125E+02.06850.088  411.92250.76-.002900       0 0 0 11       0 0 0 01                    R 32e     5377641827 5 4 5 7    67.0   65.0
 21 2372.558079 1.280E-18 2.128E+02.06830.086  464.17170.76-.002898       0 0 0 11       0 0 0 01                    R 34e     5377641827 5 4 5 7    71.0   69.0
 21 2373.665624 1.034E-18 2.132E+02.06810.084  519.53500.76-.002914       0 0 0 11       0 0 0 01                    R 36e     5377641827 5 4 5 7    75.0   73.0
 21 2374.748098 8.200E-19 2.135E+02.06800.082  578.01160.76-.002927       0 0 0 11       0 0 0 01                    R 38e     5377641827 5 4 5 7    79.0   77.0
 21 2375.805466 6.390E-19 2.138E+02.06780.080  639.60040.75-.002943       0 0 0 11       0 0 0 01                    R 40e     5377641827 5 4 5 7    83.0   81.0
 21 2376.837736 4.893E-19 2.141E+02.06770.079  704.30050.75-.002951       0 0 0 11       0 0 0 01                    R 42e     5377641827 5 4 5 7    87.0   85.0
 21 2377.844871 3.682E-19 2.143E+02.06750.077  772.11070.75-.002960       0 0 0 11       0 0 0 01                    R 44e     5377641827 5 4 5 7    91.0   89.0
 21 2378.826821 2.724E-19 2.146E+02.06730.075  843.03010.74-.002987       0 0 0 11       0 0 0 01                    R 46e     5377641827 5 4 5 7    95.0   93.0
 21 2379.783607 1.982E-19 2.149E+02.06710.074  917.05730.73-.003016       0 0 0 11       0 0 0 01                    R 48e     5377741827 5 4 5 7    99.0   97.0
 21 2380.715173 1.417E-19 2.150E+02.06680.073  994.19130.73-.003046       0 0 0 11       0 0 0 01                    R 50e     5377741827 5 4 5 7   103.0  101.0
 21 2381.621565 9.971E-20 2.153E+02.06660.072 1074.43050.72-.003077       0 0 0 11       0 0 0 01                    R 52e     5377741827 5 4 5 7   107.0  105.0
 21 2382.502657 6.900E-20 2.155E+02.06630.071 1157.77400.71-.003105       0 0 0 11       0 0 0 01                    R 54e     5377741827 5 4 5 7   111.0  109.0
 21 2383.358444 4.697E-20 2.157E+02.06600.070 1244.22050.71-.003148       0 0 0 11       0 0 0 01                    R 56e     5377741827 5 4 5 7   115.0  113.0
 21 2384.189005 3.145E-20 2.158E+02.06560.069 1333.76790.70-.003191       0 0 0 11       0 0 0 01                    R 58e     5377741827 5 4 5 7   119.0  117.0
 21 2384.994221 2.072E-20 2.160E+02.06530.069 1426.41530.69-.003229       0 0 0 11       0 0 0 01                    R 60e     5377741827 5 4 5 7   123.0  121.0
 21 2385.774135 1.344E-20 2.162E+02.06500.068 1522.16110.69-.003277       0 0 0 11       0 0 0 01                    R 62e     5377741827 5 4 5 7   127.0  125.0
 21 2386.528581 8.572E-21 2.163E+02.06460.068 1621.00350.68-.003324       0 0 0 11       0 0 0 01                    R 64e     5377741827 5 4 5 7   131.0  129.0
 21 2387.257816 5.382E-21 2.164E+02.06420.067 1722.94130.68-.003374       0 0 0 11       0 0 0 01                    R 66e     5377641827 5 4 5 7   135.0  133.0
 21 2387.961542 3.326E-21 2.166E+02.06370.067 1827.97240.67-.003432       0 0 0 11       0 0 0 01                    R 68e     5377641827 5 4 5 7   139.0  137.0
 21 2388.639929 2.023E-21 2.167E+02.06330.066 1936.09530.66-.003485       0 0 0 11       0 0 0 01                    R 70e     5377641827 5 4 5 7   143.0  141.0
 21 2389.292788 1.211E-21 2.168E+02.06290.066 2047.30810.66-.003548       0 0 0 11       0 0 0 01                    R 72e     5377641827 5 4 5 7   147.0  145.0
 21 2389.920233 7.137E-22 2.169E+02.06250.065 2161.60910.66-.003610       0 0 0 11       0 0 0 01                    R 74e     5377641827 5 4 5 7   151.0  149.0
 21 2390.522224 4.140E-22 2.169E+02.06200.065 2278.99630.65-.003664       0 0 0 11       0 0 0 01                    R 76e     4377641827 5 4 5 7   155.0  153.0
 21 2391.098651 2.364E-22 2.170E+02.06160.065 2399.46800.65-.003720       0 0 0 11       0 0 0 01                    R 78e     4377641827 5 4 5 7   159.0  157.0
 21 2391.649608 1.329E-22 2.171E+02.06110.064 2523.02170.65-.003768       0 0 0 11       0 0 0 01                    R 80e     4377641827 5 4 5 7   163.0  161.0
 21 2392.175077 7.358E-23 2.172E+02.06070.064 2649.65600.65-.003824       0 0 0 11       0 0 0 01                    R 82e     4377641827 5 4 5 7   167.0  165.0
 21 2392.675004 4.010E-23 2.172E+02.06030.064 2779.36870.65-.003888       0 0 0 11       0 0 0 01                    R 84e     4377641827 5 4 5 7   171.0  169.0
 21 2393.149224 2.152E-23 2.173E+02.05990.064 2912.15720.65-.003946       0 0 0 11       0 0 0 01                    R 86e     4377541827 5 4 5 7   175.0  173.0
 21 2393.597874 1.137E-23 2.173E+02.05950.063 3048.01980.65-.004005       0 0 0 11       0 0 0 01                    R 88e     4377541827 5 4 5 7   179.0  177.0
 21 2394.020948 5.914E-24 2.173E+02.05900.063 3186.95410.65-.004062       0 0 0 11       0 0 0 01                    R 90e     4377541827 5 4 5 7   183.0  181.0
 21 2394.418060 3.030E-24 2.173E+02.05860.063 3328.95780.65-.004122       0 0 0 11       0 0 0 01                    R 92e     4377541827 5 4 5 7   187.0  185.0
 21 2394.790248 1.528E-24 2.173E+02.05830.063 3474.02860.65-.004184       0 0 0 11       0 0 0 01                    R 94e     4377541827 5 4 5 7   191.0  189.0
 21 2395.136206 7.592E-25 2.173E+02.05790.062 3622.16410.65-.004238       0 0 0 11       0 0 0 01                    R 96e     4377541827 5 4 5 7   195.0  193.0
 21 2395.456616 3.714E-25 2.173E+02.05750.062 3773.36180.65-.004285       0 0 0 11       0 0 0 01                    R 98e     4377541827 5 4 5 7   199.0  197.0
 21 2395.751585 1.790E-25 2.174E+02.05710.062 3927.61940.65-.004331       0 0 0 11       0 0 0 01                    R100e     3377541827 5 4 5 7   203.0  201.0
 21 2396.020721 8.492E-26 2.173E+02.05680.062 4084.93410.66-.004384       0 0 0 11       0 0 0 01                    R102e     3377541827 5 4 5 7   207.0  205.0
 21 2396.263738 3.968E-26 2.172E+02.05640.061 4245.30370.66-.004439       0 0 0 11       0 0 0 01                    R104e     3377541827 5 4 5 7   211.0  209.0
 21 2396.481639 1.827E-26 2.173E+02.05610.061 4408.72510.66-.004489       0 0 0 11       0 0 0 01                    R106e     3377541827 5 4 5 7   215.0  213.0
 21 2396.672735 8.280E-27 2.171E+02.05580.061 4575.19580.66-.004540       0 0 0 11       0 0 0 01                    R108e     3377541827 5 4 5 7   219.0  217.0
 21 2396.839384 3.697E-27 2.171E+02.05550.061 4744.71340.66-.004595       0 0 0 11       0 0 0 01                    R110e     3377541927 5 4 5 7   223.0  221.0
 21 2396.979410 1.626E-27 2.170E+02.05510.060 4917.27440.67-.004653       0 0 0 11       0 0 0 01                    R112e     3377541827 5 4 5 7   227.0  225.0
 21 2397.094125 7.045E-28 2.170E+02.05480.060 5092.87700.67-.004710       0 0 0 11       0 0 0 01                    R114e     3377541827 5 4 5 7   231.0  229.0
 21 2397.182454 3.006E-28 2.169E+02.05460.060 5271.51710.67-.004760       0 0 0 11       0 0 0 01                    R116e     3377541827 5 4 5 7   235.0  233.0
 21 2397.245227 1.264E-28 2.169E+02.05430.060 5453.19240.68-.004805       0 0 0 11       0 0 0 01                    R118e     3377541927 5 4 5 7   239.0  237.0
 21 2397.282072 5.233E-29 2.167E+02.05400.060 5637.90040.68-.004847       0 0 0 11       0 0 0 01                    R120e     3377541927 5 4 5 7   243.0  241.0
 21 2397.293041 2.135E-29 2.167E+02.05370.059 5825.63720.68-.004891       0 0 0 11       0 0 0 01                    R122e     3377541927 5 4 5 7   247.0  245.0
 21 2397.278121 8.577E-30 2.165E+02.05350.059 6016.39990.68-.004939       0 0 0 11       0 0 0 01                    R124e     3377541927 5 4 5 7   251.0  249.0
 21 2397.237297 3.396E-30 2.164E+02.05320.059 6210.18550.69-.004986       0 0 0 11       0 0 0 01                    R126e     3377541927 5 4 5 7   255.0  253.0
 21 2397.170557 1.324E-30 2.162E+02.05300.059 6406.99120.69-.005032       0 0 0 11       0 0 0 01                    R128e     3377541927 5 4 5 7   259.0  257.0
