   1            240.881840
   2            668.908870
   3           1221.430910
   4           1874.856810
   5           2615.487790
   6           3434.058590
   7           4323.759770
   8           5279.309080
   9           6296.453610
  10           7371.675780
  11           8501.998050
  12           9684.863280
  13          10918.039060
  14          12199.557620
  15          13527.801297
  16          14901.084146
  17          16317.989525
  18          17777.572450
  19          19278.548752
  20          20819.872513
  21          22401.037774
  22          24021.256251
  23          25680.075124
  24          27376.619114
  25          29110.592419
  26          30882.123059
  27          32690.880604
  28          34536.248342
  29          36418.651909
  30          38337.965721
  31          40294.086503
  32          42287.391304
  33          44317.915465
  34          46386.188577
  35          48491.437367
  36          50634.735020
  37          52816.845975
  38          55036.470237
  39          57295.474706
  40          59593.657408
  41          61931.372870
  42          64309.008407
  43          66726.956189
  44          69185.656601
  45          71684.852257
  46          74226.384884
  47          76810.096223
  48          79435.713193
  49          82104.512932
  50          84817.026068
  51          87572.995472
  52          90373.819609
  53          93219.212472
  54          96109.703549
  55          99046.837328
  56         102029.314283
  57         105059.656198
  58         108136.510116
  59         111262.528766
  60         114436.262588
  61         117658.304577
  62         120931.485074
  63         124253.136876
  64         127626.108083
  65         131051.138267
  66         134526.446884
  67         138055.129060
  68         141636.660069
  69         145271.664980
  70         148960.885947
  71         152704.944027
  72         156503.121725
  73         160359.011970
  74         164270.355372
  75         168239.382776
  76         172265.264625
  77         176350.199512
  78         180494.945869
  79         184698.669703
  80         188962.048819
  81         193287.426701
  82         197675.620813
  83         202125.659461
  84         206638.258767
  85         211214.103516
  86         215855.829656
  87         220562.322151
  88         225334.353049
  89         230172.625981
  90         235079.946561
  91         240053.086557
  92         245096.826485
  93         250209.975693
  94         255393.260460
  95         260649.641363
  96         265975.671402
  97         271376.434516
  98         276848.394319
  99         282396.780607
 100         288020.178967
 101         293719.441761
 102         299495.426249
 103         305348.896527
 104         311280.757534
 105         317291.860343
 106         323385.521506
 107         329557.594346
 108         335814.080079
 109         342153.266092
 110         348576.064920
 111         355083.332851
 112         361676.052703
 113         368357.721977
 114         375123.775014
 115         381980.797896
 116         388926.829137
 117         395965.821311
 118         403092.761698
 119         410314.512274
 120         417632.036811
 121         425040.360745
 122         432546.459818
 123         440148.263125
 124         447849.937623
 125         455649.301204
 126         463550.563380
 127         471551.516195
 128         479656.455695
 129         487863.148896
 130         496172.527454
 131         504592.509907
 132         513113.949939
 133         521748.069693
 134         530489.195145
 135         539341.885110
 136         548307.215060
 137         557382.715277
 138         566576.806384
 139         575883.299531
 140         585306.976050
 141         594848.932000
 142         604510.458275
 143         614292.660321
 144         624196.695094
 145         634223.967248
 146         644375.351925
 147         654652.066640
 148         665059.677289
 149         675595.254708
 150         686259.883251
 151         697054.900802
 152         707985.917344
 153         719049.697956
 154         730251.997291
 155         741589.705781
 156         753068.573145
 157         764690.100481
 158         776450.906918
 159         788352.372791
 160         800405.052675
 161         812600.975125
 162         824946.287659
 163         837442.310700
 164         850090.584718
 165         862892.439735
 166         875849.318449
 167         888962.724133
 168         902239.019452
 169         915669.612469
 170         929266.105656
 171         943025.061217
 172         956947.898045
 173         971041.228212
 174         985301.322370
 175         999735.122187
 176        1014344.202382
 177        1029124.770164
 178        1044083.807032
 179        1059217.557192
 180        1074538.498770
 181        1090037.137585
 182        1105720.902156
 183        1121591.283975
 184        1137649.898014
 185        1153904.598559
 186        1170344.959437
 187        1186984.637512
 188        1203819.652917
 189        1220857.456547
 190        1238094.111011
 191        1255530.889079
 192        1273176.159285
 193        1291031.474751
 194        1309092.605557
 195        1327367.574942
 196        1345858.470237
 197        1364566.728318
 198        1383488.082112
 199        1402637.452686
 200        1422009.837203
 201        1441607.759475
 202        1461432.809320
 203        1481493.731164
 204        1501785.748125
 205        1522311.011030
 206        1543078.157928
 207        1564089.504931
 208        1585339.958216
 209        1606838.887339
 210        1628580.966081
 211        1650582.397977
 212        1672838.488430
 213        1695344.350710
 214        1718116.224275
 215        1741149.138025
 216        1764445.626836
 217        1788007.192131
 218        1811844.341325
 219        1835951.329042
 220        1860338.031634
 221        1885006.877006
 222        1909952.584665
 223        1935185.523484
 224        1960707.212887
 225        1986520.418341
 226        2012627.604487
 227        2039039.224509
 228        2065741.692389
 229        2092753.508485
 230        2120068.863264
 231        2147690.910381
 232        2175629.425672
 233        2203887.576442
 234        2232468.050764
 235        2261364.466559
 236        2290589.000700
 237        2320143.015742
 238        2350029.219479
 239        2380259.641774
 240        2410828.160050
 241        2441736.991766
 242        2472989.581113
 243        2504597.001237
 244        2536562.178412
 245        2568879.097654
 246        2601559.364698
 247        2634605.930754
 248        2668021.756584
 249        2701809.628395
 250        2735982.120240
 251        2770523.080303
 252        2805454.194454
 253        2840779.009219
 254        2876490.499526
 255        2912591.678554
 256        2949105.464719
 257        2986014.841194
 258        3023342.778396
 259        3061073.207250
 260        3099228.175693
 261        3137792.193837
 262        3176797.253400
 263        3216217.274708
 264        3256085.198109
 265        3296384.289302
 266        3337118.239620
 267        3378310.307222
 268        3419954.099940
 269        3462052.264433
 270        3504609.126920
 271        3547627.982325
 272        3591122.606527
 273        3635086.159800
 274        3679532.331200
 275        3724464.828262
 276        3769887.809531
 277        3815794.688970
 278        3862208.917106
 279        3909124.416640
 280        3956555.893341
 281        4004495.840076
 282        4052948.948400
 283        4101928.760199
 284        4151440.169520
 285        4201486.237506
 286        4252071.423097
 287        4303200.209219
 288        4354887.090146
 289        4407113.313405
 290        4459918.311461
 291        4513281.855520
 292        4567220.629840
 293        4621725.697215
 294        4676826.162352
 295        4732513.651924
 296        4788793.447188
 297        4845680.294894
 298        4903167.665900
 299        4961270.935181
 300        5019995.631500
 301        5079333.560600
 302        5139313.072570
 303        5199927.613110
 304        5261181.217211
 305        5323076.848960
 306        5385645.688215
 307        5448867.556193
 308        5512745.967394
 309        5577312.004000
 310        5642555.700160
 311        5708497.441640
 312        5775114.826790
 313        5842451.892900
 314        5910486.725216
 315        5979225.314800
 316        6048698.228010
 317        6118898.112415
 318        6189828.314447
 319        6261508.402696
 320        6333929.705963
 321        6407111.377755
 322        6481058.147074
 323        6555775.948299
 324        6631268.922090
 325        6707543.026340
 326        6784617.393400
 327        6862484.396313
 328        6941175.348968
 329        7020669.377205
 330        7100985.291221
 331        7182129.349500
 332        7264121.343930
 333        7346965.836990
 334        7430654.400087
 335        7515208.345520
 336        7600632.253406
 337        7686932.011243
 338        7774128.720540
 339        7862214.584130
 340        7951207.509960
 341        8041101.616802
 342        8131930.413180
 343        8223685.396664
 344        8316375.527000
 345        8410017.826980
 346        8504606.440832
 347        8600175.717760
 348        8696704.052520
 349        8794226.059080
 350        8892734.519100
 351        8992249.844630
 352        9092765.472875
 353        9194300.493158
 354        9296879.416146
 355        9400477.153568
 356        9505129.418437
 357        9610846.942987
 358        9717634.447219
 359        9825483.780400
 360        9934432.945056
 361       10044471.553580
 362       10155625.877539
 363       10267901.619923
 364       10381287.411625
 365       10495827.747328
 366       10611509.756310
 367       10728343.176640
 368       10846348.601591
 369       10965554.260650
 370       11085931.337331
 371       11207505.588443
 372       11330299.730961
 373       11454321.567588
 374       11579580.629219
 375       11706083.928206
 376       11833839.338500
 377       11962853.879101
 378       12093152.640480
 379       12224761.005401
 380       12357653.533348
 381       12491872.998097
 382       12627408.515345
 383       12764287.617551
 384       12902516.906826
 385       13042106.642320
 386       13183081.189075
 387       13325432.322963
 388       13469185.482491
 389       13614350.314125
 390       13760952.629462
 391       13908986.159093
 392       14058454.882745
 393       14209405.960133
 394       14361811.991077
 395       14515718.546160
 396       14671134.880635
 397       14828070.270015
 398       14986514.413590
 399       15146514.728280
 400       15308081.783288
 401       15471204.310302
 402       15635909.500680
 403       15802227.949095
 404       15970149.435690
 405       16139702.674084
 406       16310878.372800
 407       16483724.655274
 408       16658253.798830
 409       16834451.187625
 410       17012350.518863
 411       17191959.795892
 412       17373309.893899
 413       17556392.716160
 414       17741233.764720
 415       17927846.852070
 416       18116261.217442
 417       18306489.878539
 418       18498522.457184
 419       18692406.213700
 420       18888133.118814
 421       19085737.730764
 422       19285226.401320
 423       19486612.547950
 424       19689928.922440
 425       19895162.730581
 426       20102367.478735
 427       20311537.762920
 428       20522678.858900
 429       20735846.244262
 430       20951012.519855
 431       21168227.327449
 432       21387503.830140
 433       21608834.141040
 434       21832268.530870
 435       22057803.090960
 436       22285487.323720
 437       22515293.480625
 438       22747276.579425
 439       22981427.600165
 440       23217780.502560
 441       23456364.163010
 442       23697180.409860
 443       23940250.137327
 444       24185597.090298
 445       24433256.227853
 446       24683210.302900
 447       24935522.081920
 448       25190177.107125
 449       25447197.056350
 450       25706609.000255
 451       25968457.455760
 452       26232724.987035
 453       26499453.499980
 454       26768673.579640
 455       27040362.596042
 456       27314590.754625
 457       27591361.374645
 458       27870682.603460
 459       28152588.555520
 460       28437099.689465
 461       28724247.479077
 462       29014029.471420
 463       29306474.126920
 464       29601632.093250
 465       29899512.106470
 466       30200099.177820
 467       30503464.960640
 468       30809618.312595
 469       31118577.746620
 470       31430361.892435
 471       31745024.182600
 472       32062545.594040
 473       32382952.382910
 474       32706308.493950
 475       33032595.032010
 476       33361862.882040
 477       33694131.594053
 478       34029448.816872
 479       34367774.998500
 480       34709196.628558
 481       35053716.281783
 482       35401368.337235
 483       35752141.128900
 484       36106111.984975
 485       36463290.885435
 486       36823687.646850
 487       37187337.738770
 488       37554269.020180
 489       37924527.988657
 490       38298103.180095
 491       38675048.939520
 492       39055397.375925
 493       39439144.648973
 494       39826330.514320
 495       40217010.539040
 496       40611191.530440
 497       41008891.848595
 498       41410159.926235
 499       41815022.500777
 500       42223508.637510
 501       42635619.018675
 502       43051425.259537
 503       43470912.034855
 504       43894163.820390
 505       44321165.411170
 506       44751967.073800
 507       45186588.538095
 508       45625094.804760
 509       46067464.918350
 510       46513764.240752
 511       46964013.036240
 512       47418235.965000
 513       47876507.977185
 514       48338782.065500
 515       48805151.104198
 516       49275654.742235
 517       49750291.103940
 518       50229104.403375
 519       50712143.662420
 520       51199402.606725
 521       51690958.401810
 522       52186832.917765
 523       52687048.062120
 524       53191658.655345
 525       53700649.274572
 526       54214145.935625
 527       54732086.011600
 528       55254567.912810
 529       55781604.836883
 530       56313258.064080
 531       56849512.263760
 532       57390452.910000
 533       57936069.616700
 534       58486453.621547
 535       59041618.701220
 536       59601598.863625
 537       60166437.045468
 538       60736157.350900
 539       61310823.736440
 540       61890450.336000
 541       62475091.164065
 542       63064781.623532
 543       63659530.654267
 544       64259438.750440
 545       64864515.219265
 546       65474801.766097
 547       66090307.568088
 548       66711134.874800
 549       67337263.023787
 550       67968789.539310
 551       68605735.263400
 552       69248101.846875
 553       69896007.231930
 554       70549436.398800
 555       71208427.631040
 556       71873088.583800
 557       72543396.786640
 558       73219404.582538
 559       73901207.483905
 560       74588759.404015
 561       75282218.658225
 562       75981526.060275
 563       76686791.550022
 564       77398056.021197
 565       78115304.427062
 566       78838672.550350
 567       79568145.612592
 568       80303797.067738
 569       81045650.136560
 570       81793798.254720
 571       82548232.985600
 572       83309022.669337
 573       84076223.155490
 574       84849910.207985
 575       85630069.100850
 576       86416801.862400
 577       87210132.906000
 578       88010139.385560
 579       88816839.329595
 580       89630310.593250
 581       90450578.257193
 582       91277726.339658
 583       92111760.889875
 584       92952787.330750
 585       93800805.205760
 586       94655906.670140
 587       95518124.738140
 588       96387533.172563
 589       97264158.248845
 590       98148122.606750
 591       99039390.236695
 592       99938043.254790
 593      100844157.125887
 594      101757792.952200
 595      102678958.870345
 596      103607776.987662
 597      104544278.714208
 598      105488495.644480
 599      106440520.563780
 600      107400408.393730
 601      108368176.082958
 602      109343921.228640
 603      110327715.095130
 604      111319610.407470
 605      112319612.196348
 606      113327843.333525
 607      114344357.546450
 608      115369195.182000
 609      116402462.043563
 610      117444128.033205
 611      118494318.487913
 612      119553107.542040
 613      120620534.055900
 614      121696708.491165
 615      122781615.753163
 616      123875359.976692
 617      124978042.599930
 618      126089667.709262
 619      127210329.087498
 620      128340104.652860
 621      129479043.884060
 622      130627196.544777
 623      131784676.812525
 624      132951535.390680
 625      134127823.519855
 626      135313601.244480
 627      136508975.255497
 628      137713997.361300
 629      138928756.770680
 630      140153305.666880
 631      141387659.299143
 632      142632019.708500
 633      143886365.918700
 634      145150769.864625
 635      146425359.484163
 636      147710133.200250
 637      149005258.913315
 638      150310704.723328
 639      151626621.254460
 640      152953044.339000
 641      154290116.286097
 642      155637853.330965
 643      156996311.933000
 644      158365625.771080
 645      159745880.673000
 646      161137103.411200
 647      162539351.782275
 648      163952810.904593
 649      165377487.115895
 650      166813449.922900
 651      168260797.756500
 652      169719658.093300
 653      171190019.617080
 654      172672060.494175
 655      174165802.544370
 656      175671352.859438
 657      177188812.678412
 658      178718193.268330
 659      180259715.976590
 660      181813330.382400
 661      183379190.660897
 662      184957377.676032
 663      186547932.265777
 664      188150987.267587
 665      189766671.226440
 666      191394990.762360
 667      193036091.987725
 668      194690036.142400
 669      196356927.761280
 670      198036857.445228
 671      199729904.572138
 672      201436186.256857
 673      203155753.738100
 674      204888770.018520
 675      206635283.177830
 676      208395362.079450
 677      210169171.581375
 678      211956743.872400
 679      213758219.551635
 680      215573682.364320
 681      217403193.665620
 682      219246879.649700
 683      221104896.482980
 684      222977264.308750
 685      224864140.058820
 686      226765568.304610
 687      228681682.681445
 688      230612582.400000
 689      232558402.215825
 690      234519176.178100
 691      236495078.570825
 692      238486156.591110
 693      240492530.735040
 694      242514377.970150
 695      244551705.485220
 696      246604647.937780
 697      248673384.482595
 698      250757922.355200
 699      252858398.119500
 700      254974978.742160
 701      257107700.362190
 702      259256789.976660
 703      261422225.646750
 704      263604191.147880
 705      265802783.650430
 706      268018068.216200
 707      270250277.840620
 708      272499434.060470
 709      274765680.194310
 710      277049160.785070
 711      279349959.062340
 712      281668189.430160
 713      284003979.954700
 714      286357477.541000
 715      288728785.302215
 716      291117955.624575
 717      293525260.041090
 718      295950706.344850
 719      298394444.788080
 720      300856626.898705
 721      303337318.110120
 722      305836725.029225
 723      308354913.631040
 724      310892037.848700
 725      313448184.775680
 726      316023509.712425
 727      318618215.463975
 728      321232309.871920
 729      323866031.602400
 730      326519481.391145
 731      329192725.423360
 732      331885946.038980
 733      334599257.201610
 734      337332914.440500
 735      340086878.946570
 736      342861443.823680
 737      345656580.486600
 738      348472610.401100
 739      351309430.913760
 740      354167497.992500
 741      357046650.567600
 742      359947273.554000
 743      362869327.538145
 744      365813115.278400
 745      368778606.515865
 746      371766096.574470
 747      374775641.661980
 748      377807501.513750
 749      380861644.961070
 750      383938421.229755
 751      387037758.938395
 752      390160072.960580
 753      393305228.644650
 754      396473653.017755
 755      399665314.327370
 756      402880448.332350
 757      406119136.987200
 758      409381667.394880
 759      412668039.969130
 760      415978486.250640
 761      419313246.837685
 762      422672322.614850
 763      426055954.829160
 764      429464329.542900
 765      432897590.979150
 766      436355933.871405
 767      439839459.867905
 768      443348314.243920
 769      446882787.796985
 770      450442927.425600
 771      454028987.251840
 772      457640969.076900
 773      461279349.097515
 774      464943959.406640
 775      468635274.464595
 776      472353262.027900
 777      476098212.143700
 778      479870141.773750
 779      483669484.581500
 780      487496116.223625
 781      491350525.707615
 782      495232674.575000
 783      499142821.006830
 784      503081120.929615
 785      507047779.651410
 786      511042905.862320
 787      515066813.324540
 788      519119705.790000
 789      523201499.128110
 790      527312802.707160
 791      531453325.875750
 792      535623738.658470
 793      539823795.563550
 794      544054122.552360
 795      548314471.085175
 796      552605473.139985
 797      556926877.735060
 798      561279321.850420
 799      565662657.082780
 800      570077315.294130
 801      574523251.242480
 802      579001062.492160
 803      583510433.856435
 804      588052075.878345
 805      592625724.432410
 806      597232096.647340
 807      601870925.395635
 808      606542770.278120
 809      611247638.928050
 810      615985644.418620
 811      620757357.516205
 812      625562611.703600
 813      630401980.916695
 814      635275243.174840
 815      640183145.864600
 816      645125406.865920
 817      650102666.556880
 818      655114697.534330
 819      660162201.439500
 820      665245068.254540
 821      670363711.265410
 822      675518193.839630
 823      680708760.256175
 824      685935824.297730
 825      691199455.632450
 826      696499896.882325
 827      701837391.640205
 828      707212240.728000
 829      712624640.494260
 830      718074767.531640
 831      723563003.532930
 832      729089277.240660
 833      734654279.424450
 834      740257759.668750
 835      745900480.529880
 836      751582303.634580
 837      757303612.202500
 838      763064736.187520
 839      768865588.134180
 840      774706900.883050
 841      780588393.735360
 842      786510864.889320
 843      792474097.942800
 844      798478762.647500
 845      804524834.588895
 846      810612596.582425
 847      816742369.201700
 848      822914428.312310
 849      829129014.455040
 850      835386346.655520
 851      841686808.545325
 852      848030694.950600
 853      854417913.761900
 854      860849213.542020
 855      867324455.963890
 856      873844323.592970
 857      880408750.618800
 858      887018143.230800
 859      893672776.143310
 860      900372984.670935
 861      907118850.503215
 862      913910998.625600
 863      920749420.276875
 864      927634453.948390
 865      934566397.065090
 866      941545591.672350
 867      948572320.935140
 868      955646808.612000
 869      962769540.192070
 870      969940423.055940
 871      977160222.952875
 872      984428726.936145
 873      991746869.903020
 874      999114375.402785
 875     1006531798.888320
 876     1013999535.265290
 877     1021517611.585520
 878     1029086589.074375
 879     1036706725.172940
 880     1044378103.075785
 881     1052101465.887600
 882     1059876751.172580
 883     1067704576.929060
 884     1075584862.681800
 885     1083518293.539360
 886     1091504999.986835
 887     1099545549.801725
 888     1107639783.519450
 889     1115788563.293390
 890     1123991879.797710
 891     1132250157.212480
 892     1140563859.793125
 893     1148932936.959680
 894     1157358309.871505
 895     1165839745.211460
 896     1174377924.335355
 897     1182973042.748340
 898     1191625510.579200
 899     1200335710.678500
 900     1209103963.552560
 901     1217930400.329300
 902     1226815787.544560
 903     1235760067.267635
 904     1244763883.596480
 905     1253827337.217360
 906     1262951045.139840
 907     1272135207.463680
 908     1281380447.050830
 909     1290686469.874615
 910     1300054497.124580
 911     1309484335.287555
 912     1318976411.568270
 913     1328531299.519935
 914     1338149366.695720
 915     1347830512.600545
 916     1357575889.597400
 917     1367385324.161040
 918     1377259260.360480
 919     1387198422.051500
 920     1397202483.273450
 921     1407272739.820660
 922     1417408863.787000
 923     1427611521.979565
 924     1437881197.697325
 925     1448218285.354500
 926     1458622726.025760
 927     1469095527.212260
 928     1479636850.279780
 929     1490246983.986000
 930     1500926463.788900
 931     1511675671.446460
 932     1522494899.344350
 933     1533385051.354675
 934     1544345674.634560
 935     1555378134.207725
 936     1566482109.227100
 937     1577658378.671560
 938     1588907380.102115
 939     1600229416.467775
 940     1611624777.944530
 941     1623094290.377340
 942     1634638059.853200
 943     1646256631.008825
 944     1657950639.560140
 945     1669720049.984385
 946     1681565603.527545
 947     1693487820.190500
 948     1705487083.834050
 949     1717563421.404525
 950     1729718209.896225
 951     1741950911.052100
 952     1754262606.405855
 953     1766653447.646340
 954     1779124333.487440
 955     1791674834.173695
 956     1804306564.941525
 957     1817019093.652190
 958     1829813213.350360
 959     1842689453.084080
 960     1855648486.726265
 961     1868689924.659300
 962     1881815429.803690
 963     1895024620.617120
 964     1908318238.333740
 965     1921696896.205130
 966     1935161212.017330
 967     1948710850.161870
 968     1962347456.503980
 969     1976070761.466240
 970     1989881387.800800
 971     2003780385.825220
 972     2017767265.040205
 973     2031843218.530080
 974     2046008599.477530
 975     2060264259.086055
 976     2074609766.814075
 977     2089046694.617400
 978     2103574896.045700
 979     2118195234.420515
 980     2132908068.408480
 981     2147714123.074080
 982     2162613537.880800
 983     2177607262.742750
 984     2192695437.322430
 985     2207879247.097080
 986     2223158151.866170
 987     2238533949.682140
 988     2254006248.265440
 989     2269576097.306610
 990     2285243791.453750
 991     2301010156.322640
 992     2316875018.785965
 993     2332840304.185935
 994     2348905287.642540
 995     2365071286.549880
 996     2381338037.952705
 997     2397707341.642095
 998     2414179096.891375
 999     2430753190.942350
1000     2447431533.750000
1001     2464213766.305095
1002     2481100846.227640
1003     2498093380.077060
1004     2515191930.734815
1005     2532396604.220520
1006     2549709047.731505
1007     2567128882.455200
1008     2584657490.188250
1009     2602294252.763940
1010     2620041398.585655
1011     2637898480.798520
1012     2655866210.532920
1013     2673945498.644640
1014     2692136989.775280
1015     2710441053.707955
1016     2728858180.674990
1017     2747389450.144210
1018     2766035618.110880
1019     2784796258.953780
1020     2803673468.211480
1021     2822666636.384505
1022     2841777147.572030
1023     2861005481.204860
1024     2880352515.937675
1025     2899818782.849870
1026     2919403966.625590
1027     2939110387.392575
1028     2958937514.650010
1029     2978886396.869235
1030     2998957709.959690
1031     3019152402.851880
1032     3039470615.301820
1033     3059913378.219920
1034     3080481297.810840
1035     3101175453.791790
1036     3121995159.309885
1037     3142943154.141000
1038     3164018671.757475
1039     3185223082.725430
1040     3206556282.028440
1041     3228020097.011505
1042     3249614380.440320
1043     3271340695.383750
1044     3293198271.413010
1045     3315189664.486680
1046     3337314271.209465
1047     3359573377.769400
1048     3381967620.449325
1049     3404498140.406180
1050     3427164683.956320
1051     3449968818.522585
1052     3472911273.108145
1053     3495992509.689340
1054     3519213093.491760
1055     3542574134.060210
1056     3566076804.897750
1057     3589720667.922585
1058     3613507582.681260
1059     3637437909.462980
1060     3661512780.033450
1061     3685732270.845645
1062     3710097576.498000
1063     3734609531.096675
1064     3759269428.087560
1065     3784076801.850000
1066     3809033257.948220
1067     3834139475.734560
1068     3859396850.873580
1069     3884804834.973040
1070     3910365983.770770
1071     3936079509.821130
1072     3961947449.066880
1073     3987969234.430390
1074     4014147553.334160
1075     4040481594.984510
1076     4066973589.527625
1077     4093622550.198630
1078     4120431210.451080
1079     4147399964.592500
1080     4174528867.667520
1081     4201818877.811280
1082     4229271788.917500
1083     4256887992.297900
1084     4284667871.839920
1085     4312612735.997680
1086     4340723564.686080
1087     4369001684.663070
1088     4397446540.695160
1089     4426060492.265000
1090     4454843410.364230
1091     4483797768.751140
1092     4512921860.795040
1093     4542219224.989779
1094     4571688751.748640
1095     4601333313.456600
1096     4631151332.943159
1097     4661146868.364660
1098     4691318157.293350
1099     4721667752.710400
1100     4752195037.906950
1101     4782902588.387691
1102     4813790711.921960
1103     4844860525.492050
1104     4876111681.726951
1105     4907547537.789270
1106     4939167931.851400
1107     4970972594.784500
1108     5002964268.627000
1109     5035142862.193100
1110     5067510397.363440
1111     5100066777.406860
1112     5132813546.425140
1113     5165751179.479800
1114     5198881821.419500
1115     5232205956.629641
1116     5265724478.757680
1117     5299436756.498610
1118     5333347267.056020
1119     5367454098.258149
1120     5401760135.580600
1121     5436264555.866700
1122     5470970792.827681
1123     5505877582.735510
1124     5540987771.248000
1125     5576300510.753481
1126     5611819386.279470
1127     5647543547.126719
1128     5683474724.354350
1129     5719612850.815500
1130     5755961394.817800
1131     5792519570.793340
1132     5829289135.655570
1133     5866271124.398820
1134     5903466105.625440
1135     5940875856.087430
1136     5978501329.740899
1137     6016343095.702620
1138     6054402950.358000
1139     6092682615.354280
1140     6131182000.076449
1141     6169902737.978700
1142     6208844813.621070
1143     6248012088.565300
1144     6287402826.707311
1145     6327021014.797950
1146     6366864481.643700
1147     6406937656.036929
1148     6447239129.436360
1149     6487772072.157479
1150     6528535564.719760
1151     6569533605.229380
1152     6610764652.232640
1153     6652232646.065160
1154     6693936117.680920
1155     6735876783.185190
1156     6778056748.917120
1157     6820478495.047919
1158     6863139871.593280
1159     6906044914.295560
1160     6949194019.401780
1161     6992587947.812940
1162     7036229222.169000
1163     7080116924.579400
1164     7124253870.653920
1165     7168641392.635059
1166     7213280542.890000
1167     7258172084.261600
1168     7303317834.508300
1169     7348719330.576900
1170     7394377733.923840
1171     7440293618.548890
1172     7486469806.471760
1173     7532904517.109400
1174     7579603045.539000
1175     7626564300.725599
1176     7673790445.993529
1177     7721281251.506060
1178     7769041213.125090
1179     7817068396.126440
1180     7865366808.036800
1181     7913936022.621840
1182     7962778250.378381
1183     8011894065.681960
1184     8061286527.284340
1185     8110954452.456611
1186     8160901008.878410
1187     8211128459.752521
1188     8261635597.696691
1189     8312427235.050119
1190     8363500543.991520
1191     8414860463.404201
1192     8466506617.340429
1193     8518441305.759450
1194     8570666074.200580
1195     8623182276.368280
1196     8675988820.594561
1197     8729092347.446800
1198     8782490005.634800
1199     8836185027.558380
1200     8890177087.708200
1201     8944471349.780399
1202     8999066498.722580
1203     9053965117.405560
1204     9109167580.667400
1205     9164675567.912720
1206     9220491489.848961
1207     9276617779.114561
1208     9333053252.761440
1209     9389802212.090050
1210     9446862512.837549
1211     9504241221.981359
1212     9561934390.323339
1213     9619948291.307199
1214     9678281600.771210
1215     9736934111.482500
1216     9795912078.064020
1217     9855214350.052881
1218     9914844324.232481
1219     9974800918.929480
1220    10035086453.459370
1221    10095703675.199999
1222    10156655355.722719
1223    10217940973.866449
1224    10279563203.997459
1225    10341520690.238319
1226    10403821188.926901
1227    10466460400.802019
1228    10529444917.311720
1229    10592772339.194761
1230    10656445588.588961
1231    10720467201.813940
1232    10784839944.578701
1233    10849562602.104658
1234    10914639839.897440
1235    10980069153.844559
1236    11045858850.147322
1237    11112004175.548851
1238    11178511143.897879
1239    11245379356.116362
1240    11312610657.661430
1241    11380208982.176159
1242    11448173810.566002
1243    11516508315.582140
1244    11585211847.559999
1245    11654288489.905531
1246    11723740029.357361
1247    11793568362.395189
1248    11863774260.684740
1249    11934360540.917849
1250    12005326938.374479
1251    12076678566.728800
1252    12148415166.510260
1253    12220540752.674959
1254    12293053892.299440
1255    12365957553.429920
1256    12439256010.335102
1257    12512948764.291471
1258    12587037752.838560
1259    12661527299.254601
1260    12736414602.128139
1261    12811707481.870081
1262    12887404326.607300
1263    12963507207.323191
1264    13040019098.191820
1265    13116942097.918892
1266    13194274514.435999
1267    13272024476.871790
1268    13350191545.431990
1269    13428775132.012800
1270    13507779834.552601
1271    13587205160.169241
1272    13667058163.009550
1273    13747335831.673721
1274    13828042833.594030
1275    13909179825.086040
1276    13990750237.800270
1277    14072754835.575590
1278    14155196964.825369
1279    14238077497.350979
1280    14321401006.626480
1281    14405165853.568441
1282    14489375413.320570
1283    14574033090.950340
1284    14659142431.329321
1285    14744701526.613659
1286    14830716498.224430
1287    14917182920.211781
1288    15004112264.484840
1289    15091500092.068201
1290    15179352622.898310
1291    15267666600.171600
1292    15356451049.566158
1293    15445701300.153101
1294    15535425274.390560
1295    15625623636.292120
1296    15716295949.229279
1297    15807448608.649830
1298    15899078330.748360
1299    15991194408.729752
1300    16083793426.840860
1301    16176881994.629700
1302    16270458200.996630
1303    16364528595.891451
1304    16459088307.838140
1305    16554149791.444721
1306    16649708160.958950
1307    16745770071.088890
1308    16842332146.719500
1309    16939401075.293400
1310    17036979336.031219
1311    17135070816.102840
1312    17233671830.541752
1313    17332790814.988319
1314    17432427338.705700
1315    17532583665.690178
1316    17633262293.178070
1317    17734468723.902592
1318    17836200934.321770
1319    17938465903.963600
1320    18041261465.659592
1321    18144593412.445999
1322    18248463959.330750
1323    18352872701.265961
1324    18457826872.277679
1325    18563325844.577671
1326    18669373687.978878
1327    18775966478.907581
1328    18883118296.689571
1329    18990823479.915989
1330    19099089549.974277
1331    19207914172.594639
1332    19317301595.201431
1333    19427254544.311440
1334    19537778767.967999
1335    19648873790.113560
1336    19760543822.336002
1337    19872788233.264038
1338    19985613068.976360
1339    20099019284.591518
1340    20213013111.022289
1341    20327590202.003101
1342    20442762016.701031
1343    20558524418.119720
1344    20674881828.596401
1345    20791836941.834282
1346    20909396126.218040
1347    21027556906.414082
1348    21146327228.678402
1349    21265706501.135250
1350    21385695764.300980
1351    21506303058.171120
1352    21627525941.361382
1353    21749372635.515049
1354    21871840665.513721
1355    21994936349.725071
1356    22118657153.609680
1357    22243017235.030018
1358    22368008003.219780
1359    22493640206.541451
1360    22619912797.857609
1361    22746828825.683041
1362    22874389319.477501
1363    23002602824.572380
1364    23131468735.400082
1365    23260991823.987751
1366    23391173141.393852
1367    23522017732.623447
1368    23653522729.287781
1369    23785699060.063000
1370    23918545701.251629
1371    24052069870.430698
1372    24186266536.181759
1373    24321146920.428200
1374    24456709959.951118
1375    24592956791.536758
1376    24729896643.571362
1377    24867528666.196049
1378    25005855919.389168
1379    25144883527.787998
1380    25284612894.840717
1381    25425042831.279179
1382    25566189003.416252
1383    25708042180.839657
1384    25850614073.769440
1385    25993901516.379211
1386    26137913969.661629
1387    26282644334.755447
1388    26428108510.982971
1389    26574303404.135998
1390    26721234577.160278
1391    26868901008.389439
1392    27017310199.154259
1393    27166463418.170403
1394    27316364102.593441
1395    27467015573.938080
1396    27618425597.061218
1397    27770591011.295300
1398    27923519608.358349
1399    28077212525.807549
1400    28231673377.192997
1401    28386905409.740799
1402    28542916808.134003
1403    28699706448.196533
1404    28857275556.603752
1405    29015634556.432518
1406    29174777655.231342
1407    29334715323.645119
1408    29495451276.927681
1409    29656988861.025940
1410    29819327219.627762
1411    29982474517.733604
1412    30146432001.882389
1413    30311200886.087223
1414    30476791949.984264
1415    30643204184.315342
1416    30810441219.535740
1417    30978509126.280212
1418    31147409142.847137
1419    31317145054.301399
1420    31487718064.125500
1421    31659139365.712379
1422    31831407739.159199
1423    32004529374.230988
1424    32178503122.072098
1425    32353337825.911079
1426    32529029784.101120
1427    32705597769.508137
1428    32883030609.842068
1429    33061339802.296101
1430    33240529268.791504
1431    33420597644.123516
1432    33601556457.771603
1433    33783397051.313580
1434    33966138566.978642
1435    34149774786.594738
1436    34334314773.125000
1437    34519759864.687080
1438    34706116820.200981
1439    34893384300.072464
1440    35081569071.717850
1441    35270677566.771866
1442    35460714216.775002
1443    35651677498.149239
1444    35843576997.381248
1445    36036414039.333199
1446    36230195424.942543
1447    36424917201.006622
1448    36620594614.459923
1449    36817225962.849159
1450    37014818662.274879
1451    37213370946.423599
1452    37412895766.077431
1453    37613385812.993446
1454    37814854095.493858
1455    38017301787.538559
1456    38220736177.250641
1457    38425161457.080666
1458    38630576423.858253
1459    38836991046.615303
1460    39044403827.510452
1461    39252822132.457779
1462    39462253254.751923
1463    39672701583.422791
1464    39884165562.339447
1465    40096658765.603401
1466    40310176508.669014
1467    40524729313.546539
1468    40740309640.941269
1469    40956943084.564674
1470    41174616029.666237
1471    41393345107.377602
1472    41613126004.595795
1473    41833969059.225601
1474    42055876077.711555
1475    42278845163.319595
1476    42502899938.118401
1477    42728026179.485703
1478    42954234777.617004
1479    43181530392.188095
1480    43409927393.406929
1481    43639414578.966240
1482    43869999639.588715
1483    44101700425.947182
1484    44334508671.692780
1485    44568429199.695206
1486    44803473383.813629
1487    45039649299.343384
1488    45276952035.745491
1489    45515379563.940964
1490    45754956907.691795
1491    45995685512.153725
1492    46237557130.007996
1493    46480583231.517380
1494    46724772167.364037
1495    46970129099.027092
1496    47216651963.866920
1497    47464342435.989479
1498    47713219341.711960
1499    47963291111.104904
1500    48214545571.533600
1501    48466991309.654160
1502    48720640341.172020
1503    48975501437.874001
1504    49231561999.816483
1505    49488841441.725151
1506    49747344780.465004
1507    50007080896.629120
1508    50268040948.398209
1509    50530237058.722305
1510    50793681762.973999
1511    51058366076.489899
1512    51324298600.816795
1513    51591495757.719749
1514    51859962990.041054
1515    52129690979.219315
1516    52400692286.056564
1517    52672972440.343735
1518    52946548205.620583
1519    53221398562.709518
1520    53497551662.808647
1521    53775005323.275963
1522    54053772886.462723
1523    54333848456.147560
1524    54615237320.534996
1525    54897949058.076958
1526    55182004640.126099
1527    55467374972.182739
1528    55754092779.176315
1529    56042155726.986748
1530    56331577663.864586
1531    56622352412.873001
1532    56914485650.484344
1533    57207991027.893753
1534    57502878200.188675
1535    57799129235.780396
1536    58096773754.266998
1537    58395821695.022400
1538    58696254773.907776
1539    58998094983.135483
1540    59301340010.170723
1541    59606012254.562996
1542    59912092937.953209
1543    60219604521.316048
1544    60528548922.243843
1545    60838940408.458237
1546    61150772541.760880
1547    61464051198.810501
1548    61778791031.826721
1549    62095002302.162521
1550    62412665754.700256
1551    62731812890.671440
1552    63052441348.361397
1553    63374566079.232239
1554    63698180339.077202
1555    64023290408.266121
1556    64349906517.394936
1557    64678052755.217964
1558    65007691584.784317
1559    65338868657.766853
1560    65671577194.770760
1561    66005837166.741119
1562    66341627962.579292
1563    66678969379.780098
1564    67017881450.965027
1565    67358343722.050819
1566    67700371343.391243
1567    68043984651.562798
1568    68389190282.131325
1569    68735976421.656403
1570    69084354145.569427
1571    69434339422.271698
1572    69785948237.952240
1573    70139159060.653763
1574    70493992764.271301
1575    70850451246.813904
1576    71208564992.399155
1577    71568307358.087677
1578    71929704447.611771
1579    72292758050.543686
1580    72657484676.807175
1581    73023871925.462875
1582    73391936449.182510
1583    73761675074.338043
1584    74133129246.874344
1585    74506266634.562531
1586    74881108845.854843
1587    75257662996.027756
1588    75635951025.320831
1589    76015955076.050308
1590    76397687217.481247
1591    76781164511.331421
1592    77166388993.664001
1593    77553368028.068939
1594    77942103733.184036
1595    78332628635.510910
1596    78724914341.439880
1597    79118983302.180893
1598    79514842963.150284
1599    79912505693.498993
1600    80311968565.935211
1601    80713243961.066238
1602    81116339544.061600
1603    81521278430.097595
1604    81928036286.078323
1605    82336641998.731949
1606    82747092178.330948
1607    83159415891.060745
1608    83573582950.568146
1609    83989633443.983643
1610    84407558646.034897
1611    84827393509.252167
1612    85249102033.466156
1613    85672719071.954269
1614    86098247023.227158
1615    86525710297.058853
1616    86955072345.143524
1617    87386379515.473511
1618    87819640037.072403
1619    88254839249.641281
1620    88691996179.169464
1621    89131118817.257996
1622    89572232168.050995
1623    90015310180.914658
1624    90460383432.985748
1625    90907437068.632889
1626    91356525275.733994
1627    91807609998.753738
1628    92260716396.529129
1629    92715858954.158630
1630    93173051480.888611
1631    93632272658.282272
1632    94093554576.033737
1633    94556893406.793015
1634    95022309296.967026
1635    95489804856.211655
1636    95959382300.598953
1637    96431061974.293350
1638    96904858657.119995
1639    97380750065.563217
1640    97858769198.907501
1641    98338918476.064926
1642    98821218648.146362
1643    99305635227.699112
1644    99792226008.855499
1645   100280993695.391464
1646   100771922046.135330
1647   101265025850.408279
1648   101760326353.904892
1649   102257838657.305756
1650   102757546358.004227
1651   103259470833.863403
1652   103763601485.339249
1653   104270005329.116821
1654   104778626676.250900
1655   105289506900.596481
1656   105802648333.457672
1657   106318073087.122314
1658   106835757669.993042
1659   107355737019.313965
1660   107878013765.346008
1661   108402597126.090012
1662   108929496014.422333
1663   109458713289.021591
1664   109990271324.604172
1665   110524186275.444183
1666   111060433599.921448
1667   111599049555.215256
1668   112140036885.543320
1669   112683418738.063889
1670   113229156130.896759
1671   113777313747.797440
1672   114327894470.579620
1673   114880872630.402237
1674   115436286035.130386
1675   115994130008.219025
1676   116554442453.797821
1677   117117190709.977081
1678   117682412612.916473
1679   118250089360.159088
1680   118820287961.273453
1681   119392960910.302368
1682   119968139328.277512
1683   120545833378.482590
1684   121126074812.422958
1685   121708829462.323730
1686   122294129534.643738
1687   122881984780.385880
1688   123472412717.827682
1689   124065408508.147308
1690   124660989683.923111
1691   125259159081.089035
1692   125859964117.815979
1693   126463362612.381119
1694   127069379545.429459
1695   127678040487.837708
1696   128289363453.750198
1697   128903320536.943680
1698   129519937373.879196
1699   130139270638.507782
1700   130761253481.219482
1701   131385958381.471176
1702   132013349229.255676
1703   132643499041.890564
1704   133276340024.611206
1705   133911945711.079437
1706   134550279523.756470
1707   135191399584.951202
1708   135835268825.983994
1709   136481930039.753204
1710   137131377935.328003
1711   137783671820.616638
1712   138438741796.620789
1713   139096647217.142914
1714   139757382974.556152
1715   140420992763.992401
1716   141087454726.848724
1717   141756746862.766998
1718   142428946230.114258
1719   143104064596.631470
1720   143782062742.594177
1721   144462985588.527496
1722   145146827364.023895
1723   145833633488.680328
1724   146523364234.829132
1725   147216047862.358826
1726   147911747247.626190
1727   148610370993.154602
1728   149312016248.725281
1729   150016660304.578491
1730   150724349495.320312
1731   151435043053.541534
1732   152148787774.844635
1733   152865577601.496002
1734   153585459499.955475
1735   154308392517.653229
1736   155034405903.995514
1737   155763511474.852020
1738   156495774632.993439
1739   157231136051.907196
1740   157969625349.311493
1741   158711272790.447205
1742   159456108418.040497
1743   160204071700.671814
1744   160955229539.817596
1745   161709593807.902771
1746   162467177103.560974
1747   163227954686.041443
1748   163991975588.898010
1749   164759233927.668121
1750   165529779281.411194
1751   166303586834.583405
1752   167080649825.830261
1753   167861056875.094421
1754   168644725218.827576
1755   169431724721.245361
1756   170222068067.264618
1757   171015748655.660339
1758   171812798568.609650
1759   172613211289.012756
1760   173416999388.043549
1761   174224215030.797546
1762   175034812242.291992
1763   175848843315.055725
1764   176666301318.137390
1765   177487239118.013641
1766   178311610132.443207
1767   179139427247.319153
1768   179970763764.829803
1769   180805612739.453918
1770   181643967487.096619
1771   182485841226.491852
1772   183331267458.922577
1773   184180259686.625977
1774   185032811030.545929
1775   185888934997.665894
1776   186748644582.191986
1777   187611995169.105072
1778   188478917033.684326
1779   189349507417.859741
1780   190223779894.810852
1781   191101664424.724487
1782   191983237879.990479
1783   192868513863.337921
1784   193757506730.519409
1785   194650187594.860962
1786   195546613097.463013
1787   196446775702.448090
1788   197350711154.966187
1789   198258411815.263794
1790   199169891970.885437
1791   200085187514.184723
1792   201004334875.336975
1793   201927260319.121918
1794   202854066320.714783
1795   203784700814.031921
1796   204719245069.749756
1797   205657669020.481384
1798   206599987185.227600
1799   207546191324.660156
1800   208496386514.274994
1801   209450497029.560822
1802   210408582782.529266
1803   211370636118.860687
1804   212336717418.940430
1805   213306749837.727600
1806   214280840224.378815
1807   215258980777.760773
1808   216241140013.502045
1809   217227332515.404999
1810   218217643713.786591
1811   219212089218.619965
1812   220210613515.212769
1813   221213255296.982635
1814   222220053637.969177
1815   223231024012.083038
1816   224246133966.495850
1817   225265447014.255005
1818   226288978536.988983
1819   227316744694.591583
1820   228348687642.567200
1821   229384895981.387787
1822   230425385779.299591
1823   231470197464.353455
1824   232519273253.144836
1825   233572653086.337036
1826   234630378238.398224
1827   235692464564.581604
1828   236758902980.463348
1829   237829684629.035950
1830   238904901130.207336
1831   239984518058.628876
1832   241068551717.217133
1833   242157018252.051758
1834   243250011189.613983
1835   244347418517.716797
1836   245449333639.159973
1837   246555747298.366486
1838   247666728380.562103
1839   248782215023.876068
1840   249902249984.101105
1841   251026876433.248291
1842   252156084423.528961
1843   253289917576.525360
1844   254428366389.440399
1845   255571447398.060608
1846   256719258172.684662
1847   257871681721.116577
1848   259028788802.850830
1849   260190623445.800842
1850   261357230106.997009
1851   262528544972.359650
1852   263704611979.159973
1853   264885476263.840393
1854   266071127485.925476
1855   267261611051.620239
1856   268456916873.423706
1857   269657062272.589172
1858   270862121136.040680
1859   272072026939.209503
1860   273286825463.241425
1861   274506619694.031921
1862   275731285633.087341
1863   276960897943.357422
1864   278195503264.499207
1865   279435119504.187988
1866   280679736483.164856
1867   281929372062.042603
1868   283184073439.419312
1869   284443859445.229431
1870   285708718847.436523
1871   286978641000.249084
1872   288253732220.653870
1873   289533982165.788574
1874   290819349966.114502
1875   292109883688.779541
1876   293405632061.769653
1877   294706583944.514404
1878   296012788354.851074
1879   297324233813.265869
1880   298640939427.347412
1881   299962984962.803650
1882   301290298408.463440
1883   302622959714.168945
1884   303960926593.109436
1885   305304341801.582153
1886   306653101230.407288
1887   308007254887.304382
1888   309366822373.794006
1889   310731854330.335510
1890   312102339063.623047
1891   313478327713.040161
1892   314859840172.799988
1893   316246864724.537598
1894   317639420800.171265
1895   319037528266.056396
1896   320441271415.606567
1897   321850541643.635986
1898   323265487741.505371
1899   324686032997.757568
1900   326112295096.478943
1901   327544196308.745850
1902   328981822603.138245
1903   330425161495.598389
1904   331874299454.869812
1905   333329157902.738770
1906   334789790541.069946
1907   336256250982.973206
1908   337728560758.265625
1909   339206706509.001343
1910   340690709487.471008
1911   342180590180.870422
1912   343676403805.524109
1913   345178137285.527466
1914   346685811428.120056
1915   348199516588.662231
1916   349719170667.678528
1917   351244863820.679504
1918   352776583171.926758
1919   354314384673.803162
1920   355858255083.884399
1921   357408215897.136841
1922   358964288852.283386
1923   360526566208.559570
1924   362094928061.454163
1925   363669502602.304016
1926   365250311908.824890
1927   366837414254.328674
1928   368430688290.150757
1929   370030263277.999207
1930   371636162284.147095
1931   373248407396.882812
1932   374866948183.106323
1933   376491843375.233398
1934   378123152264.438599
1935   379760897315.318604
1936   381405064543.154114
1937   383055601832.699829
1938   384712718278.405701
1939   386376362301.067139
1940   388046482136.617920
1941   389723137898.351379
1942   391406428379.826599
1943   393096263103.447815
1944   394792741290.667542
1945   396495809651.285950
1946   398205644905.164307
1947   399922078608.870667
1948   401645249536.631958
1949   403375103701.028992
1950   405111819957.629700
1951   406855267069.675903
1952   408605507310.190186
1953   410362603752.216980
1954   412126620065.467834
1955   413897422377.518250
1956   415675153306.695007
1957   417459797180.004395
1958   419251458287.065063
1959   421050000919.003296
1960   422855609706.028809
1961   424668188417.296509
1962   426487842227.536316
1963   428314555315.222656
1964   430148393001.925598
1965   431989339485.233887
1966   433837501899.908813
1967   435692740158.002136
1968   437555202921.242432
1969   439424957315.342529
1970   441301903674.431580
1971   443186108639.697571
1972   445077597174.645203
1973   446976521646.830444
1974   448882611506.890564
1975   450796188476.441345
1976   452717151195.727478
1977   454645567907.187073
1978   456581421957.966064
1979   458524738640.965942
1980   460475544358.890137
1981   462433951147.427856
1982   464399855664.829041
1983   466373326887.198425
1984   468354435081.691772
1985   470343206495.332642
1986   472339579687.284424
1987   474343625070.645752
1988   476355413076.501709
1989   478374971220.237915
1990   480402281407.694214
1991   482437370149.297302
1992   484480309763.266541
1993   486531127325.892029
1994   488589759324.156128
1995   490656278010.630249
1996   492730801625.677979
1997   494813221083.319641
1998   496903654667.157166
1999   499002084404.221375
2000   501108537682.570007
2001   503223041723.748474
2002   505345670928.380249
2003   507476406675.130005
2004   509615370808.650085
2005   511762450179.204712
2006   513917719986.542725
2007   516081255696.252869
2008   518253085590.776306
2009   520433142991.079285
2010   522621503516.701111
2011   524818243494.341248
2012   527023440399.132568
2013   529236929954.253113
2014   531458836586.643677
2015   533689238149.483521
2016   535928212780.905579
2017   538175642913.300537
2018   540431606560.061768
2019   542696181802.437927
2020   544969398439.227234
2021   547251186646.150024
2022   549541675111.647400
2023   551840893799.338013
2024   554148772023.710083
2025   556465439657.651978
2026   558790825876.109741
2027   561125112217.239868
2028   563468176308.433594
2029   565820150500.849976
2030   568181013531.944580
2031   570550898641.360352
2032   572929682030.208862
2033   575317445304.764526
2034   577714270829.550171
2035   580120189902.039917
2036   582535128307.017578
2037   584959169240.354980
2038   587392395777.092407
2039   589834892877.135620
2040   592286479318.810791
2041   594747292043.856567
2042   597217415515.572266
2043   599696881712.598755
2044   602185668330.821533
2045   604683807142.384888
2046   607191383566.910522
2047   609708429817.197510
2048   612234868905.453613
2049   614770786869.098755
2050   617316325542.205811
2051   619871352594.077759
2052   622436010161.534546
2053   625010219688.515747
2054   627594236120.642700
2055   630187701935.512573
2056   632791040157.238281
2057   635404115775.412231
2058   638027074999.476440
2059   640659724312.294800
2060   643302266774.092896
2061   645954678122.318481
2062   648617106334.798584
2063   651289413211.537109
2064   653971689158.545410
2065   656664025187.237793
2066   659366455552.661011
2067   662078897403.776245
2068   664801442839.742310
2069   667534125029.003906
2070   670277096003.849854
2071   673030213144.253784
2072   675793629031.502808
2073   678567318469.969971
2074   681351435097.324829
2075   684145775016.566650
2076   686950551844.924438
2077   689765860751.681152
2078   692591495847.386108
2079   695427672740.617554
2080   698274365722.599854
2081   701131732146.512329
2082   703999624144.927368
2083   706878076730.592041
2084   709767247597.248169
2085   712667234743.998535
2086   715577888325.761963
2087   718499368382.623535
2088   721431585817.309814
2089   724374826549.627563
2090   727328814015.723755
2091   730293772195.857422
2092   733269611268.942627
2093   736256620996.074341
2094   739254520642.254761
2095   742263537428.427979
2096   745283644039.068359
2097   748314941837.837769
2098   751357338847.651489
2099   754411001161.609497
2100   757475965900.270142
2101   760552270950.445190
2102   763639823575.520752
2103   766738725475.656860
2104   769849146349.616333
2105   772970926425.180298
2106   776104169184.067749
2107   779248912025.296631
2108   782405326436.364014
2109   785573250981.555054
2110   788752857036.315552
2111   791944048982.932617
2112   795146999451.679443
2113   798361679723.495605
2114   801588196483.143555
2115   804826520465.779297
2116   808076759178.647461
2117   811338883043.828979
2118   814612862588.527222
2119   817898874063.877441
2120   821197027079.884766
2121   824507153170.423706
2122   827829360934.586426
2123   831163690026.962891
2124   834510320970.004517
2125   837869011946.885986
2126   841240085119.975220
2127   844623226566.841431
2128   848019044839.085449
2129   851427082555.784668
2130   854847522290.918579
2131   858280548569.496582
2132   861725986742.104492
2133   865183948962.166260
2134   868654476366.096191
2135   872137755664.409302
2136   875633609882.493530
2137   879142225875.394287
2138   882663498842.737061
2139   886197690695.639893
2140   889744696539.631836
2141   893304483334.852783
2142   896877092299.925415
2143   900462938879.786377
2144   904061617309.596558
2145   907673394060.034668
2146   911298236924.797729
2147   914936263889.574097
2148   918587442404.582397
2149   922251738036.657715
2150   925929346614.346069
2151   929620388403.571655
2152   933324676345.079102
2153   937042330337.135498
2154   940773393691.394775
2155   944518065391.104614
2156   948276077966.113770
2157   952047630283.459106
2158   955833001761.607178
2159   959631844413.961548
2160   963444437812.454346
2161   967270747594.819458
2162   971110977343.937012
2163   974964933167.924561
2164   978832738829.600342
2165   982714439199.457275
2166   986610240247.975708
2167   990519945516.412720
2168   994443680355.949219
2169   998381571489.434937
2170  1002333664964.881714
2171  1006299843006.040527
2172  1010280232323.324463
2173  1014274796040.514771
2174  1018283910914.736084
2175  1022307292423.297607
2176  1026345152555.862671
2177  1030397371292.117432
2178  1034464329518.171387
2179  1038545654994.198364
2180  1042641561863.163086
2181  1046752181504.291748
2182  1050877646718.291504
2183  1055017664638.811157
2184  1059172451903.115234
2185  1063342313548.987183
2186  1067526868575.771240
2187  1071726335510.354492
2188  1075940675557.185913
2189  1080170370549.282837
2190  1084414947827.083008
2191  1088674628957.321411
2192  1092949550253.449463
2193  1097239848743.618164
2194  1101545220947.917236
2195  1105865979935.070801
2196  1110201997193.991455
2197  1114553677767.159424
2198  1118920625523.463135
2199  1123303157529.163330
2200  1127701233429.004883
2201  1132115084008.397217
2202  1136544397295.568604
2203  1140989494648.206543
2204  1145450152339.467041
2205  1149926968591.902832
2206  1154419445394.812500
2207  1158927907939.698242
2208  1163452315227.766113
2209  1167992903156.977051
2210  1172549444861.614258
2211  1177121990276.615479
2212  1181710964484.116211
2213  1186315951219.198730
2214  1190937282739.628174
2215  1195574916826.045654
2216  1200229094672.137939
2217  1204899489102.784668
2218  1209586436582.498535
2219  1214289894542.493408
2220  1219009914583.174072
2221  1223746549406.030762
2222  1228499947965.496094
2223  1233270066572.279053
2224  1238057152772.887207
2225  1242860870826.056396
2226  1247681565492.073730
2227  1252519192968.326416
2228  1257374003134.758301
2229  1262245755247.140137
2230  1267134600772.766602
2231  1272040593811.817871
2232  1276963887579.715332
2233  1281904437451.680176
2234  1286862297543.129395
2235  1291837522058.829346
2236  1296830367938.181641
2237  1301840384299.573975
2238  1306868132039.817871
2239  1311913668169.023926
2240  1316976639871.115967
2241  1322057408759.573242
2242  1327155928161.389160
2243  1332272357369.058105
2244  1337406648732.308838
2245  1342558754934.396729
2246  1347728939081.362061
2247  1352917363394.312012
2248  1358123770851.161377
2249  1363348217500.830811
2250  1368590969975.676758
2251  1373852192210.882568
2252  1379131517800.158936
2253  1384429215430.585938
2254  1389745449067.229492
2255  1395080277584.561768
2256  1400433651527.093750
2257  1405805520963.175537
2258  1411196159424.436035
2259  1416605734849.456055
2260  1422033980335.536133
2261  1427480953298.562500
2262  1432946930642.320068
2263  1438432082336.454590
2264  1443936138015.977295
2265  1449459155995.015625
2266  1455001638753.188232
2267  1460563091283.390381
2268  1466143795224.579590
2269  1471743921924.893555
2270  1477363420053.814453
2271  1483002349811.720703
2272  1488660884161.934570
2273  1494338857999.831543
2274  1500036786360.541260
2275  1505754161496.023438
2276  1511491386334.040771
2277  1517248292797.399170
2278  1523025402563.769531
2279  1528822201931.022949
2280  1534638982205.916748
2281  1540475921529.977539
2282  1546333082817.908447
2283  1552210295328.939453
2284  1558107855020.980225
2285  1564025589366.655273
2286  1569964033275.218994
2287  1575922422095.144287
2288  1581901647783.820068
2289  1587901298790.007812
2290  1593921916345.059570
2291  1599962967113.679932
2292  1606024752918.831055
2293  1612107579204.942383
2294  1618211149207.954590
2295  1624335646825.874268
2296  1630481136921.890381
2297  1636647928110.114502
2298  1642835719796.617188
2299  1649044698337.373047
2300  1655274929017.014648
2301  1661526724458.189453
2302  1667799779923.405518
2303  1674094284249.295898
2304  1680410303413.766602
2305  1686747902963.260742
2306  1693107274904.232422
2307  1699488360764.964111
2308  1705891226952.173828
2309  1712316193687.261230
2310  1718762820959.904541
2311  1725231556737.360596
2312  1731722341139.065674
2313  1738235498514.705811
2314  1744770711949.440186
2315  1751328048228.186279
2316  1757907833491.354004
2317  1764510267023.114258
2318  1771135027844.477539
2319  1777782183438.115723
2320  1784452326601.089600
2321  1791144871004.156006
2322  1797860015144.910400
2323  1804598092651.385254
2324  1811359439705.980225
2325  1818143462854.702881
2326  1824950496739.040771
2327  1831780745980.953613
2328  1838634281505.469482
2329  1845510905063.918457
2330  1852410821345.083740
2331  1859334237081.662354
2332  1866281224210.770996
2333  1873251581891.483643
2334  1880245517199.150635
2335  1887263101435.510254
2336  1894304682534.693848
2337  1901369919615.077881
2338  1908459022161.408691
2339  1915572062484.623779
2340  1922709252970.213379
2341  1929870527055.245117
2342  1937055957950.433838
2343  1944265618431.377930
2344  1951499864469.453369
2345  1958758205155.468994
2346  1966041138099.676758
2347  1973348880825.446289
2348  1980680938134.831299
2349  1988037811617.738037
2350  1995419289538.115479
2351  2002826022662.883545
2352  2010257365699.238281
2353  2017713681181.251221
2354  2025195190344.499512
2355  2032701970097.092285
2356  2040233804134.169434
2357  2047791060891.712646
2358  2055373374956.715332
2359  2062981560320.734131
2360  2070615103354.399658
2361  2078274228481.451172
2362  2085959012403.060791
2363  2093669981688.960449
2364  2101406315991.083252
2365  2109168691494.550781
2366  2116957187598.687500
2367  2124771882992.701172
2368  2132612401560.905518
2369  2140479275818.399170
2370  2148372433199.213867
2371  2156292259071.017090
2372  2164238373381.835449
2373  2172211008066.847900
2374  2180210397892.897461
2375  2188236312395.908447
2376  2196289142245.329834
2377  2204368499602.983398
2378  2212475245921.081543
2379  2220608836361.627441
2380  2228769666156.431152
2381  2236957500783.405762
2382  2245172895751.585449
2383  2253415458287.089355
2384  2261685427733.725098
2385  2269983046048.448730
2386  2278308396068.777832
2387  2286661239991.875977
2388  2295041819595.095215
2389  2303450217790.030273
2390  2311886842450.051758
2391  2320351290255.293457
2392  2328843643040.395996
2393  2337364310824.518066
2394  2345913543173.053223
2395  2354490931975.088867
2396  2363096394343.269531
2397  2371730675305.849121
2398  2380393696568.543457
2399  2389085376840.751465
2400  2397805633536.273438
2401  2406555054832.397949
2402  2415333223378.530762
2403  2424140392301.596680
2404  2432976817168.355957
2405  2441842585669.662109
2406  2450737444245.219727
2407  2459661649441.509766
2408  2468615287542.366699
2409  2477598790296.959961
2410  2486611557215.393066
2411  2495654192123.589844
2412  2504726610910.689941
2413  2513829249433.696777
2414  2522961500347.829590
2415  2532123624407.468262
2416  2541316235743.810547
2417  2550539426163.411133
2418  2559792580808.300293
2419  2569076140938.748535
2420  2578390373176.515137
2421  2587735369778.340332
2422  2597110863906.043457
2423  2606517303189.842285
2424  2615954420102.549805
2425  2625422845187.519531
2426  2634922129342.001465
2427  2644452544042.401855
2428  2654014544594.139648
2429  2663607495695.750000
2430  2673232035347.446289
2431  2682888073803.847656
2432  2692576071874.610840
2433  2702295386135.854980
2434  2712046106392.318359
2435  2721829251987.372070
2436  2731644735056.737305
2437  2741491903966.075684
2438  2751371224851.606445
2439  2761282791525.073730
2440  2771227075667.254883
2441  2781203607789.230957
2442  2791212670592.007324
2443  2801254549749.927734
2444  2811329342081.774902
2445  2821436570566.854004
2446  2831576903810.500977
2447  2841750246714.876465
2448  2851957082641.303711
2449  2862196735665.606934
2450  2872469882681.054199
2451  2882776427503.766113
2452  2893116663153.080566
2453  2903490296498.132324
2454  2913897423892.964844
2455  2924338930292.555176
2456  2934814128526.342773
2457  2945323313223.562500
2458  2955866583667.153809
2459  2966444437897.411133
2460  2977056178274.689453
2461  2987702503340.663574
2462  2998383313090.292969
2463  3009099111491.042480
2464  3019849192677.209473
2465  3030634262887.534180
2466  3041454017215.662598
2467  3052309372811.561035
2468  3063199411742.660645
2469  3074124642771.971680
2470  3085085168215.307129
2471  3096081710223.408691
2472  3107113133284.620605
2473  3118180365719.105957
2474  3129283095423.590332
2475  3140422261046.254395
2476  3151596922307.499023
2477  3162807810211.031250
2478  3174054820334.371582
2479  3185338480024.887695
2480  3196658048374.785156
2481  3208014265312.043457
2482  3219407237810.661621
2483  3230836644719.021484
2484  3242302805269.995117
2485  3253805824749.355957
2486  3265346241568.242188
2487  3276923516040.204102
2488  3288537970545.222168
2489  3300189712223.742676
2490  3311879066335.633301
2491  3323605923660.570312
2492  3335370172290.662598
2493  3347172359059.013184
2494  3359012373325.041504
2495  3370890323813.221191
2496  3382806319715.555176
2497  3394760469779.461426
2498  3406753555268.632324
2499  3418784344940.727539
2500  3430853843761.383789
2501  3442962163707.910645
2502  3455109417542.992188
2503  3467295036949.267090
2504  3479519812647.145996
2505  3491783628997.869629
2506  3504086827657.069824
2507  3516429292313.419922
2508  3528810905392.229980
2509  3541232470373.510742
2510  3553693409116.876953
2511  3566194065149.714355
2512  3578734552484.881348
2513  3591315451387.718262
2514  3603936177581.149902
2515  3616596608245.227051
2516  3629297561071.202148
2517  3642039625402.868652
2518  3654821737762.216797
2519  3667644722487.109863
2520  3680508221091.056152
2521  3693413303544.520020
2522  3706358893674.246582
2523  3719345584865.872070
2524  3732373494128.528809
2525  3745443222740.173340
2526  3758554164784.638672
2527  3771706678686.207031
2528  3784900639405.685547
2529  3798137141812.400879
2530  3811415329019.938965
2531  3824735318710.688477
2532  3838097721122.711426
2533  3851502658534.855957
2534  3864949756314.459473
2535  3878439381474.611816
2536  3891971904371.526855
2537  3905546947561.740723
2538  3919165131838.681152
2539  3932826329074.225586
2540  3946530913854.307129
2541  3960278757291.742188
2542  3974069727469.685059
2543  3987904454562.653809
2544  4001783063520.318848
2545  4015705167716.829102
2546  4029671145639.156250
2547  4043681121223.292969
2548  4057735735401.862793
2549  4071834339790.951660
2550  4085977056975.107910
2551  4100164531292.853027
2552  4114397152159.157715
2553  4128674000911.146484
2554  4142995987866.120117
2555  4157362714696.280273
2556  4171775363536.920410
2557  4186232212270.741211
2558  4200734974115.902344
2559  4215283248682.852539
2560  4229877698735.067871
2561  4244517652433.794434
2562  4259203505063.468750
2563  4273935655787.981445
2564  4288713694961.904297
2565  4303538021361.650391
2566  4318409036716.907227
2567  4333326873882.852051
2568  4348291118447.053711
2569  4363302173988.967773
2570  4378360170983.557129
2571  4393465793526.560547
2572  4408618071006.811523
2573  4423817963512.947266
2574  4439065050009.111328
2575  4454360576485.789062
2576  4469703284307.114258
2577  4485093864098.384766
2578  4500532449162.467773
2579  4516019456210.044922
2580  4531554456187.657227
2581  4547138149257.630859
2582  4562770388218.608398
2583  4578451880221.049805
2584  4594181620131.649414
2585  4609960600972.472656
2586  4625788674086.844727
2587  4641666264883.273438
2588  4657592934276.158203
2589  4673569107257.508789
2590  4689595504755.302734
2591  4705671393524.638672
2592  4721796910080.667969
2593  4737972777787.168945
2594  4754199433320.313477
2595  4770475840331.496094
2596  4786802725273.365234
2597  4803180229436.230469
2598  4819609088664.151367
2599  4836088553065.694336
2600  4852619061210.948242
2601  4869200153871.757812
2602  4885833775457.839844
2603  4902518266408.666992
2604  4919254673048.355469
2605  4936042533382.599609
2606  4952883207057.556641
2607  4969775318173.288086
2608  4986719618443.355469
2609  5003716252296.174805
2610  5020765981107.419922
2611  5037868028517.179688
2612  5055022847094.083984
2613  5072230583089.714844
2614  5089491694159.740234
2615  5106805705139.975586
2616  5124173386506.944336
2617  5141594888975.816406
2618  5159069732444.828125
2619  5176598062454.427734
2620  5194180659000.057617
2621  5211817990708.969727
2622  5229508937765.190430
2623  5247254603589.928711
2624  5265053858666.894531
2625  5282909415799.537109
2626  5300819183687.048828
2627  5318783954610.201172
2628  5336803879681.674805
2629  5354879760628.050781
2630  5373010451666.060547
2631  5391197080164.137695
2632  5409439146634.806641
2633  5427738115920.165039
2634  5446092502531.822266
2635  5464503115638.767578
2636  5482970441034.361328
2637  5501494636233.140625
2638  5520074859952.679688
2639  5538712264635.296875
2640  5557406673502.334961
2641  5576158915014.294922
2642  5594967803915.319336
2643  5613834167580.229492
2644  5632759179161.304688
2645  5651740967658.846680
2646  5670781044467.987305
2647  5689878547064.337891
2648  5709035683355.103516
2649  5728250563423.542969
2650  5747524374806.453125
2651  5766856589527.929688
2652  5786248404500.798828
2653  5805698944641.304688
2654  5825208716244.359375
2655  5844777881466.751953
2656  5864407302403.106445
2657  5884096094353.443359
2658  5903844416927.578125
2659  5923653137172.846680
2660  5943522421000.362305
2661  5963451725779.315430
2662  5983441569410.487305
2663  6003492116248.896484
2664  6023604247596.657227
2665  6043777417204.020508
2666  6064011071483.598633
2667  6084306092442.821289
2668  6104664095274.804688
2669  6125082355467.259766
2670  6145562484023.328125
2671  6166105379545.478516
2672  6186710484558.844727
2673  6207377967816.708984
2674  6228107998649.348633
2675  6248901484716.700195
2676  6269757122359.363281
2677  6290675818027.532227
2678  6311657742690.093750
2679  6332703814153.597656
2680  6353812713071.436523
2681  6374986107074.279297
2682  6396222669423.613281
2683  6417524076134.366211
2684  6438889750296.025391
2685  6460319865953.374023
2686  6481813836313.500977
2687  6503374118820.243164
2688  6524998605687.457031
2689  6546688233367.146484
2690  6568443178158.054688
2691  6590264387165.512695
2692  6612150497499.313477
2693  6634102454650.708008
2694  6656119659334.737305
2695  6678204622246.408203
2696  6700355970579.802734
2697  6722573099751.487305
2698  6744858540791.323242
2699  6767209333285.450195
2700  6789628015893.397461
2701  6812113983237.477539
2702  6834667416007.930664
2703  6857288496180.320312
2704  6879977405296.783203
2705  6902734325842.422852
2706  6925560244422.872070
2707  6948453738843.638672
2708  6971415794723.722656
2709  6994447406036.686523
2710  7017547951541.653320
2711  7040716801425.648438
2712  7063955768582.939453
2713  7087263407288.447266
2714  7110642361062.560547
2715  7134089535585.115234
2716  7157607582631.829102
2717  7181195867961.792969
2718  7204853749654.572266
2719  7228583074405.630859
2720  7252383203420.813477
2721  7276254325772.499023
2722  7300197471112.366211
2723  7324211153124.492188
2724  7348297243554.858398
2725  7372455094322.152344
2726  7396684048802.962891
2727  7420985142893.027344
2728  7445359422305.073242
2729  7469806231566.223633
2730  7494325764250.250000
2731  7518918214199.746094
2732  7543582913894.866211
2733  7568322645061.156250
2734  7593135016057.163086
2735  7618021084837.178711
2736  7642981047996.712891
2737  7668015976123.979492
2738  7693124320582.604492
2739  7718307151200.275391
2740  7743564665664.705078
2741  7768897946205.195312
2742  7794306312971.669922
2743  7819788189559.169922
2744  7845346432965.058594
2745  7870982144361.658203
2746  7896691957068.549805
2747  7922478751934.818359
2748  7948341837484.198242
2749  7974281416376.089844
2750  8000297691549.810547
2751  8026390865871.027344
2752  8052562053695.848633
2753  8078809641311.792969
2754  8105134741192.408203
2755  8131537558744.370117
2756  8158019219649.137695
2757  8184579014838.626953
2758  8211216226348.687500
2759  8237931981422.513672
2760  8264728347809.853516
2761  8291601818260.612305
2762  8318555391398.279297
2763  8345587409330.097656
2764  8372700894157.355469
2765  8399893242890.878906
2766  8427164659375.041992
2767  8454517242093.268555
2768  8481950259841.344727
2769  8509463924903.821289
2770  8537058449856.512695
2771  8564734047924.329102
2772  8592491892583.151367
2773  8620330280296.973633
2774  8648251348744.148438
2775  8676253384689.343750
2776  8704338537427.929688
2777  8732506056856.012695
2778  8760755184944.880859
2779  8789089065167.712891
2780  8817504007347.109375
2781  8846003164453.964844
2782  8874585777041.658203
2783  8903252064051.392578
2784  8932002245083.421875
2785  8960836540398.185547
2786  8989755170917.437500
2787  9018759357047.429688
2788  9047847323890.007812
2789  9077020291240.277344
2790  9106278481228.171875
2791  9135624137856.333984
2792  9165053448994.859375
2793  9194567638618.449219
2794  9224169978774.248047
2795  9253858668352.375000
2796  9283632909743.267578
2797  9313494974201.798828
2798  9343444067450.248047
2799  9373480416925.792969
2800  9403604250738.111328
2801  9433815796943.031250
2802  9464115285361.353516
2803  9494502945034.052734
2804  9524979006041.082031
2805  9555543698774.445312
2806  9586198306310.906250
2807  9616942013966.000000
2808  9647773997690.367188
2809  9678695541138.875000
2810  9709707940202.525391
2811  9740810371413.009766
2812  9772002001837.730469
2813  9803284128317.626953
2814  9834659134171.699219
2815  9866122965758.664062
2816  9897679080821.021484
2817  9929326643091.630859
2818  9961065889655.908203
2819  9992895971351.361328
2820 10024819299472.613281
2821 10056835028369.306641
2822 10088944494932.542969
2823 10121145748493.804688
2824 10153440123703.701172
2825 10185827862850.396484
2826 10218310315743.710938
2827 10250885511275.746094
2828 10283554798099.712891
2829 10316319536898.587891
2830 10349178861132.087891
2831 10382131892462.414062
2832 10415181118864.744141
2833 10448325666719.402344
2834 10481565782768.873047
2835 10514900578868.556641
2836 10548332569877.503906
2837 10581862012116.535156
2838 10615486876862.474609
2839 10649207403525.681641
2840 10683026133345.367188
2841 10716943325547.978516
2842 10750956928337.007812
2843 10785068343901.822266
2844 10819277823812.958984
2845 10853586786476.408203
2846 10887991989858.498047
2847 10922498353813.076172
2848 10957102629312.080078
2849 10991807416820.580078
2850 11026611800332.693359
2851 11061514853358.613281
2852 11096518009325.324219
2853 11131623905899.179688
2854 11166829240688.242188
2855 11202134263809.964844
2856 11237541622201.419922
2857 11273051586140.355469
2858 11308660808569.697266
2859 11344373157883.125000
2860 11380188904341.855469
2861 11416105890973.091797
2862 11452125588097.251953
2863 11488248259831.921875
2864 11524475394181.066406
2865 11560804810584.673828
2866 11597237994941.058594
2867 11633776447041.888672
2868 11670419206063.505859
2869 11707165298690.423828
2870 11744016226155.015625
2871 11780973503706.886719
2872 11818034909813.125000
2873 11855203210492.332031
2874 11892476172701.605469
2875 11929856577322.912109
2876 11967343441708.289062
2877 12004937037998.814453
2878 12042637638696.621094
2879 12080445517044.660156
2880 12118362222922.894531
2881 12156384202234.345703
2882 12194515558514.919922
2883 12232755290945.103516
2884 12271104965681.113281
2885 12309562283483.312500
2886 12348130104174.923828
2887 12386807417027.300781
2888 12425593197112.966797
2889 12464489020645.193359
2890 12503496476929.634766
2891 12542614543671.998047
2892 12581842185782.873047
2893 12621182314778.980469
2894 12660632576727.800781
2895 12700197224689.914062
2896 12739871242436.566406
2897 12779658894425.818359
2898 12819559139862.675781
2899 12859572263585.164062
2900 12899697207937.179688
2901 12939936944998.994141
2902 12980290422100.511719
2903 13020759281193.775391
2904 13061341106279.912109
2905 13102037538122.667969
2906 13142848866513.855469
2907 13183776751259.062500
2908 13224818750255.820312
2909 13265976520943.369141
2910 13307250355799.968750
2911 13348641931475.957031
2912 13390150166092.310547
2913 13431773965096.916016
2914 13473516400015.437500
2915 13515376380637.505859
2916 13557352803212.091797
2917 13599448763064.570312
2918 13641663161201.730469
2919 13683996296320.986328
2920 13726448468286.783203
2921 13769019977356.316406
2922 13811711123791.263672
2923 13854522209800.195312
2924 13897453537209.699219
2925 13940505409018.755859
2926 13983679565104.353516
2927 14026973440755.267578
2928 14070385884478.835938
2929 14113924419944.738281
2930 14157585031671.931641
2931 14201366571652.523438
2932 14245270794395.486328
2933 14289298009599.619141
2934 14333449991591.162109
2935 14377725591807.521484
2936 14422123645933.123047
2937 14466645932241.486328
2938 14511295725694.025391
2939 14556067419110.648438
2940 14600965771479.068359
2941 14645989614143.964844
2942 14691139262440.044922
2943 14736415030934.242188
2944 14781815731716.171875
2945 14827346194331.539062
2946 14873002223170.583984
2947 14918784124480.289062
2948 14964695245761.099609
2949 15010734393482.949219
2950 15056901888244.869141
2951 15103201114055.539062
2952 15149626273760.628906
2953 15196180745607.691406
2954 15242864852652.990234
2955 15289678917976.035156
2956 15336623266656.261719
2957 15383698223403.056641
2958 15430904114137.568359
2959 15478244391850.857422
2960 15525713139535.259766
2961 15573315374379.371094
2962 15621048287422.849609
2963 15668913774790.279297
2964 15716913750189.003906
2965 15765046968864.083984
2966 15813315354236.431641
2967 15861716060294.746094
2968 15910249408719.017578
2969 15958918927216.257812
2970 16007723355093.968750
2971 16056661417066.009766
2972 16105736667261.058594
2973 16154947835726.976562
2974 16204298506858.476562
2975 16253782532811.605469
2976 16303403492256.119141
2977 16353161724864.732422
2978 16403057571147.185547
2979 16453091372051.144531
2980 16503263470163.960938
2981 16553574208113.072266
2982 16604027242404.382812
2983 16654616300035.281250
2984 16705346695343.697266
2985 16756215448751.349609
2986 16807222894506.904297
2987 16858372721871.925781
2988 16909665292039.433594
2989 16961097594350.144531
2990 17012676727226.105469
2991 17064392911977.962891
2992 17116253256418.001953
2993 17168254719725.691406
2994 17220401056528.298828
2995 17272690921003.250000
2996 17325122951833.890625
2997 17377704371976.623047
2998 17430426953518.828125
2999 17483292756553.876953
3000 17536305590883.326172
3001 17589464090852.964844
3002 17642768615399.898438
3003 17696219524324.996094
3004 17749817177888.582031
3005 17803565447761.851562
3006 17857457684460.148438
3007 17911497752608.183594
3008 17965686015123.882812
3009 18020022837420.289062
3010 18074510361735.933594
3011 18129145403706.648438
3012 18183930103282.613281
3013 18238868409663.027344
3014 18293955332375.773438
3015 18349189428333.433594
3016 18404576452135.789062
3017 18460116788886.242188
3018 18515807197298.160156
3019 18571651671935.109375
3020 18627650599031.457031
3021 18683798886560.941406
3022 18740102376123.335938
3023 18796559621301.082031
3024 18853169158301.222656
3025 18909935040784.480469
3026 18966855810905.492188
3027 19023931847923.683594
3028 19081165390390.027344
3029 19138553105947.957031
3030 19196097230723.351562
3031 19253798146726.101562
3032 19311656236861.117188
3033 19369671885752.886719
3034 19427845478101.359375
3035 19486177399093.164062
3036 19544671827946.710938
3037 19603321576462.761719
3038 19662130816255.636719
3039 19721099935705.910156
3040 19780231239998.996094
3041 19839521294757.605469
3042 19898972401407.964844
3043 19958584952781.851562
3044 20018365143872.246094
3045 20078301779154.667969
3046 20138399096892.515625
3047 20198663324878.953125
3048 20259089027943.628906
3049 20319680506013.722656
3050 20380434245390.050781
3051 20441356535177.179688
3052 20502441885456.082031
3053 20563692660521.738281
3054 20625107279843.375000
3055 20686690106383.433594
3056 20748439565518.402344
3057 20810354064737.281250
3058 20872437999241.187500
3059 20934693796582.933594
3060 20997113845261.730469
3061 21059702557658.710938
3062 21122458320267.746094
3063 21185385582060.792969
3064 21248482736376.546875
3065 21311750194685.363281
3066 21375188369392.332031
3067 21438801767926.660156
3068 21502582625647.703125
3069 21566535441786.003906
3070 21630662694927.285156
3071 21694960681549.464844
3072 21759431877050.519531
3073 21824076699571.593750
3074 21888899734681.117188
3075 21953895168901.253906
3076 22019063408705.125000
3077 22084404860184.269531
3078 22149924138358.835938
3079 22215621682108.648438
3080 22281493704261.835938
3081 22347544853296.914062
3082 22413775571085.695312
3083 22480179912863.183594
3084 22546764679685.320312
3085 22613528176988.972656
3086 22680468689390.082031
3087 22747590933280.878906
3088 22814891046103.574219
3089 22882373765528.898438
3090 22950041708839.226562
3091 23017884484445.132812
3092 23085911188146.332031
3093 23154120090606.156250
3094 23222511629226.753906
3095 23291086242378.882812
3096 23359844370253.351562
3097 23428784249566.753906
3098 23497915141380.792969
3099 23567226465019.746094
3100 23636723070486.046875
3101 23706405402416.773438
3102 23776273906001.179688
3103 23846329027407.500000
3104 23916571213357.441406
3105 23987005406496.160156
3106 24057623078727.632812
3107 24128431420462.960938
3108 24199424108708.949219
3109 24270608370036.007812
3110 24341982398619.914062
3111 24413546648505.500000
3112 24485303859556.617188
3113 24557254504932.687500
3114 24629392167500.464844
3115 24701721875786.429688
3116 24774246396829.894531
3117 24846961579762.417969
3118 24919872506000.574219
3119 24992975005494.695312
3120 25066274183745.441406
3121 25139770522183.343750
3122 25213459817767.531250
3123 25287342519082.015625
3124 25361423782254.230469
3125 25435699373979.820312
3126 25510174474347.437500
3127 25584847200128.925781
3128 25659720397356.417969
3129 25734789790984.996094
3130 25810058224183.125000
3131 25885526169781.957031
3132 25961191703122.250000
3133 26037060092425.886719
3134 26113129420437.367188
3135 26189400164489.003906
3136 26265877648338.207031
3137 26342552672712.937500
3138 26419430550844.195312
3139 26496511765021.925781
3140 26573791904787.468750
3141 26651281226730.031250
3142 26728975334250.132812
3143 26806874713314.925781
3144 26884984790435.003906
3145 26963296184373.617188
3146 27041816794589.609375
3147 27120542152029.585938
3148 27199475223769.054688
3149 27278616501109.257812
3150 27357966476389.468750
3151 27437528155869.925781
3152 27517302052141.097656
3153 27597281106511.417969
3154 27677470840377.617188
3155 27757874287166.308594
3156 27838486879834.855469
3157 27919311648245.921875
3158 28000351648210.582031
3159 28081607399479.917969
3160 28163071723288.597656
3161 28244752806443.640625
3162 28326646013274.050781
3163 28408757002716.773438
3164 28491081117340.789062
3165 28573624043003.507812
3166 28656383703329.187500
3167 28739363219041.300781
3168 28822557887170.382812
3169 28905968201275.445312
3170 28989599915443.398438
3171 29073450927412.828125
3172 29157519110785.046875
3173 29241807611922.125000
3174 29326316948484.296875
3175 29411055623103.000000
3176 29496010875617.328125
3177 29581188537118.640625
3178 29666586449430.789062
3179 29752210489998.738281
3180 29838058509647.789062
3181 29924131033609.996094
3182 30010434000482.468750
3183 30096957127365.980469
3184 30183706342110.054688
3185 30270682174280.039062
3186 30357885155416.429688
3187 30445315817704.285156
3188 30532974693528.531250
3189 30620862318144.042969
3190 30708984743164.304688
3191 30797331485549.902344
3192 30885908585966.128906
3193 30974716583602.121094
3194 31063756017853.222656
3195 31153027430552.464844
3196 31242531363295.136719
3197 31332271164119.003906
3198 31422247396866.027344
3199 31512452174439.328125
3200 31602891651745.085938
3201 31693566377243.816406
3202 31784479737155.464844
3203 31875626612926.574219
3204 31967010386709.621094
3205 32058634469254.203125
3206 32150499434069.062500
3207 32242594369182.285156
3208 32334931283501.144531
3209 32427510754422.035156
3210 32520327575730.183594
3211 32613388085038.171875
3212 32706687050516.828125
3213 32800233752548.160156
3214 32894020034794.742188
3215 32988046441138.867188
3216 33082319383261.519531
3217 33176836507170.980469
3218 33271595432218.441406
3219 33366602616065.093750
3220 33461852726016.433594
3221 33557358186081.316406
3222 33653101777359.421875
3223 33749095940614.105469
3224 33845338282379.000000
3225 33941826380317.902344
3226 34038566798810.207031
3227 34135557125332.695312
3228 34232797939291.527344
3229 34330292846630.328125
3230 34428036384513.703125
3231 34526032154506.492188
3232 34624280740615.324219
3233 34722779673476.714844
3234 34821535639880.812500
3235 34920546181787.300781
3236 35019818037935.183594
3237 35119339510579.753906
3238 35219117328125.421875
3239 35319148984229.398438
3240 35419441261321.367188
3241 35519988551427.132812
3242 35620797667136.015625
3243 35721866101294.687500
3244 35823200720229.640625
3245 35924789601958.406250
3246 36026639600430.007812
3247 36128751318478.914062
3248 36231125358742.406250
3249 36333762326408.437500
3250 36436662826927.757812
3251 36539827466930.562500
3252 36643263242409.039062
3253 36746958003290.804688
3254 36850918732967.640625
3255 36955146042345.125000
3256 37059643769540.265625
3257 37164406088403.976562
3258 37269436830966.710938
3259 37374736614271.875000
3260 37480312565165.617188
3261 37586152301576.109375
3262 37692266206402.328125
3263 37798648370904.460938
3264 37905302680271.398438
3265 38012233051097.156250
3266 38119433532248.015625
3267 38226914651085.835938
3268 38334663820672.992188
3269 38442691593489.625000
3270 38550991961911.523438
3271 38659568873400.617188
3272 38768426308672.375000
3273 38877558216602.648438
3274 38986971934836.742188
3275 39096668123715.562500
3276 39206633933263.085938
3277 39316883477329.445312
3278 39427417419547.398438
3279 39538229623273.843750
3280 39649327528362.453125
3281 39760704967556.304688
3282 39872369415828.539062
3283 39984321543699.421875
3284 40096555141758.046875
3285 40209070836483.765625
3286 40321876170712.351562
3287 40434964890169.593750
3288 40548344572762.578125
3289 40662008934025.843750
3290 40775972566898.929688
3291 40890215215057.562500
3292 41004751488724.468750
3293 41119578559316.109375
3294 41234693566927.914062
3295 41350104212155.000000
3296 41465807645289.320312
3297 41581800985571.460938
3298 41698099098076.679688
3299 41814684907069.632812
3300 41931562606368.937500
3301 42048740002237.500000
3302 42166214204647.125000
3303 42283982291181.812500
3304 42402052123063.765625
3305 42520420788723.367188
3306 42639096210378.640625
3307 42758060967689.187500
3308 42877330220190.515625
3309 42996901028941.015625
3310 43116774077611.828125
3311 43236950052562.945312
3312 43357422294725.656250
3313 43478206165658.703125
3314 43599298715684.890625
3315 43720693265978.296875
3316 43842394189721.843750
3317 43964402180006.343750
3318 44086717932627.039062
3319 44209342143719.398438
3320 44332275511180.367188
3321 44455526233162.429688
3322 44579076271855.765625
3323 44702941318328.796875
3324 44827118326638.984375
3325 44951608001623.046875
3326 45076411049415.609375
3327 45201528177926.132812
3328 45326960096841.562500
3329 45452715154123.320312
3330 45578778802858.773438
3331 45705159377493.335938
3332 45831857592936.460938
3333 45958874164930.375000
3334 46086209811481.921875
3335 46213865251434.039062
3336 46341841205421.312500
3337 46470146176008.054688
3338 46598765343595.492188
3339 46727707195541.335938
3340 46856972458233.640625
3341 46986561859383.554688
3342 47116476128026.734375
3343 47246715995483.148438
3344 47377290099035.039062
3345 47508183378176.312500
3346 47639408428338.375000
3347 47770958051446.703125
3348 47902828969216.945312
3349 48035041859417.226562
3350 48167581513651.250000
3351 48300452664295.953125
3352 48433664106903.085938
3353 48567200501112.179688
3354 48701070627726.812500
3355 48835275235078.523438
3356 48969819135459.945312
3357 49104694963486.789062
3358 49239907525842.953125
3359 49375457576746.007812
3360 49511354072534.101562
3361 49647581388311.320312
3362 49784152583088.328125
3363 49921060189090.234375
3364 50058309077080.148438
3365 50195900010883.867188
3366 50333837912095.609375
3367 50472115242502.921875
3368 50610745268718.875000
3369 50749712076562.546875
3370 50889024769448.000000
3371 51028688323437.718750
3372 51168695113990.359375
3373 51309050110846.093750
3374 51449758323972.562500
3375 51590820561793.484375
3376 51732224874973.742188
3377 51873980511905.578125
3378 52016092527741.203125
3379 52158553172807.914062
3380 52301367495338.250000
3381 52444536283652.703125
3382 52588064637456.968750
3383 52731953377251.156250
3384 52876190333801.687500
3385 53020789262876.250000
3386 53165737938534.640625
3387 53311050180201.593750
3388 53456722445087.226562
3389 53602759913650.953125
3390 53749154638794.289062
3391 53895920592116.296875
3392 54043045410185.125000
3393 54190529869765.148438
3394 54338379177776.367188
3395 54486598585034.335938
3396 54635180032721.335938
3397 54784128763966.000000
3398 54933459003320.304688
3399 55083144776602.500000
3400 55233200281904.914062
3401 55383630838741.359375
3402 55534428278131.023438
3403 55685602432703.500000
3404 55837145095625.875000
3405 55989061603798.820312
3406 56141366439246.984375
3407 56294033152115.960938
3408 56447080769231.937500
3409 56600500988938.890625
3410 56754299207039.656250
3411 56908480863107.757812
3412 57063037596833.734375
3413 57217979465352.500000
3414 57373307339634.812500
3415 57529008158969.500000
3416 57685096670406.320312
3417 57841564419205.679688
3418 57998421573172.476562
3419 58155659640013.296875
3420 58313288832503.507812
3421 58471300618651.023438
3422 58629709976014.335938
3423 58788503636821.296875
3424 58947677685671.937500
3425 59107247169604.421875
3426 59267212980828.226562
3427 59427566469765.882812
3428 59588318032829.132812
3429 59749468568411.812500
3430 59911004563477.750000
3431 60072941266958.023438
3432 60235269930332.640625
3433 60398001066490.148438
3434 60561125887146.156250
3435 60724654951996.125000
3436 60888579432826.585938
3437 61052914816476.492188
3438 61217647375362.460938
3439 61382777959789.578125
3440 61548317247015.242188
3441 61714256308027.304688
3442 61880605867527.593750
3443 62047356955992.992188
3444 62214520344749.492188
3445 62382096961180.296875
3446 62550072794587.906250
3447 62718463645532.570312
3448 62887260442729.992188
3449 63056474078638.937500
3450 63226095439366.554688
3451 63396135465646.804688
3452 63566595095957.656250
3453 63737465155258.539062
3454 63908746519096.234375
3455 64080445143352.320312
3456 64252567032174.148438
3457 64425102927736.695312
3458 64598063939444.851562
3459 64771440768110.171875
3460 64945254847507.953125
3461 65119476308809.945312
3462 65294126612746.140625
3463 65469186031267.171875
3464 65644686486865.343750
3465 65820608232099.226562
3466 65996962574492.265625
3467 66173740044641.601562
3468 66350962459716.195312
3469 66528599412838.046875
3470 66706667493579.179688
3471 66885172907179.468750
3472 67064106075287.929688
3473 67243478482119.898438
3474 67423280507163.289062
3475 67603523685189.726562
3476 67784208998538.875000
3477 67965321427766.234375
3478 68146877894637.929688
3479 68328868669669.000000
3480 68511305414616.851562
3481 68694178356707.343750
3482 68877493813794.164062
3483 69061268966717.437500
3484 69245472374521.359375
3485 69430126615925.601562
3486 69615221808128.898438
3487 69800764337642.421875
3488 69986760641772.867188
3489 70173200771264.429688
3490 70360091154029.367188
3491 70547449274829.265625
3492 70735243129859.671875
3493 70923495698662.375000
3494 71112196919117.312500
3495 71301353290366.203125
3496 71490971361590.859375
3497 71681041003635.390625
3498 71871568756639.250000
3499 72062572416073.359375
3500 72254019403674.640625
