   1           11.87882000
   2           12.54706000
   3           14.09103000
   4           16.08112000
   5           18.26595000
   6           20.54668000
   7           22.88082000
   8           25.24759000
   9           27.63571000
  10           30.03855000
  11           32.45196000
  12           34.87321000
  13           37.30047000
  14           39.73245000
  15           42.16823000
  16           44.60721000
  17           47.04897000
  18           49.49329000
  19           51.94009000
  20           54.38944000
  21           56.84151000
  22           59.29660000
  23           61.75509000
  24           64.21744000
  25           66.68420000
  26           69.15597000
  27           71.63338000
  28           74.11713000
  29           76.60793000
  30           79.10648000
  31           81.61354000
  32           84.12983000
  33           86.65608000
  34           89.19300000
  35           91.74127000
  36           94.30158000
  37           96.87456000
  38           99.46082000
  39          102.06096000
  40          104.67551000
  41          107.30500000
  42          109.94991000
  43          112.61068000
  44          115.28773000
  45          117.98143000
  46          120.69213000
  47          123.42014000
  48          126.16575000
  49          128.92919000
  50          131.71070000
  51          134.51047000
  52          137.32865000
  53          140.16540000
  54          143.02083000
  55          145.89502000
  56          148.78805000
  57          151.69997000
  58          154.63082000
  59          157.58060000
  60          160.54931000
  61          163.53693000
  62          166.54342000
  63          169.56875000
  64          172.61284000
  65          175.67562000
  66          178.75702000
  67          181.85694000
  68          184.97527000
  69          188.11191000
  70          191.26674000
  71          194.43962000
  72          197.63043000
  73          200.83904000
  74          204.06529000
  75          207.30904000
  76          210.57014000
  77          213.84842000
  78          217.14375000
  79          220.45594000
  80          223.78483000
  81          227.13027000
  82          230.49207000
  83          233.87008000
  84          237.26412000
  85          240.67401000
  86          244.09958000
  87          247.54067000
  88          250.99709000
  89          254.46867000
  90          257.95524000
  91          261.45662000
  92          264.97265000
  93          268.50315000
  94          272.04794000
  95          275.60686000
  96          279.17973000
  97          282.76639000
  98          286.36667000
  99          289.98040000
 100          293.60742000
 101          297.24756000
 102          300.90065000
 103          304.56655000
 104          308.24508000
 105          311.93609000
 106          315.63942000
 107          319.35491000
 108          323.08242000
 109          326.82180000
 110          330.80426000
 111          334.61296000
 112          338.43292000
 113          342.26392000
 114          346.10583000
 115          349.95851000
 116          353.82186000
 117          357.69575000
 118          361.58003000
 119          365.47446000
 120          369.37900000
 121          373.29352000
 122          377.21781000
 123          381.15185000
 124          385.09553000
 125          389.04865000
 126          393.01099000
 127          396.98259000
 128          400.96329000
 129          404.95296000
 130          408.95148000
 131          412.95863000
 132          416.97456000
 133          420.99892000
 134          425.03165000
 135          429.07277000
 136          433.12198000
 137          437.17932000
 138          441.24459000
 139          445.31777000
 140          449.39871000
 141          453.48739000
 142          457.58360000
 143          461.68726000
 144          465.79834000
 145          469.91681000
 146          474.04237000
 147          478.17510000
 148          482.31480000
 149          486.46145000
 150          490.61498000
 151          494.77526000
 152          498.94232000
 153          503.11588000
 154          507.29589000
 155          511.48241000
 156          515.67531000
 157          519.87456000
 158          524.07991000
 159          528.29149000
 160          532.50905000
 161          536.73260000
 162          540.96205000
 163          545.19739000
 164          549.43859000
 165          553.68531000
 166          557.93775000
 167          562.19576000
 168          566.45932000
 169          570.72832000
 170          575.00258000
 171          579.28223000
 172          583.56719000
 173          587.85723000
 174          592.15240000
 175          596.45277000
 176          600.75805000
 177          605.06826000
 178          609.38349000
 179          613.70340000
 180          618.02820000
 181          622.35781000
 182          626.69195000
 183          631.03080000
 184          635.37409000
 185          639.72211000
 186          644.07445000
 187          648.43134000
 188          652.79255000
 189          657.15802000
 190          661.52776000
 191          665.90179000
 192          670.28005000
 193          674.66244000
 194          679.04886000
 195          683.43934000
 196          687.83385000
 197          692.23228000
 198          696.63472000
 199          701.04095000
 200          705.45109000
 201          709.86495000
 202          714.28258000
 203          718.70395000
 204          723.12897000
 205          727.55758000
 206          731.98989000
 207          736.42568000
 208          740.86500000
 209          745.30803000
 210          749.75431000
 211          754.20404000
 212          758.65702000
 213          763.11344000
 214          767.57318000
 215          772.03629000
 216          776.50249000
 217          780.97197000
 218          785.44466000
 219          789.92043000
 220          794.39920000
 221          798.88129000
 222          803.37443000
 223          807.86259000
 224          812.35373000
 225          816.84777000
 226          821.34475000
 227          825.84472000
 228          830.34755000
 229          834.85321000
 230          839.36158000
 231          843.87277000
 232          848.38684000
 233          852.90356000
 234          857.42309000
 235          861.94513000
 236          866.47012000
 237          870.99753000
 238          875.52772000
 239          880.06034000
 240          884.59544000
 241          889.13321000
 242          893.67353000
 243          898.22514000
 244          902.77047000
 245          907.31812000
 246          911.86822000
 247          916.42072000
 248          920.97568000
 249          925.53299000
 250          930.09268000
 251          934.65454000
 252          939.21870000
 253          943.78509000
 254          948.35376000
 255          952.93430000
 256          957.50747000
 257          962.08279000
 258          966.66026000
 259          971.23994000
 260          975.82183000
 261          980.40586000
 262          984.99178000
 263          989.57999000
 264          994.18000000
 265          998.77222000
 266         1003.36651000
 267         1007.96281000
 268         1012.56110000
 269         1017.16126000
 270         1021.77362000
 271         1026.37767000
 272         1030.98384000
 273         1035.59176000
 274         1040.20158000
 275         1044.81319000
 276         1049.43723000
 277         1054.05277000
 278         1058.67004000
 279         1063.28918000
 280         1067.92060000
 281         1072.54334000
 282         1077.16767000
 283         1081.79387000
 284         1086.42186000
 285         1091.06243000
 286         1095.69373000
 287         1100.32687000
 288         1104.97248000
 289         1109.60918000
 290         1114.24727000
 291         1118.88694000
 292         1123.53951000
 293         1128.18239000
 294         1132.82690000
 295         1137.48459000
 296         1142.13232000
 297         1146.78166000
 298         1151.44400000
 299         1156.09650000
 300         1160.75042000
 301         1165.41755000
 302         1170.07472000
 303         1174.74489000
 304         1179.40497000
 305         1184.06643000
 306         1188.74128000
 307         1193.40582000
 308         1198.08354000
 309         1202.75077000
 310         1207.43146000
 311         1212.10165000
 312         1216.78541000
 313         1221.45833000
 314         1226.14487000
 315         1230.82053000
 316         1235.50989000
 317         1240.18841000
 318         1244.88054000
 319         1249.56160000
 320         1254.25647000
 321         1258.94017000
 322         1263.63779000
 323         1268.33680000
 324         1273.02447000
 325         1277.72616000
 326         1282.41625000
 327         1287.12051000
 328         1291.82613000
 329         1296.52005000
 330         1301.22826000
 331         1305.93774000
 332         1310.64834000
 333         1315.34725000
 334         1320.06038000
 335         1324.77497000
 336         1329.47734000
 337         1334.19421000
 338         1338.91227000
 339         1343.63162000
 340         1348.35212000
 341         1353.07414000
 342         1357.78354000
 343         1362.50762000
 344         1367.23298000
 345         1371.95939000
 346         1376.68715000
 347         1381.41599000
 348         1386.14582000
 349         1390.87699000
 350         1395.60919000
 351         1400.34245000
 352         1405.07701000
 353         1409.81252000
 354         1414.54920000
 355         1419.28703000
 356         1424.02599000
 357         1428.76584000
 358         1433.50725000
 359         1438.24945000
 360         1443.00703000
 361         1447.75126000
 362         1452.49672000
 363         1457.24317000
 364         1461.99066000
 365         1466.75381000
 366         1471.50346000
 367         1476.25401000
 368         1481.00557000
 369         1485.77338000
 370         1490.52713000
 371         1495.28169000
 372         1500.05239000
 373         1504.80910000
 374         1509.58185000
 375         1514.34073000
 376         1519.10033000
 377         1523.87618000
 378         1528.63790000
 379         1533.41591000
 380         1538.17942000
 381         1542.95956000
 382         1547.74045000
 383         1552.50702000
 384         1557.29006000
 385         1562.05843000
 386         1566.84352000
 387         1571.62944000
 388         1576.40067000
 389         1581.18860000
 390         1585.97746000
 391         1590.76754000
 392         1595.54267000
 393         1600.33448000
 394         1605.12720000
 395         1609.92090000
 396         1614.71552000
 397         1619.51124000
 398         1624.30796000
 399         1629.10525000
 400         1633.90385000
 401         1638.70311000
 402         1643.50345000
 403         1648.30492000
 404         1653.10708000
 405         1657.91019000
 406         1662.71422000
 407         1667.51914000
 408         1672.32502000
 409         1677.13190000
 410         1681.95627000
 411         1686.76475000
 412         1691.57431000
 413         1696.38465000
 414         1701.21274000
 415         1706.02509000
 416         1710.83806000
 417         1715.66922000
 418         1720.48410000
 419         1725.31707000
 420         1730.13381000
 421         1734.96852000
 422         1739.78676000
 423         1744.62336000
 424         1749.44338000
 425         1754.28181000
 426         1759.12131000
 427         1763.94382000
 428         1768.78501000
 429         1773.62700000
 430         1778.45219000
 431         1783.29587000
 432         1788.14084000
 433         1792.98638000
 434         1797.83298000
 435         1802.68037000
 436         1807.51062000
 437         1812.36000000
 438         1817.20995000
 439         1822.06082000
 440         1826.91259000
 441         1831.76531000
 442         1836.61868000
 443         1841.49172000
 444         1846.34704000
 445         1851.20347000
 446         1856.06044000
 447         1860.91823000
 448         1865.79565000
 449         1870.65559000
 450         1875.51605000
 451         1880.39616000
 452         1885.25819000
 453         1890.12133000
 454         1895.00437000
 455         1899.86920000
 456         1904.75372000
 457         1909.62019000
 458         1914.50665000
 459         1919.37485000
 460         1924.26312000
 461         1929.15226000
 462         1934.02294000
 463         1938.91368000
 464         1943.80545000
 465         1948.69814000
 466         1953.57238000
 467         1958.46678000
 468         1963.36208000
 469         1968.25825000
 470         1973.15520000
 471         1978.05352000
 472         1982.95221000
 473         1987.85207000
 474         1992.75241000
 475         1997.65389000
 476         2002.55628000
 477         2007.45965000
 478         2012.36377000
 479         2017.28866000
 480         2022.19442000
 481         2027.10132000
 482         2032.00874000
 483         2036.93763000
 484         2041.84697000
 485         2046.77753000
 486         2051.68870000
 487         2056.62098000
 488         2061.53391000
 489         2066.46809000
 490         2071.38259000
 491         2076.31859000
 492         2081.23477000
 493         2086.17255000
 494         2091.11159000
 495         2096.05142000
 496         2100.97096000
 497         2105.91238000
 498         2110.85488000
 499         2115.79826000
 500         2120.74276000
 501         2125.68775000
 502         2130.63384000
 503         2135.58085000
 504         2140.52867000
 505         2145.47750000
 506         2150.42707000
 507         2155.37774000
 508         2160.32898000
 509         2165.30300000
 510         2170.25614000
 511         2175.21061000
 512         2180.16574000
 513         2185.14324000
 514         2190.10002000
 515         2195.07965000
 516         2200.03823000
 517         2205.02003000
 518         2209.98058000
 519         2214.96387000
 520         2219.92624000
 521         2224.91154000
 522         2229.89797000
 523         2234.86282000
 524         2239.85087000
 525         2244.84008000
 526         2249.83026000
 527         2254.82123000
 528         2259.79099000
 529         2264.78372000
 530         2269.77761000
 531         2274.77234000
 532         2279.76811000
 533         2284.76467000
 534         2289.78517000
 535         2294.78383000
 536         2299.78343000
 537         2304.78388000
 538         2309.78525000
 539         2314.81069000
 540         2319.81409000
 541         2324.81835000
 542         2329.84657000
 543         2334.85300000
 544         2339.88306000
 545         2344.89155000
 546         2349.92394000
 547         2354.93364000
 548         2359.96822000
 549         2364.98007000
 550         2370.01631000
 551         2375.05378000
 552         2380.09224000
 553         2385.10830000
 554         2390.14840000
 555         2395.18974000
 556         2400.23227000
 557         2405.27565000
 558         2410.32000000
 559         2415.36548000
 560         2420.41174000
 561         2425.45904000
 562         2430.50774000
 563         2435.55691000
 564         2440.60744000
 565         2445.68316000
 566         2450.73542000
 567         2455.78860000
 568         2460.86774000
 569         2465.92325000
 570         2470.97968000
 571         2476.06148000
 572         2481.11997000
 573         2486.20431000
 574         2491.26488000
 575         2496.35110000
 576         2501.43808000
 577         2506.50161000
 578         2511.59105000
 579         2516.68174000
 580         2521.74856000
 581         2526.84107000
 582         2531.93465000
 583         2537.02938000
 584         2542.12501000
 585         2547.22210000
 586         2552.31990000
 587         2557.41897000
 588         2562.51888000
 589         2567.61989000
 590         2572.72246000
 591         2577.82567000
 592         2582.95523000
 593         2588.06063000
 594         2593.16713000
 595         2598.30023000
 596         2603.40903000
 597         2608.51885000
 598         2613.65546000
 599         2618.76726000
 600         2623.90591000
 601         2629.01978000
 602         2634.16093000
 603         2639.27721000
 604         2644.42052000
 605         2649.56491000
 606         2654.71061000
 607         2659.83138000
 608         2664.97922000
 609         2670.12777000
 610         2675.27780000
 611         2680.42892000
 612         2685.58132000
 613         2690.73510000
 614         2695.88988000
 615         2701.04556000
 616         2706.20221000
 617         2711.36031000
 618         2716.51967000
 619         2721.70688000
 620         2726.86824000
 621         2732.03102000
 622         2737.19467000
 623         2742.38647000
 624         2747.55262000
 625         2752.74708000
 626         2757.91527000
 627         2763.11188000
 628         2768.28268000
 629         2773.48147000
 630         2778.65471000
 631         2783.85626000
 632         2789.05884000
 633         2794.23517000
 634         2799.44058000
 635         2804.64694000
 636         2809.85441000
 637         2815.06305000
 638         2820.27298000
 639         2825.48393000
 640         2830.69619000
 641         2835.91023000
 642         2841.12472000
 643         2846.34067000
 644         2851.55801000
 645         2856.77611000
 646         2861.99582000
 647         2867.24507000
 648         2872.46691000
 649         2877.69013000
 650         2882.94305000
 651         2888.16852000
 652         2893.39570000
 653         2898.65217000
 654         2903.88138000
 655         2909.14055000
 656         2914.37243000
 657         2919.63384000
 658         2924.89702000
 659         2930.13257000
 660         2935.39797000
 661         2940.66497000
 662         2945.93291000
 663         2951.17347000
 664         2956.44402000
 665         2961.71589000
 666         2966.98900000
 667         2972.26330000
 668         2977.53911000
 669         2982.81651000
 670         2988.09454000
 671         2993.37406000
 672         2998.68446000
 673         3003.96645000
 674         3009.24992000
 675         3014.53500000
 676         3019.85052000
 677         3025.13795000
 678         3030.42643000
 679         3035.74606000
 680         3041.03762000
 681         3046.35995000
 682         3051.65382000
 683         3056.97879000
 684         3062.27527000
 685         3067.60303000
 686         3072.90224000
 687         3078.23273000
 688         3083.56473000
 689         3088.89775000
 690         3094.20204000
 691         3099.53792000
 692         3104.87541000
 693         3110.21394000
 694         3115.55401000
 695         3120.89514000
 696         3126.23769000
 697         3131.58219000
 698         3136.92781000
 699         3142.27426000
 700         3147.62251000
 701         3153.00274000
 702         3158.35363000
 703         3163.70631000
 704         3169.05998000
 705         3174.44578000
 706         3179.80224000
 707         3185.15989000
 708         3190.55044000
 709         3195.91116000
 710         3201.30419000
 711         3206.66734000
 712         3212.06341000
 713         3217.42939000
 714         3222.82844000
 715         3228.22901000
 716         3233.59916000
 717         3239.00241000
 718         3244.40694000
 719         3249.81292000
 720         3255.22089000
 721         3260.62958000
 722         3266.00833000
 723         3271.41991000
 724         3276.83332000
 725         3282.24823000
 726         3287.66423000
 727         3293.11403000
 728         3298.53313000
 729         3303.95357000
 730         3309.37549000
 731         3314.79926000
 732         3320.22402000
 733         3325.68277000
 734         3331.11042000
 735         3336.53976000
 736         3342.00322000
 737         3347.43535000
 738         3352.90168000
 739         3358.33638000
 740         3363.80596000
 741         3369.24372000
 742         3374.71652000
 743         3380.19002000
 744         3385.63281000
 745         3391.10928000
 746         3396.58766000
 747         3402.03429000
 748         3407.51643000
 749         3412.99919000
 750         3418.48364000
 751         3423.96948000
 752         3429.45693000
 753         3434.94631000
 754         3440.43677000
 755         3445.92915000
 756         3451.42266000
 757         3456.91800000
 758         3462.41437000
 759         3467.91311000
 760         3473.41261000
 761         3478.94775000
 762         3484.45047000
 763         3489.95495000
 764         3495.46106000
 765         3501.00267000
 766         3506.51143000
 767         3512.05610000
 768         3517.56799000
 769         3523.11578000
 770         3528.63126000
 771         3534.18222000
 772         3539.70026000
 773         3545.25469000
 774         3550.81018000
 775         3556.33322000
 776         3561.89232000
 777         3567.45320000
 778         3572.98054000
 779         3578.54431000
 780         3584.10959000
 781         3589.67704000
 782         3595.24577000
 783         3600.81587000
 784         3606.38782000
 785         3611.96104000
 786         3617.53632000
 787         3623.11293000
 788         3628.69158000
 789         3634.27131000
 790         3639.85287000
 791         3645.47096000
 792         3651.05654000
 793         3656.64259000
 794         3662.23084000
 795         3667.85558000
 796         3673.44704000
 797         3679.03948000
 798         3684.67021000
 799         3690.26636000
 800         3695.90014000
 801         3701.49906000
 802         3707.13613000
 803         3712.73843000
 804         3718.37934000
 805         3724.02102000
 806         3729.62875000
 807         3735.27358000
 808         3740.92088000
 809         3746.53411000
 810         3752.18396000
 811         3757.83619000
 812         3763.48984000
 813         3769.14525000
 814         3774.80229000
 815         3780.46173000
 816         3786.12197000
 817         3791.78432000
 818         3797.44786000
 819         3803.11398000
 820         3808.78135000
 821         3814.45081000
 822         3820.12097000
 823         3825.79359000
 824         3831.50453000
 825         3837.18043000
 826         3842.85820000
 827         3848.53776000
 828         3854.25540000
 829         3859.93822000
 830         3865.62255000
 831         3871.34665000
 832         3877.03398000
 833         3882.76121000
 834         3888.45224000
 835         3894.18262000
 836         3899.87749000
 837         3905.61182000
 838         3911.34766000
 839         3917.04765000
 840         3922.78677000
 841         3928.52761000
 842         3934.27077000
 843         3939.97768000
 844         3945.72441000
 845         3951.47212000
 846         3957.22261000
 847         3962.97400000
 848         3968.72824000
 849         3974.48313000
 850         3980.24066000
 851         3985.99921000
 852         3991.75999000
 853         3997.52230000
 854         4003.28696000
 855         4009.05293000
 856         4014.82128000
 857         4020.59040000
 858         4026.40069000
 859         4032.17399000
 860         4037.94936000
 861         4043.72593000
 862         4049.54337000
 863         4055.32397000
 864         4061.14480000
 865         4066.92969000
 866         4072.71515000
 867         4078.54186000
 868         4084.33121000
 869         4090.16183000
 870         4095.95541000
 871         4101.78953000
 872         4107.62514000
 873         4113.42397000
 874         4119.26344000
 875         4125.10505000
 876         4130.90933000
 877         4136.75490000
 878         4142.60172000
 879         4148.45079000
 880         4154.30138000
 881         4160.11506000
 882         4165.96956000
 883         4171.82617000
 884         4177.68420000
 885         4183.54461000
 886         4189.40657000
 887         4195.27140000
 888         4201.13693000
 889         4207.00468000
 890         4212.91499000
 891         4218.78613000
 892         4224.65992000
 893         4230.53530000
 894         4236.41256000
 895         4242.33180000
 896         4248.21307000
 897         4254.09552000
 898         4259.98109000
 899         4265.90809000
 900         4271.79685000
 901         4277.72728000
 902         4283.62023000
 903         4289.51413000
 904         4295.45144000
 905         4301.39022000
 906         4307.29055000
 907         4313.23297000
 908         4319.13675000
 909         4325.08353000
 910         4331.03273000
 911         4336.94163000
 912         4342.89446000
 913         4348.84870000
 914         4354.76416000
 915         4360.72270000
 916         4366.68344000
 917         4372.64582000
 918         4378.60989000
 919         4384.57647000
 920         4390.50324000
 921         4396.47355000
 922         4402.44541000
 923         4408.42003000
 924         4414.39573000
 925         4420.37383000
 926         4426.39572000
 927         4432.37828000
 928         4438.36177000
 929         4444.34791000
 930         4450.33560000
 931         4456.32639000
 932         4462.31784000
 933         4468.35401000
 934         4474.34970000
 935         4480.34795000
 936         4486.38987000
 937         4492.39211000
 938         4498.39575000
 939         4504.44391000
 940         4510.45149000
 941         4516.50402000
 942         4522.51634000
 943         4528.57280000
 944         4534.58864000
 945         4540.64908000
 946         4546.66895000
 947         4552.73305000
 948         4558.80019000
 949         4564.82586000
 950         4570.89661000
 951         4576.96906000
 952         4583.00116000
 953         4589.07810000
 954         4595.15722000
 955         4601.23819000
 956         4607.27818000
 957         4613.36253000
 958         4619.44988000
 959         4625.53920000
 960         4631.63049000
 961         4637.72386000
 962         4643.81938000
 963         4649.91617000
 964         4656.01664000
 965         4662.11789000
 966         4668.22177000
 967         4674.32721000
 968         4680.43504000
 969         4686.54467000
 970         4692.70108000
 971         4698.81525000
 972         4704.93112000
 973         4711.04952000
 974         4717.16924000
 975         4723.33626000
 976         4729.46020000
 977         4735.58654000
 978         4741.75923000
 979         4747.89034000
 980         4754.02257000
 981         4760.20234000
 982         4766.33869000
 983         4772.52250000
 984         4778.66299000
 985         4784.85098000
 986         4790.99578000
 987         4797.18869000
 988         4803.33751000
 989         4809.53407000
 990         4815.73241000
 991         4821.88775000
 992         4828.09084000
 993         4834.29566000
 994         4840.45738000
 995         4846.66664000
 996         4852.87748000
 997         4859.09095000
 998         4865.30745000
 999         4871.47926000
1000         4877.69962000
1001         4883.92093000
1002         4890.14520000
1003         4896.37186000
1004         4902.60052000
1005         4908.83078000
1006         4915.06403000
1007         4921.29849000
1008         4927.53573000
1009         4933.77518000
1010         4940.01644000
1011         4946.26006000
1012         4952.50553000
1013         4958.79912000
1014         4965.05028000
1015         4971.30182000
1016         4977.55636000
1017         4983.81276000
1018         4990.11769000
1019         4996.37841000
1020         5002.64181000
1021         5008.95369000
1022         5015.22112000
1023         5021.49022000
1024         5027.80877000
1025         5034.08324000
1026         5040.40545000
1027         5046.68414000
1028         5053.01071000
1029         5059.29327000
1030         5065.62491000
1031         5071.91265000
1032         5078.24808000
1033         5084.54001000
1034         5090.87994000
1035         5097.22311000
1036         5103.52081000
1037         5109.86862000
1038         5116.21775000
1039         5122.52208000
1040         5128.87619000
1041         5135.23314000
1042         5141.59099000
1043         5147.90459000
1044         5154.26686000
1045         5160.63242000
1046         5166.99905000
1047         5173.36952000
1048         5179.74090000
1049         5186.11546000
1050         5192.49180000
1051         5198.87043000
1052         5205.25192000
1053         5211.63501000
1054         5218.01962000
1055         5224.40706000
1056         5230.79698000
1057         5237.18866000
1058         5243.58390000
1059         5249.98023000
1060         5256.37892000
1061         5262.78013000
1062         5269.23185000
1063         5275.63763000
1064         5282.04576000
1065         5288.45556000
1066         5294.91702000
1067         5301.33128000
1068         5307.74820000
1069         5314.21694000
1070         5320.63828000
1071         5327.06153000
1072         5333.53691000
1073         5339.96462000
1074         5346.44514000
1075         5352.87753000
1076         5359.36215000
1077         5365.79877000
1078         5372.28767000
1079         5378.72986000
1080         5385.22357000
1081         5391.67068000
1082         5398.16779000
1083         5404.66894000
1084         5411.12133000
1085         5417.62791000
1086         5424.13487000
1087         5430.59487000
1088         5437.10646000
1089         5443.62138000
1090         5450.08784000
1091         5456.60752000
1092         5463.12888000
1093         5469.65289000
1094         5476.17825000
1095         5482.70678000
1096         5489.18797000
1097         5495.72123000
1098         5502.25664000
1099         5508.79420000
1100         5515.33386000
1101         5521.87655000
1102         5528.42137000
1103         5534.96909000
1104         5541.51787000
1105         5548.07015000
1106         5554.62474000
1107         5561.18098000
1108         5567.73998000
1109         5574.30121000
1110         5580.91578000
1111         5587.48131000
1112         5594.04922000
1113         5600.62051000
1114         5607.19346000
1115         5613.81927000
1116         5620.39722000
1117         5626.97683000
1118         5633.56028000
1119         5640.19602000
1120         5646.78264000
1121         5653.37176000
1122         5660.01511000
1123         5666.61014000
1124         5673.25817000
1125         5679.85670000
1126         5686.45762000
1127         5693.11287000
1128         5699.71877000
1129         5706.37913000
1130         5712.99016000
1131         5719.65478000
1132         5726.27035000
1133         5732.94005000
1134         5739.61245000
1135         5746.23480000
1136         5752.91145000
1137         5759.53933000
1138         5766.22056000
1139         5772.90483000
1140         5779.53953000
1141         5786.22923000
1142         5792.91963000
1143         5799.61434000
1144         5806.25749000
1145         5812.95738000
1146         5819.65792000
1147         5826.36193000
1148         5833.06786000
1149         5839.72377000
1150         5846.43432000
1151         5853.14830000
1152         5859.86341000
1153         5866.58186000
1154         5873.30208000
1155         5880.02559000
1156         5886.75152000
1157         5893.47935000
1158         5900.20949000
1159         5906.94257000
1160         5913.67818000
1161         5920.41500000
1162         5927.15604000
1163         5933.89857000
1164         5940.64353000
1165         5947.39025000
1166         5954.19444000
1167         5960.94744000
1168         5967.70208000
1169         5974.45875000
1170         5981.21839000
1171         5987.98001000
1172         5994.79960000
1173         6001.56613000
1174         6008.33592000
1175         6015.16131000
1176         6021.93587000
1177         6028.71226000
1178         6035.54640000
1179         6042.32809000
1180         6049.11251000
1181         6055.95308000
1182         6062.74238000
1183         6069.58819000
1184         6076.38256000
1185         6083.17926000
1186         6090.03251000
1187         6096.83374000
1188         6103.69237000
1189         6110.49956000
1190         6117.36199000
1191         6124.22808000
1192         6131.04150000
1193         6137.91274000
1194         6144.73220000
1195         6151.60810000
1196         6158.48647000
1197         6165.31289000
1198         6172.19578000
1199         6179.08186000
1200         6185.91573000
1201         6192.80689000
1202         6199.70039000
1203         6206.59660000
1204         6213.43926000
1205         6220.34150000
1206         6227.24526000
1207         6234.15164000
1208         6241.06021000
1209         6247.91598000
1210         6254.83037000
1211         6261.74615000
1212         6268.66555000
1213         6275.58705000
1214         6282.51100000
1215         6289.43699000
1216         6296.36687000
1217         6303.29767000
1218         6310.23230000
1219         6317.16814000
1220         6324.10778000
1221         6331.04974000
1222         6337.99396000
1223         6344.94078000
1224         6351.88983000
1225         6358.84183000
1226         6365.79603000
1227         6372.75348000
1228         6379.71307000
1229         6386.73155000
1230         6393.69575000
1231         6400.66203000
1232         6407.63262000
1233         6414.60448000
1234         6421.63611000
1235         6428.61312000
1236         6435.59285000
1237         6442.57527000
1238         6449.61758000
1239         6456.60498000
1240         6463.59465000
1241         6470.64465000
1242         6477.63993000
1243         6484.63814000
1244         6491.69528000
1245         6498.69785000
1246         6505.76052000
1247         6512.76812000
1248         6519.83624000
1249         6526.84958000
1250         6533.92232000
1251         6540.94050000
1252         6547.96065000
1253         6555.04267000
1254         6562.12554000
1255         6569.15437000
1256         6576.24276000
1257         6583.27617000
1258         6590.36963000
1259         6597.40871000
1260         6604.50793000
1261         6611.60980000
1262         6618.65555000
1263         6625.76266000
1264         6632.87278000
1265         6639.92657000
1266         6647.04099000
1267         6654.15880000
1268         6661.27911000
1269         6668.34280000
1270         6675.46885000
1271         6682.59658000
1272         6689.72717000
1273         6696.80165000
1274         6703.93700000
1275         6711.07593000
1276         6718.21727000
1277         6725.36052000
1278         6732.50691000
1279         6739.65560000
1280         6746.74849000
1281         6753.90249000
1282         6761.05955000
1283         6768.21840000
1284         6775.38027000
1285         6782.54516000
1286         6789.71299000
1287         6796.88257000
1288         6804.05551000
1289         6811.23011000
1290         6818.40761000
1291         6825.58882000
1292         6832.77208000
1293         6840.01725000
1294         6847.20582000
1295         6854.39676000
1296         6861.59045000
1297         6868.78738000
1298         6875.98577000
1299         6883.18731000
1300         6890.45140000
1301         6897.65796000
1302         6904.86802000
1303         6912.07989000
1304         6919.29440000
1305         6926.57202000
1306         6933.79178000
1307         6941.01536000
1308         6948.24023000
1309         6955.52877000
1310         6962.75917000
1311         6969.99205000
1312         6977.28870000
1313         6984.52782000
1314         6991.76810000
1315         6999.07356000
1316         7006.31913000
1317         7013.62949000
1318         7020.88154000
1319         7028.19718000
1320         7035.45397000
1321         7042.71350000
1322         7050.03709000
1323         7057.30248000
1324         7064.63159000
1325         7071.90108000
1326         7079.23564000
1327         7086.51087000
1328         7093.85080000
1329         7101.19380000
1330         7108.47733000
1331         7115.82474000
1332         7123.11384000
1333         7130.46642000
1334         7137.82334000
1335         7145.11999000
1336         7152.48112000
1337         7159.84478000
1338         7167.15017000
1339         7174.52008000
1340         7181.89207000
1341         7189.20467000
1342         7196.58240000
1343         7203.96254000
1344         7211.34553000
1345         7218.66926000
1346         7226.05785000
1347         7233.44877000
1348         7240.84293000
1349         7248.23938000
1350         7255.57671000
1351         7262.97858000
1352         7270.38314000
1353         7277.79087000
1354         7285.20078000
1355         7292.61468000
1356         7300.02987000
1357         7307.44861000
1358         7314.80589000
1359         7322.22974000
1360         7329.65568000
1361         7337.08644000
1362         7344.51790000
1363         7351.95281000
1364         7359.38973000
1365         7366.83005000
1366         7374.27322000
1367         7381.71936000
1368         7389.16697000
1369         7396.68157000
1370         7404.13540000
1371         7411.59294000
1372         7419.05147000
1373         7426.51326000
1374         7433.97829000
1375         7441.44562000
1376         7448.91569000
1377         7456.38887000
1378         7463.92895000
1379         7471.40670000
1380         7478.88807000
1381         7486.37161000
1382         7493.85916000
1383         7501.41230000
1384         7508.90422000
1385         7516.39873000
1386         7523.89579000
1387         7531.46182000
1388         7538.96450000
1389         7546.46966000
1390         7554.04301000
1391         7561.55370000
1392         7569.06732000
1393         7576.65011000
1394         7584.16914000
1395         7591.69106000
1396         7599.28135000
1397         7606.80807000
1398         7614.40462000
1399         7621.93755000
1400         7629.47330000
1401         7637.07657000
1402         7644.61794000
1403         7652.22882000
1404         7659.77473000
1405         7667.38980000
1406         7674.94219000
1407         7682.56282000
1408         7690.12104000
1409         7697.74715000
1410         7705.31028000
1411         7712.94230000
1412         7720.51022000
1413         7728.14758000
1414         7735.78853000
1415         7743.36577000
1416         7751.01104000
1417         7758.59390000
1418         7766.24486000
1419         7773.89982000
1420         7781.49024000
1421         7789.14987000
1422         7796.81252000
1423         7804.41139000
1424         7812.08045000
1425         7819.75160000
1426         7827.35819000
1427         7835.03522000
1428         7842.71418000
1429         7850.39657000
1430         7858.01615000
1431         7865.70380000
1432         7873.39433000
1433         7881.08721000
1434         7888.78398000
1435         7896.41652000
1436         7904.11891000
1437         7911.82302000
1438         7919.53047000
1439         7927.24065000
1440         7934.95507000
1441         7942.67025000
1442         7950.32188000
1443         7958.04293000
1444         7965.76773000
1445         7973.49415000
1446         7981.22573000
1447         7988.95795000
1448         7996.69389000
1449         8004.43185000
1450         8012.17349000
1451         8019.91811000
1452         8027.66489000
1453         8035.41471000
1454         8043.16710000
1455         8050.92195000
1456         8058.68186000
1457         8066.44279000
1458         8074.20668000
1459         8081.97357000
1460         8089.74231000
1461         8097.51555000
1462         8105.35898000
1463         8113.13662000
1464         8120.91713000
1465         8128.70162000
1466         8136.48735000
1467         8144.27800000
1468         8152.06940000
1469         8159.93281000
1470         8167.73100000
1471         8175.53142000
1472         8183.33561000
1473         8191.14217000
1474         8199.01919000
1475         8206.83125000
1476         8214.64660000
1477         8222.46449000
1478         8230.35366000
1479         8238.17708000
1480         8246.00375000
1481         8253.83191000
1482         8261.73401000
1483         8269.56914000
1484         8277.40628000
1485         8285.31540000
1486         8293.15825000
1487         8301.00483000
1488         8308.92388000
1489         8316.77496000
1490         8324.69871000
1491         8332.55653000
1492         8340.41622000
1493         8348.35026000
1494         8356.21489000
1495         8364.15466000
1496         8372.02587000
1497         8379.96998000
1498         8387.84811000
1499         8395.79829000
1500         8403.68076000
1501         8411.56609000
1502         8419.52455000
1503         8427.41785000
1504         8435.38215000
1505         8443.34940000
1506         8451.24917000
1507         8459.22225000
1508         8467.12763000
1509         8475.10793000
1510         8483.01955000
1511         8491.00454000
1512         8498.99176000
1513         8506.91105000
1514         8514.90665000
1515         8522.83194000
1516         8530.83085000
1517         8538.83245000
1518         8546.76763000
1519         8554.77631000
1520         8562.78723000
1521         8570.72970000
1522         8578.74660000
1523         8586.76556000
1524         8594.78937000
1525         8602.74281000
1526         8610.77200000
1527         8618.80318000
1528         8626.76544000
1529         8634.80238000
1530         8642.84409000
1531         8650.88671000
1532         8658.93240000
1533         8666.90831000
1534         8674.96143000
1535         8683.01626000
1536         8691.07372000
1537         8699.13427000
1538         8707.12526000
1539         8715.19119000
1540         8723.26121000
1541         8731.33378000
1542         8739.40818000
1543         8747.48550000
1544         8755.56636000
1545         8763.65189000
1546         8771.73805000
1547         8779.82772000
1548         8787.84662000
1549         8795.94264000
1550         8804.04037000
1551         8812.14259000
1552         8820.24599000
1553         8828.35411000
1554         8836.46378000
1555         8844.57562000
1556         8852.69254000
1557         8860.81187000
1558         8868.93323000
1559         8877.05680000
1560         8885.18435000
1561         8893.31626000
1562         8901.44918000
1563         8909.65807000
1564         8917.79834000
1565         8925.93997000
1566         8934.08599000
1567         8942.23350000
1568         8950.38499000
1569         8958.53777000
1570         8966.69438000
1571         8974.85466000
1572         8983.09206000
1573         8991.25703000
1574         8999.42455000
1575         9007.59585000
1576         9015.77102000
1577         9023.94898000
1578         9032.20246000
1579         9040.38561000
1580         9048.57134000
1581         9056.76008000
1582         9065.02708000
1583         9073.22140000
1584         9081.41995000
1585         9089.61962000
1586         9097.89731000
1587         9106.10536000
1588         9114.31479000
1589         9122.52643000
1590         9130.81622000
1591         9139.03516000
1592         9147.25678000
1593         9155.55557000
1594         9163.78193000
1595         9172.01320000
1596         9180.32017000
1597         9188.55700000
1598         9196.79551000
1599         9205.11263000
1600         9213.35750000
1601         9221.67965000
1602         9229.92956000
1603         9238.18466000
1604         9246.51604000
1605         9254.77557000
1606         9263.11255000
1607         9271.37838000
1608         9279.72270000
1609         9287.99322000
1610         9296.26705000
1611         9304.61993000
1612         9312.89921000
1613         9321.25857000
1614         9329.54441000
1615         9337.91016000
1616         9346.20134000
1617         9354.57106000
1618         9362.94721000
1619         9371.24690000
1620         9379.62582000
1621         9387.93202000
1622         9396.31824000
1623         9404.63128000
1624         9413.02258000
1625         9421.41648000
1626         9429.73867000
1627         9438.13843000
1628         9446.46547000
1629         9454.87333000
1630         9463.28335000
1631         9471.61913000
1632         9480.03399000
1633         9488.45133000
1634         9496.79834000
1635         9505.22251000
1636         9513.64987000
1637         9522.00276000
1638         9530.43776000
1639         9538.87481000
1640         9547.23666000
1641         9555.67865000
1642         9564.12524000
1643         9572.49609000
1644         9580.94816000
1645         9589.40367000
1646         9597.86074000
1647         9606.32070000
1648         9614.70700000
1649         9623.17546000
1650         9631.64428000
1651         9640.11669000
1652         9648.51444000
1653         9656.99412000
1654         9665.47637000
1655         9673.96042000
1656         9682.44724000
1657         9690.93851000
1658         9699.35380000
1659         9707.85048000
1660         9716.35058000
1661         9724.85438000
1662         9733.36026000
1663         9741.86820000
1664         9750.37895000
1665         9758.89644000
1666         9767.33507000
1667         9775.85538000
1668         9784.37907000
1669         9792.90629000
1670         9801.43664000
1671         9809.96916000
1672         9818.50579000
1673         9827.04434000
1674         9835.58558000
1675         9844.13127000
1676         9852.68065000
1677         9861.23048000
1678         9869.78497000
1679         9878.34128000
1680         9886.90296000
1681         9895.46589000
1682         9904.03139000
1683         9912.60008000
1684         9921.17291000
1685         9929.74849000
1686         9938.32621000
1687         9946.90706000
1688         9955.49202000
1689         9964.07848000
1690         9972.74892000
1691         9981.34259000
1692         9989.93950000
1693         9998.53867000
1694        10007.14025000
1695        10015.74424000
1696        10024.35549000
1697        10032.96567000
1698        10041.57966000
1699        10050.27822000
1700        10058.89839000
1701        10067.52269000
1702        10076.14893000
1703        10084.77891000
1704        10093.49140000
1705        10102.12661000
1706        10110.76609000
1707        10119.40889000
1708        10128.05228000
1709        10136.77999000
1710        10145.43075000
1711        10154.08592000
1712        10162.74332000
1713        10171.48292000
1714        10180.14532000
1715        10188.81170000
1716        10197.48186000
1717        10206.23461000
1718        10214.90863000
1719        10223.58787000
1720        10232.26834000
1721        10241.03378000
1722        10249.72070000
1723        10258.41112000
1724        10267.18541000
1725        10275.88137000
1726        10284.58222000
1727        10293.36582000
1728        10302.07070000
1729        10310.77922000
1730        10319.57202000
1731        10328.28715000
1732        10337.08605000
1733        10345.80613000
1734        10354.53043000
1735        10363.33835000
1736        10372.06790000
1737        10380.88323000
1738        10389.61970000
1739        10398.35798000
1740        10407.18155000
1741        10415.92581000
1742        10424.75754000
1743        10433.50838000
1744        10442.34402000
1745        10451.10009000
1746        10459.94407000
1747        10468.70721000
1748        10477.55559000
1749        10486.32480000
1750        10495.17990000
1751        10503.95485000
1752        10512.81613000
1753        10521.59852000
1754        10530.46585000
1755        10539.25211000
1756        10548.12537000
1757        10556.92023000
1758        10565.79981000
1759        10574.68190000
1760        10583.48348000
1761        10592.37359000
1762        10601.18278000
1763        10610.07753000
1764        10618.89242000
1765        10627.79378000
1766        10636.69732000
1767        10645.52275000
1768        10654.43259000
1769        10663.34661000
1770        10672.17993000
1771        10681.09929000
1772        10689.93909000
1773        10698.86552000
1774        10707.79471000
1775        10716.64246000
1776        10725.57708000
1777        10734.51751000
1778        10743.37436000
1779        10752.31888000
1780        10761.26722000
1781        10770.21755000
1782        10779.08843000
1783        10788.04469000
1784        10797.00589000
1785        10805.88479000
1786        10814.85002000
1787        10823.81961000
1788        10832.79323000
1789        10841.68455000
1790        10850.66235000
1791        10859.64385000
1792        10868.62996000
1793        10877.61850000
1794        10886.52473000
1795        10895.51857000
1796        10904.51697000
1797        10913.51646000
1798        10922.52086000
1799        10931.44265000
1800        10940.45316000
1801        10949.46538000
1802        10958.48049000
1803        10967.50141000
1804        10976.52457000
1805        10985.46442000
1806        10994.49135000
1807        11003.52436000
1808        11012.55892000
1809        11021.59731000
1810        11030.63754000
1811        11039.68246000
1812        11048.72893000
1813        11057.69454000
1814        11066.74716000
1815        11075.80416000
1816        11084.86362000
1817        11093.92579000
1818        11102.99198000
1819        11112.06285000
1820        11121.13448000
1821        11130.20876000
1822        11139.28640000
1823        11148.37062000
1824        11157.45422000
1825        11166.54210000
1826        11175.63161000
1827        11184.72636000
1828        11193.82405000
1829        11202.92437000
1830        11212.02656000
1831        11221.13366000
1832        11230.24330000
1833        11239.35581000
1834        11248.47217000
1835        11257.59074000
1836        11266.71348000
1837        11275.83701000
1838        11284.96772000
1839        11294.09856000
1840        11303.23254000
1841        11312.36993000
1842        11321.51045000
1843        11330.65641000
1844        11339.80242000
1845        11349.03972000
1846        11358.19323000
1847        11367.34880000
1848        11376.50977000
1849        11385.67172000
1850        11394.83771000
1851        11404.00600000
1852        11413.17729000
1853        11422.44154000
1854        11431.62016000
1855        11440.80075000
1856        11449.98459000
1857        11459.17239000
1858        11468.36448000
1859        11477.64634000
1860        11486.84225000
1861        11496.04411000
1862        11505.24611000
1863        11514.45337000
1864        11523.66243000
1865        11532.96358000
1866        11542.17941000
1867        11551.39736000
1868        11560.62053000
1869        11569.93487000
1870        11579.16263000
1871        11588.39318000
1872        11597.62784000
1873        11606.95627000
1874        11616.19650000
1875        11625.43977000
1876        11634.68681000
1877        11644.02568000
1878        11653.27989000
1879        11662.53645000
1880        11671.88390000
1881        11681.14723000
1882        11690.41321000
1883        11699.68354000
1884        11709.04426000
1885        11718.31989000
1886        11727.59813000
1887        11736.96825000
1888        11746.25449000
1889        11755.54192000
1890        11764.92241000
1891        11774.21532000
1892        11783.51397000
1893        11792.90432000
1894        11802.20806000
1895        11811.60358000
1896        11820.91376000
1897        11830.22675000
1898        11839.63272000
1899        11848.95176000
1900        11858.36459000
1901        11867.68923000
1902        11877.01736000
1903        11886.44047000
1904        11895.77670000
1905        11905.20368000
1906        11914.54506000
1907        11923.97834000
1908        11933.32841000
1909        11942.67832000
1910        11952.12241000
1911        11961.47844000
1912        11970.93057000
1913        11980.29410000
1914        11989.75020000
1915        11999.12054000
1916        12008.58350000
1917        12017.95874000
1918        12027.42920000
1919        12036.81223000
1920        12046.28730000
1921        12055.67514000
1922        12065.15729000
1923        12074.55429000
1924        12084.04313000
1925        12093.44341000
1926        12102.93740000
1927        12112.34643000
1928        12121.84847000
1929        12131.35275000
1930        12140.76890000
1931        12150.28084000
1932        12159.70342000
1933        12169.22255000
1934        12178.65076000
1935        12188.17603000
1936        12197.70266000
1937        12207.14076000
1938        12216.67560000
1939        12226.12110000
1940        12235.66010000
1941        12245.20304000
1942        12254.65864000
1943        12264.20970000
1944        12273.76170000
1945        12283.22468000
1946        12292.78518000
1947        12302.25427000
1948        12311.82165000
1949        12321.38954000
1950        12330.86963000
1951        12340.44516000
1952        12350.02262000
1953        12359.51242000
1954        12369.09823000
1955        12378.68555000
1956        12388.18395000
1957        12397.77841000
1958        12407.37851000
1959        12416.97821000
1960        12426.48914000
1961        12436.09590000
1962        12445.70717000
1963        12455.22866000
1964        12464.84462000
1965        12474.46584000
1966        12484.08921000
1967        12493.62224000
1968        12503.25207000
1969        12512.88566000
1970        12522.52212000
1971        12532.06722000
1972        12541.70936000
1973        12551.35662000
1974        12561.00602000
1975        12570.65746000
1976        12580.21919000
1977        12589.87778000
1978        12599.54144000
1979        12609.20560000
1980        12618.87413000
1981        12628.45147000
1982        12638.12545000
1983        12647.80487000
1984        12657.48592000
1985        12667.17089000
1986        12676.85736000
1987        12686.45389000
1988        12696.14881000
1989        12705.84730000
1990        12715.54646000
1991        12725.24947000
1992        12734.95633000
1993        12744.66775000
1994        12754.28568000
1995        12764.00198000
1996        12773.72250000
1997        12783.44520000
1998        12793.17160000
1999        12802.90107000
2000        12812.63474000
2001        12822.36973000
2002        12832.10847000
2003        12841.85168000
2004        12851.59710000
2005        12861.25032000
2006        12871.00190000
2007        12880.75640000
2008        12890.51735000
2009        12900.27843000
2010        12910.04194000
2011        12919.80913000
2012        12929.58165000
2013        12939.35688000
2014        12949.13421000
2015        12958.91393000
2016        12968.69896000
2017        12978.48665000
2018        12988.27764000
2019        12998.07018000
2020        13007.86755000
2021        13017.66724000
2022        13027.47249000
2023        13037.27849000
2024        13047.08804000
2025        13056.90031000
2026        13066.71692000
2027        13076.53905000
2028        13086.36107000
2029        13096.18531000
2030        13106.01431000
2031        13115.84807000
2032        13125.68430000
2033        13135.52290000
2034        13145.36413000
2035        13155.20962000
2036        13165.15440000
2037        13175.00754000
2038        13184.86253000
2039        13194.72138000
2040        13204.58107000
2041        13214.44541000
2042        13224.31517000
2043        13234.18673000
2044        13244.06035000
2045        13253.93732000
2046        13263.91526000
2047        13273.80099000
2048        13283.68763000
2049        13293.57711000
2050        13303.47165000
2051        13313.36819000
2052        13323.26875000
2053        13333.17231000
2054        13343.17670000
2055        13353.08681000
2056        13362.99803000
2057        13372.91537000
2058        13382.83567000
2059        13392.75834000
2060        13402.78159000
2061        13412.71071000
2062        13422.64508000
2063        13432.57972000
2064        13442.51751000
2065        13452.55790000
2066        13462.50629000
2067        13472.45405000
2068        13482.40494000
2069        13492.35943000
2070        13502.41756000
2071        13512.37990000
2072        13522.34289000
2073        13532.31112000
2074        13542.38148000
2075        13552.35505000
2076        13562.33461000
2077        13572.31610000
2078        13582.39803000
2079        13592.38562000
2080        13602.37537000
2081        13612.37107000
2082        13622.46712000
2083        13632.46723000
2084        13642.46946000
2085        13652.47685000
2086        13662.58763000
2087        13672.60012000
2088        13682.61604000
2089        13692.73555000
2090        13702.75871000
2091        13712.78555000
2092        13722.91310000
2093        13732.94687000
2094        13742.98213000
2095        13753.12038000
2096        13763.16356000
2097        13773.21070000
2098        13783.35904000
2099        13793.41103000
2100        13803.46583000
2101        13813.62635000
2102        13823.68731000
2103        13833.75106000
2104        13843.92040000
2105        13853.99250000
2106        13864.06814000
2107        13874.24508000
2108        13884.32738000
2109        13894.51185000
2110        13904.60129000
2111        13914.69092000
2112        13924.88562000
2113        13934.98348000
2114        13945.18369000
2115        13955.28912000
2116        13965.39697000
2117        13975.60728000
2118        13985.72099000
2119        13995.93812000
2120        14006.06019000
2121        14016.18375000
2122        14026.41085000
2123        14036.53963000
2124        14046.77400000
2125        14056.91249000
2126        14067.15212000
2127        14077.29519000
2128        14087.54290000
2129        14097.69108000
2130        14107.94620000
2131        14118.10374000
2132        14128.26145000
2133        14138.52458000
2134        14148.69018000
2135        14158.96294000
2136        14169.13407000
2137        14179.41164000
2138        14189.58970000
2139        14199.87598000
2140        14210.05980000
2141        14220.34993000
2142        14230.53973000
2143        14240.83769000
2144        14251.13893000
2145        14261.34119000
2146        14271.64618000
2147        14281.85522000
2148        14292.16795000
2149        14302.38251000
2150        14312.70295000
2151        14322.92488000
2152        14333.25064000
2153        14343.47777000
2154        14353.81141000
2155        14364.14776000
2156        14374.38472000
2157        14384.72719000
2158        14394.97133000
2159        14405.32307000
2160        14415.57169000
2161        14425.92835000
2162        14436.28880000
2163        14446.54854000
2164        14456.91430000
2165        14467.18051000
2166        14477.55499000
2167        14487.92931000
2168        14498.20584000
2169        14508.58906000
2170        14518.97598000
2171        14529.26172000
2172        14539.65358000
2173        14549.94586000
2174        14560.34653000
2175        14570.74846000
2176        14581.04982000
2177        14591.45900000
2178        14601.87356000
2179        14612.18534000
2180        14622.60386000
2181        14633.02508000
2182        14643.34661000
2183        14653.77824000
2184        14664.20930000
2185        14674.54231000
2186        14684.97956000
2187        14695.42128000
2188        14705.76317000
2189        14716.21257000
2190        14726.66397000
2191        14737.01607000
2192        14747.47531000
2193        14757.93877000
2194        14768.40327000
2195        14778.76579000
2196        14789.23877000
2197        14799.71608000
2198        14810.08882000
2199        14820.57126000
2200        14831.05467000
2201        14841.54308000
2202        14851.93176000
2203        14862.42699000
2204        14872.92407000
2205        14883.42676000
2206        14893.82618000
2207        14904.33582000
2208        14914.84708000
2209        14925.36235000
2210        14935.88100000
2211        14946.29607000
2212        14956.82473000
2213        14967.35087000
2214        14977.88192000
2215        14988.31074000
2216        14998.85174000
2217        15009.39176000
2218        15019.93759000
2219        15030.48420000
2220        15040.93052000
2221        15051.48700000
2222        15062.04402000
2223        15072.60430000
2224        15083.16942000
2225        15093.73778000
2226        15104.20412000
2227        15114.77794000
2228        15125.35658000
2229        15135.93842000
2230        15146.52185000
2231        15157.11093000
2232        15167.59659000
2233        15178.19017000
2234        15188.78758000
2235        15199.38908000
2236        15209.99620000
2237        15220.60304000
2238        15231.21368000
2239        15241.72162000
2240        15252.34024000
2241        15262.96177000
2242        15273.58477000
2243        15284.21316000
2244        15294.84394000
2245        15305.48028000
2246        15316.11692000
2247        15326.75754000
2248        15337.29565000
2249        15347.94298000
2250        15358.59516000
2251        15369.24922000
2252        15379.90559000
2253        15390.56564000
2254        15401.23033000
2255        15411.89982000
2256        15422.57045000
2257        15433.24475000
2258        15443.92033000
2259        15454.60401000
2260        15465.28878000
2261        15475.97481000
2262        15486.55824000
2263        15497.25242000
2264        15507.95133000
2265        15518.65033000
2266        15529.35652000
2267        15540.06294000
2268        15550.77222000
2269        15561.48788000
2270        15572.20525000
2271        15582.92642000
2272        15593.64945000
2273        15604.37699000
2274        15615.10991000
2275        15625.84305000
2276        15636.57970000
2277        15647.32084000
2278        15658.06659000
2279        15668.81326000
2280        15679.56341000
2281        15690.31631000
2282        15701.07535000
2283        15711.83728000
2284        15722.59908000
2285        15733.36800000
2286        15744.13864000
2287        15754.91197000
2288        15765.68887000
2289        15776.47099000
2290        15787.36410000
2291        15798.15062000
2292        15808.93978000
2293        15819.73690000
2294        15830.53381000
2295        15841.33333000
2296        15852.13720000
2297        15862.94728000
2298        15873.75807000
2299        15884.57047000
2300        15895.38718000
2301        15906.20820000
2302        15917.03366000
2303        15927.85880000
2304        15938.79919000
2305        15949.63469000
2306        15960.47096000
2307        15971.31240000
2308        15982.15544000
2309        15993.00349000
2310        16003.85404000
2311        16014.70895000
2312        16025.56620000
2313        16036.42668000
2314        16047.40008000
2315        16058.26727000
2316        16069.13879000
2317        16080.01437000
2318        16090.88959000
2319        16101.76900000
2320        16112.65435000
2321        16123.65305000
2322        16134.54321000
2323        16145.43654000
2324        16156.33400000
2325        16167.23381000
2326        16178.13967000
2327        16189.15707000
2328        16200.06830000
2329        16210.98184000
2330        16221.89961000
2331        16232.81955000
2332        16243.74538000
2333        16254.78210000
2334        16265.71332000
2335        16276.64692000
2336        16287.58627000
2337        16298.52605000
2338        16309.58054000
2339        16320.52744000
2340        16331.48031000
2341        16342.43344000
2342        16353.38957000
2343        16364.46265000
2344        16375.42879000
2345        16386.39515000
2346        16397.36549000
2347        16408.33880000
2348        16419.42927000
2349        16430.41068000
2350        16441.39410000
2351        16452.38147000
2352        16463.48414000
2353        16474.47759000
2354        16485.47590000
2355        16496.47804000
2356        16507.59296000
2357        16518.60009000
2358        16529.61225000
2359        16540.62719000
2360        16551.75691000
2361        16562.77593000
2362        16573.79967000
2363        16584.83025000
2364        16595.97281000
2365        16607.00629000
2366        16618.04174000
2367        16629.19790000
2368        16640.24200000
2369        16651.28898000
2370        16662.34062000
2371        16673.50751000
2372        16684.56389000
2373        16695.62708000
2374        16706.80451000
2375        16717.87040000
2376        16728.94196000
2377        16740.13098000
2378        16751.21011000
2379        16762.28815000
2380        16773.48559000
2381        16784.57305000
2382        16795.66622000
2383        16806.87504000
2384        16817.97076000
2385        16829.07018000
2386        16840.28927000
2387        16851.39811000
2388        16862.51056000
2389        16873.73794000
2390        16884.85586000
2391        16895.97840000
2392        16907.21695000
2393        16918.34186000
2394        16929.47531000
2395        16940.72200000
2396        16951.86283000
2397        16963.11689000
2398        16974.26090000
2399        16985.40955000
2400        16996.67356000
2401        17007.83146000
2402        17018.98793000
2403        17030.26482000
2404        17041.42741000
2405        17052.71359000
2406        17063.88334000
2407        17075.05662000
2408        17086.34859000
2409        17097.53095000
2410        17108.83214000
2411        17120.02052000
2412        17131.32580000
2413        17142.52123000
2414        17153.72021000
2415        17165.03614000
2416        17176.24102000
2417        17187.56602000
2418        17198.77589000
2419        17210.10694000
2420        17221.32574000
2421        17232.54691000
2422        17243.88644000
2423        17255.11451000
2424        17266.46399000
2425        17277.69894000
2426        17289.05333000
2427        17300.29205000
2428        17311.65635000
2429        17322.90495000
2430        17334.27210000
2431        17345.52534000
2432        17356.78501000
2433        17368.16341000
2434        17379.42780000
2435        17390.81298000
2436        17402.08503000
2437        17413.47592000
2438        17424.75468000
2439        17436.15233000
2440        17447.43974000
2441        17458.84412000
2442        17470.13602000
2443        17481.54710000
2444        17492.84663000
2445        17504.26534000
2446        17515.57035000
2447        17526.99777000
2448        17538.30931000
2449        17549.74018000
2450        17561.06026000
2451        17572.49979000
2452        17583.94260000
2453        17595.27131000
2454        17606.72065000
2455        17618.05578000
2456        17629.51469000
2457        17640.85512000
2458        17652.31842000
2459        17663.66728000
2460        17675.13702000
2461        17686.49320000
2462        17697.96936000
2463        17709.33182000
2464        17720.81534000
2465        17732.30417000
2466        17743.67496000
2467        17755.17011000
2468        17766.54712000
2469        17778.04857000
2470        17789.43597000
2471        17800.94361000
2472        17812.45339000
2473        17823.84894000
2474        17835.36495000
2475        17846.77082000
2476        17858.29404000
2477        17869.82248000
2478        17881.23428000
2479        17892.77099000
2480        17904.18883000
2481        17915.73055000
2482        17927.27536000
2483        17938.70433000
2484        17950.25946000
2485        17961.69330000
2486        17973.25337000
2487        17984.81546000
2488        17996.26135000
2489        18007.83046000
2490        18019.40258000
2491        18030.85732000
2492        18042.43754000
2493        18053.90239000
2494        18065.48742000
2495        18077.07757000
2496        18088.54789000
2497        18100.14606000
2498        18111.74609000
2499        18123.22829000
2500        18134.83414000
2501        18146.44400000
2502        18157.94018000
2503        18169.55579000
2504        18181.17430000
2505        18192.67681000
2506        18204.30432000
2507        18215.93578000
2508        18227.44890000
2509        18239.08604000
2510        18250.72716000
2511        18262.25188000
2512        18273.89861000
2513        18285.54927000
2514        18297.08342000
2515        18308.73965000
2516        18320.40085000
2517        18332.06711000
2518        18343.61331000
2519        18355.28285000
2520        18366.95958000
2521        18378.51833000
2522        18390.19834000
2523        18401.88221000
2524        18413.44901000
2525        18425.14272000
2526        18436.83809000
2527        18448.53618000
2528        18460.11584000
2529        18471.82370000
2530        18483.53210000
2531        18495.24428000
2532        18506.83668000
2533        18518.55641000
2534        18530.27987000
2535        18542.00605000
2536        18553.61447000
2537        18565.34588000
2538        18577.08218000
2539        18588.82331000
2540        18600.44424000
2541        18612.18947000
2542        18623.93957000
2543        18635.69446000
2544        18647.32895000
2545        18659.08787000
2546        18670.85165000
2547        18682.61685000
2548        18694.26811000
2549        18706.04178000
2550        18717.81799000
2551        18729.59786000
2552        18741.38362000
2553        18753.04846000
2554        18764.83811000
2555        18776.63141000
2556        18788.42950000
2557        18800.10973000
2558        18811.91388000
2559        18823.72165000
2560        18835.53302000
2561        18847.34908000
2562        18859.04369000
2563        18870.86582000
2564        18882.69037000
2565        18894.51851000
2566        18906.35129000
2567        18918.18772000
2568        18929.90227000
2569        18941.74460000
2570        18953.59155000
2571        18965.44096000
2572        18977.29157000
2573        18989.14804000
2574        19000.88227000
2575        19012.74796000
2576        19024.61375000
2577        19036.48185000
2578        19048.35462000
2579        19060.23312000
2580        19071.98913000
2581        19083.87228000
2582        19095.75771000
2583        19107.64778000
2584        19119.54355000
2585        19131.43933000
2586        19143.33972000
2587        19155.11948000
2588        19167.02776000
2589        19178.93718000
2590        19190.85238000
2591        19202.76980000
2592        19214.68942000
2593        19226.61471000
2594        19238.54348000
2595        19250.47324000
2596        19262.28305000
2597        19274.22296000
2598        19286.16514000
2599        19298.10946000
2600        19310.05714000
2601        19322.00694000
2602        19333.96476000
2603        19345.92360000
2604        19357.88456000
2605        19369.72506000
2606        19381.69607000
2607        19393.66807000
2608        19405.64336000
2609        19417.62072000
2610        19429.60376000
2611        19441.59237000
2612        19453.58072000
2613        19465.57234000
2614        19477.56962000
2615        19489.57121000
2616        19501.57374000
2617        19513.58070000
2618        19525.59088000
2619        19537.47619000
2620        19549.49626000
2621        19561.51600000
2622        19573.53893000
2623        19585.56504000
2624        19597.59786000
2625        19609.63276000
2626        19621.66958000
2627        19633.70835000
2628        19645.75269000
2629        19657.80375000
2630        19669.85439000
2631        19681.90814000
2632        19693.96502000
2633        19706.02858000
2634        19718.09414000
2635        19730.16033000
2636        19742.23209000
2637        19754.30814000
2638        19766.38718000
2639        19778.46940000
2640        19790.55468000
2641        19802.64304000
2642        19814.73801000
2643        19826.83245000
2644        19838.93242000
2645        19851.03416000
2646        19863.14017000
2647        19875.25154000
2648        19887.36486000
2649        19899.48113000
2650        19911.59916000
2651        19923.72380000
2652        19935.85156000
2653        19947.98104000
2654        19960.11473000
2655        19972.25015000
2656        19984.39337000
2657        19996.53594000
2658        20008.68270000
2659        20020.83239000
2660        20032.98990000
2661        20045.14669000
2662        20057.30641000
2663        20069.47154000
2664        20081.63959000
2665        20093.81163000
2666        20105.98544000
2667        20118.16339000
2668        20130.34549000
2669        20142.53282000
2670        20154.72066000
2671        20166.91386000
2672        20179.23566000
2673        20191.43332000
2674        20203.63748000
2675        20215.84463000
2676        20228.05330000
2677        20240.26481000
2678        20252.48275000
2679        20264.70242000
2680        20276.92356000
2681        20289.15006000
2682        20301.37932000
2683        20313.61503000
2684        20325.84984000
2685        20338.08993000
2686        20350.46180000
2687        20362.71242000
2688        20374.96209000
2689        20387.21578000
2690        20399.47091000
2691        20411.73502000
2692        20423.99810000
2693        20436.26522000
2694        20448.53501000
2695        20460.81136000
2696        20473.21970000
2697        20485.49889000
2698        20497.78462000
2699        20510.07298000
2700        20522.36514000
2701        20534.66140000
2702        20546.95901000
2703        20559.26055000
2704        20571.56469000
2705        20584.00645000
2706        20596.31980000
2707        20608.63314000
2708        20620.95297000
2709        20633.27654000
2710        20645.60289000
2711        20657.93179000
2712        20670.39352000
2713        20682.73022000
2714        20695.07324000
2715        20707.41505000
2716        20719.76199000
2717        20732.11150000
2718        20744.46731000
2719        20756.95380000
2720        20769.31352000
2721        20781.67707000
2722        20794.04696000
2723        20806.41814000
2724        20818.79049000
2725        20831.30156000
2726        20843.68155000
2727        20856.06780000
2728        20868.45536000
2729        20880.84541000
2730        20893.24051000
2731        20905.77180000
2732        20918.17311000
2733        20930.57825000
2734        20942.98714000
2735        20955.39839000
2736        20967.94735000
2737        20980.36748000
2738        20992.78731000
2739        21005.21351000
2740        21017.64462000
2741        21030.07694000
2742        21042.64474000
2743        21055.08312000
2744        21067.52905000
2745        21079.97617000
2746        21092.55757000
2747        21105.00940000
2748        21117.46627000
2749        21129.93059000
2750        21142.39338000
2751        21154.99204000
2752        21167.46354000
2753        21179.93849000
2754        21192.41586000
2755        21204.89554000
2756        21217.51401000
2757        21230.00095000
2758        21242.49401000
2759        21254.98814000
2760        21267.61994000
2761        21280.12129000
2762        21292.62742000
2763        21305.13591000
2764        21317.78094000
2765        21330.29529000
2766        21342.81571000
2767        21355.33715000
2768        21367.99661000
2769        21380.52517000
2770        21393.05866000
2771        21405.59547000
2772        21418.26796000
2773        21430.81204000
2774        21443.35830000
2775        21455.90918000
2776        21468.59733000
2777        21481.15411000
2778        21493.71162000
2779        21506.41039000
2780        21518.97885000
2781        21531.54822000
2782        21544.12379000
2783        21556.83532000
2784        21569.41762000
2785        21582.00091000
2786        21594.58895000
2787        21607.31587000
2788        21619.91059000
2789        21632.50903000
2790        21645.24494000
2791        21657.85022000
2792        21670.45890000
2793        21683.20508000
2794        21695.82056000
2795        21708.44086000
2796        21721.06174000
2797        21733.82441000
2798        21746.45351000
2799        21759.08594000
2800        21771.85639000
2801        21784.49813000
2802        21797.14061000
2803        21809.92135000
2804        21822.57197000
2805        21835.22457000
2806        21848.02082000
2807        21860.68006000
2808        21873.34258000
2809        21886.14497000
2810        21898.81816000
2811        21911.49068000
2812        21924.30455000
2813        21936.98364000
2814        21949.67287000
2815        21962.49535000
2816        21975.18569000
2817        21987.87927000
2818        22000.71459000
2819        22013.41874000
2820        22026.12350000
2821        22038.96584000
2822        22051.68002000
2823        22064.39717000
2824        22077.25077000
2825        22089.97321000
2826        22102.69883000
2827        22115.56364000
2828        22128.29975000
2829        22141.17116000
2830        22153.91101000
2831        22166.65414000
2832        22179.53916000
2833        22192.29011000
2834        22205.04268000
2835        22217.93629000
2836        22230.69927000
2837        22243.59939000
2838        22256.36600000
2839        22269.13584000
2840        22282.04680000
2841        22294.82851000
2842        22307.74440000
2843        22320.52967000
2844        22333.31648000
2845        22346.24895000
2846        22359.04343000
2847        22371.84110000
2848        22384.78025000
2849        22397.58820000
2850        22410.53370000
2851        22423.34509000
2852        22436.29676000
2853        22449.11992000
2854        22461.94190000
2855        22474.90582000
2856        22487.73397000
2857        22500.70553000
2858        22513.54388000
2859        22526.38406000
2860        22539.36487000
2861        22552.21102000
2862        22565.20208000
2863        22578.05570000
2864        22591.05167000
2865        22603.91135000
2866        22616.77802000
2867        22629.78310000
2868        22642.65468000
2869        22655.66571000
2870        22668.54452000
2871        22681.56588000
2872        22694.45223000
2873        22707.33989000
2874        22720.36895000
2875        22733.26664000
2876        22746.30468000
2877        22759.20700000
2878        22772.25089000
2879        22785.16179000
2880        22798.21462000
2881        22811.12870000
2882        22824.18733000
2883        22837.11005000
2884        22850.03844000
2885        22863.10883000
2886        22876.04016000
2887        22889.11643000
2888        22902.05924000
2889        22915.14122000
2890        22928.08848000
2891        22941.17929000
2892        22954.13500000
2893        22967.23304000
2894        22980.19157000
2895        22993.29700000
2896        23006.26692000
2897        23019.37777000
2898        23032.35205000
2899        23045.47042000
2900        23058.45174000
2901        23071.57980000
2902        23084.56674000
2903        23097.70077000
2904        23110.69471000
2905        23123.83716000
2906        23136.83807000
2907        23149.98486000
2908        23162.99433000
2909        23176.14929000
2910        23189.16570000
2911        23202.32674000
2912        23215.35006000
2913        23228.51649000
2914        23241.55105000
2915        23254.72445000
2916        23267.76171000
2917        23280.94206000
2918        23293.99053000
2919        23307.17638000
2920        23320.22729000
2921        23333.42166000
2922        23346.48375000
2923        23359.68501000
2924        23372.74967000
2925        23385.95922000
2926        23399.03503000
2927        23412.25017000
2928        23425.46936000
2929        23438.55169000
2930        23451.78095000
2931        23464.87131000
2932        23478.10427000
2933        23491.19995000
2934        23504.44295000
2935        23517.54826000
2936        23530.79470000
2937        23543.90548000
2938        23557.16027000
2939        23570.42060000
2940        23583.54212000
2941        23596.80798000
2942        23609.93441000
2943        23623.20971000
2944        23636.34287000
2945        23649.62367000
2946        23662.90695000
2947        23676.05073000
2948        23689.34340000
2949        23702.49386000
2950        23715.79197000
2951        23728.95221000
2952        23742.25821000
2953        23755.56698000
2954        23768.73438000
2955        23782.04819000
2956        23795.22646000
2957        23808.54843000
2958        23821.73048000
2959        23835.06226000
2960        23848.39759000
2961        23861.59002000
2962        23874.92748000
2963        23888.12790000
2964        23901.47490000
2965        23914.82734000
2966        23928.03973000
2967        23941.39592000
2968        23954.61287000
2969        23967.97970000
2970        23981.34626000
2971        23994.57511000
2972        24007.94797000
2973        24021.18608000
2974        24034.56861000
2975        24047.95345000
2976        24061.19884000
2977        24074.59447000
2978        24087.98954000
2979        24101.24352000
2980        24114.64650000
2981        24127.90828000
2982        24141.32372000
2983        24154.73709000
2984        24168.00885000
2985        24181.43007000
2986        24194.85639000
2987        24208.13979000
2988        24221.56936000
2989        24234.85899000
2990        24248.30269000
2991        24261.74423000
2992        24275.04519000
2993        24288.49278000
2994        24301.94715000
2995        24315.25814000
2996        24328.71738000
2997        24342.18225000
2998        24355.50586000
2999        24368.97522000
3000        24382.44820000
3001        24395.77886000
3002        24409.25952000
3003        24422.60064000
3004        24436.08747000
3005        24449.57990000
3006        24462.92948000
3007        24476.43068000
3008        24489.93107000
3009        24503.29195000
3010        24516.79844000
3011        24530.31314000
3012        24543.68376000
3013        24557.20490000
3014        24570.72657000
3015        24584.11130000
3016        24597.63874000
3017        24611.17173000
3018        24624.70849000
3019        24638.10192000
3020        24651.65087000
3021        24665.19890000
3022        24678.60342000
3023        24692.15713000
3024        24705.71777000
3025        24719.13334000
3026        24732.69671000
3027        24746.26559000
3028        24759.69687000
3029        24773.27136000
3030        24786.84984000
3031        24800.28556000
3032        24813.87586000
3033        24827.46361000
3034        24841.05505000
3035        24854.50710000
3036        24868.11240000
3037        24881.71484000
3038        24895.17621000
3039        24908.78593000
3040        24922.40255000
3041        24936.01959000
3042        24949.49535000
3043        24963.11810000
3044        24976.74813000
3045        24990.23756000
3046        25003.87117000
3047        25017.51022000
3048        25031.15289000
3049        25044.65321000
3050        25058.30305000
3051        25071.96014000
3052        25085.61382000
3053        25099.13012000
3054        25112.79275000
3055        25126.46050000
3056        25139.98284000
3057        25153.65912000
3058        25167.33782000
3059        25181.02009000
3060        25194.55826000
3061        25208.24872000
3062        25221.94158000
3063        25235.63459000
3064        25249.18668000
3065        25262.88669000
3066        25276.59661000
3067        25290.30921000
3068        25303.87357000
3069        25317.58943000
3070        25331.31179000
3071        25345.03464000
3072        25358.61460000
3073        25372.34437000
3074        25386.08434000
3075        25399.82137000
3076        25413.41498000
3077        25427.15889000
3078        25440.90926000
3079        25454.66007000
3080        25468.41775000
3081        25482.02675000
3082        25495.79459000
3083        25509.55940000
3084        25523.32921000
3085        25536.95353000
3086        25550.73157000
3087        25564.51156000
3088        25578.29526000
3089        25592.08393000
3090        25605.73018000
3091        25619.52401000
3092        25633.32122000
3093        25647.12179000
3094        25660.92763000
3095        25674.58700000
3096        25688.39951000
3097        25702.21537000
3098        25716.03489000
3099        25729.71278000
3100        25743.53704000
3101        25757.36653000
3102        25771.19933000
3103        25785.04009000
3104        25798.72810000
3105        25812.57462000
3106        25826.42253000
3107        25840.27679000
3108        25854.13129000
3109        25867.98749000
3110        25881.69841000
3111        25895.56609000
3112        25909.43398000
3113        25923.30705000
3114        25937.18497000
3115        25950.91531000
3116        25964.79650000
3117        25978.68252000
3118        25992.57178000
3119        26006.46927000
3120        26020.36533000
3121        26034.11744000
3122        26048.01987000
3123        26061.93212000
3124        26075.84097000
3125        26089.75495000
3126        26103.67211000
3127        26117.44342000
3128        26131.37389000
3129        26145.30249000
3130        26159.23266000
3131        26173.16955000
3132        26187.11269000
3133        26200.90300000
3134        26214.84768000
3135        26228.79712000
3136        26242.75707000
3137        26256.71312000
3138        26270.67229000
3139        26284.63655000
3140        26298.45539000
3141        26312.42582000
3142        26326.39971000
3143        26340.37830000
3144        26354.36705000
3145        26368.35021000
3146        26382.33842000
3147        26396.17933000
3148        26410.17676000
3149        26424.17610000
3150        26438.17850000
3151        26452.18395000
3152        26466.20154000
3153        26480.21507000
3154        26494.07766000
3155        26508.09919000
3156        26522.12525000
3157        26536.15282000
3158        26550.18377000
3159        26564.22136000
3160        26578.26145000
3161        26592.30341000
3162        26606.34835000
3163        26620.24348000
3164        26634.29634000
3165        26648.35368000
3166        26662.41449000
3167        26676.48027000
3168        26690.54536000
3169        26704.62021000
3170        26718.69119000
3171        26732.76914000
3172        26746.69640000
3173        26760.78333000
3174        26774.87203000
3175        26788.96568000
3176        26803.06022000
3177        26817.15918000
3178        26831.26155000
3179        26845.36884000
3180        26859.47533000
3181        26873.59156000
3182        26887.55619000
3183        26901.67534000
3184        26915.79899000
3185        26929.92909000
3186        26944.05885000
3187        26958.19145000
3188        26972.32895000
3189        26986.47286000
3190        27000.62013000
3191        27014.76817000
3192        27028.91736000
3193        27043.07628000
3194        27057.08087000
3195        27071.24421000
3196        27085.40868000
3197        27099.58121000
3198        27113.75539000
3199        27127.93235000
3200        27142.11208000
3201        27156.29778000
3202        27170.48510000
3203        27184.67352000
3204        27198.86842000
3205        27213.06762000
3206        27227.27216000
3207        27241.47569000
3208        27255.68570000
3209        27269.89998000
3210        27283.96070000
3211        27298.17922000
3212        27312.40043000
3213        27326.63176000
3214        27340.86255000
3215        27355.09436000
3216        27369.33051000
3217        27383.57300000
3218        27397.81660000
3219        27412.06328000
3220        27426.31430000
3221        27440.57374000
3222        27454.83048000
3223        27469.09196000
3224        27483.35608000
3225        27497.62493000
3226        27511.89966000
3227        27526.17587000
3228        27540.45469000
3229        27554.74079000
3230        27569.03018000
3231        27583.31935000
3232        27597.61280000
3233        27611.90926000
3234        27626.21156000
3235        27640.51529000
3236        27654.82585000
3237        27668.97821000
3238        27683.29711000
3239        27697.61528000
3240        27711.93599000
3241        27726.26136000
3242        27740.59300000
3243        27754.92557000
3244        27769.26326000
3245        27783.60301000
3246        27797.94899000
3247        27812.29419000
3248        27826.64404000
3249        27840.99637000
3250        27855.35663000
3251        27869.71823000
3252        27884.08446000
3253        27898.45316000
3254        27912.82761000
3255        27927.20168000
3256        27941.57989000
3257        27955.96101000
3258        27970.35174000
3259        27984.73989000
3260        27999.13482000
3261        28013.52998000
3262        28027.93304000
3263        28042.33519000
3264        28056.74192000
3265        28071.15104000
3266        28085.56805000
3267        28099.99069000
3268        28114.40961000
3269        28128.83481000
3270        28143.26397000
3271        28157.85427000
3272        28172.28925000
3273        28186.72658000
3274        28201.17178000
3275        28215.62210000
3276        28230.07304000
3277        28244.52409000
3278        28258.98348000
3279        28273.44356000
3280        28287.90595000
3281        28302.37506000
3282        28316.84586000
3283        28331.32398000
3284        28345.80266000
3285        28360.28138000
3286        28374.77190000
3287        28389.25960000
3288        28403.74954000
3289        28418.24619000
3290        28432.75068000
3291        28447.25405000
3292        28461.75964000
3293        28476.26970000
3294        28490.78360000
3295        28505.30256000
3296        28519.82199000
3297        28534.34536000
3298        28549.03883000
3299        28563.57113000
3300        28578.10386000
3301        28592.64102000
3302        28607.18598000
3303        28621.73198000
3304        28636.28014000
3305        28650.83271000
3306        28665.39532000
3307        28679.95444000
3308        28694.51620000
3309        28709.08184000
3310        28723.65577000
3311        28738.23018000
3312        28752.80495000
3313        28767.38636000
3314        28782.13764000
3315        28796.72557000
3316        28811.31559000
3317        28825.91224000
3318        28840.51210000
3319        28855.11517000
3320        28869.71855000
3321        28884.33261000
3322        28898.94756000
3323        28913.56395000
3324        28928.18415000
3325        28942.80690000
3326        28957.59781000
3327        28972.22695000
3328        28986.86041000
3329        29001.50047000
3330        29016.14597000
3331        29030.79004000
3332        29045.43840000
3333        29060.09105000
3334        29074.74911000
3335        29089.40803000
3336        29104.06944000
3337        29118.90071000
3338        29133.57184000
3339        29148.24558000
3340        29162.92180000
3341        29177.60405000
3342        29192.28991000
3343        29206.97656000
3344        29221.66978000
3345        29236.36837000
3346        29251.06542000
3347        29265.92868000
3348        29280.63423000
3349        29295.34567000
3350        29310.05733000
3351        29324.77554000
3352        29339.49617000
3353        29354.22392000
3354        29368.94827000
3355        29383.67917000
3356        29398.57434000
3357        29413.31424000
3358        29428.05540000
3359        29442.80074000
3360        29457.55026000
3361        29472.30508000
3362        29487.05878000
3363        29501.81608000
3364        29516.74274000
3365        29531.51009000
3366        29546.27991000
3367        29561.05206000
3368        29575.83254000
3369        29590.61410000
3370        29605.39629000
3371        29620.34761000
3372        29635.13811000
3373        29649.93623000
3374        29664.73258000
3375        29679.53781000
3376        29694.34238000
3377        29709.15275000
3378        29724.12666000
3379        29738.94358000
3380        29753.76037000
3381        29768.58898000
3382        29783.41394000
3383        29798.24721000
3384        29813.08032000
3385        29828.08250000
3386        29842.92380000
3387        29857.76674000
3388        29872.61557000
3389        29887.46833000
3390        29902.32101000
3391        29917.18257000
3392        29932.20999000
3393        29947.07838000
3394        29961.94543000
3395        29976.81833000
3396        29991.69342000
3397        30006.57791000
3398        30021.62800000
3399        30036.51275000
3400        30051.40577000
3401        30066.30207000
3402        30081.19882000
3403        30096.09955000
3404        30111.16911000
3405        30126.07898000
3406        30140.99416000
3407        30155.90903000
3408        30170.83082000
3409        30185.91810000
3410        30200.84246000
3411        30215.77261000
3412        30230.70845000
3413        30245.64466000
3414        30260.58913000
3415        30275.69614000
3416        30290.64534000
3417        30305.59734000
3418        30320.55081000
3419        30335.50819000
3420        30350.63872000
3421        30365.60398000
3422        30380.57564000
3423        30395.54686000
3424        30410.52743000
3425        30425.66985000
3426        30440.65466000
3427        30455.63902000
3428        30470.63271000
3429        30485.62981000
3430        30500.62579000
3431        30515.79183000
3432        30530.80107000
3433        30545.80869000
3434        30560.82018000
3435        30575.99752000
3436        30591.02036000
3437        30606.04594000
3438        30621.07285000
3439        30636.09921000
3440        30651.30404000
3441        30666.33998000
3442        30681.37786000
3443        30696.42207000
3444        30711.47307000
3445        30726.69180000
3446        30741.74496000
3447        30756.80555000
3448        30771.86630000
3449        30786.93084000
3450        30802.16630000
3451        30817.24210000
3452        30832.32057000
3453        30847.40027000
3454        30862.64920000
3455        30877.74013000
3456        30892.82674000
3457        30907.92154000
3458        30923.18573000
3459        30938.28918000
3460        30953.39593000
3461        30968.50386000
3462        30983.61296000
3463        30998.89980000
3464        31014.01830000
3465        31029.13928000
3466        31044.26331000
3467        31059.56527000
3468        31074.69934000
3469        31089.83710000
3470        31104.97408000
3471        31120.29110000
3472        31135.43551000
3473        31150.58550000
3474        31165.73985000
3475        31181.06927000
3476        31196.23359000
3477        31211.39641000
3478        31226.56917000
3479        31241.90789000
3480        31257.08432000
3481        31272.26180000
3482        31287.44921000
3483        31302.80535000
3484        31317.99639000
3485        31333.18846000
3486        31348.38854000
3487        31363.75684000
3488        31378.96050000
3489        31394.16969000
3490        31409.38166000
3491        31424.76987000
3492        31439.98800000
3493        31455.20710000
3494        31470.43613000
3495        31485.83441000
3496        31501.06693000
3497        31516.30303000
3498        31531.54642000
3499        31546.96187000
3500        31562.20872000
