   1            3.86620000
   2            7.36872000
   3           10.87834000
   4           14.38973000
   5           17.90185000
   6           21.41438000
   7           24.92719000
   8           28.44018000
   9           31.95333000
  10           35.46662000
  11           38.98003000
  12           42.49355000
  13           46.00717000
  14           49.52090000
  15           53.03471000
  16           56.54862000
  17           60.06260000
  18           63.57670000
  19           67.09087000
  20           70.60513000
  21           74.11948000
  22           77.63391000
  23           81.14842000
  24           84.66301000
  25           88.17771000
  26           91.69247000
  27           95.20731000
  28           98.72226000
  29          102.23726000
  30          105.75236000
  31          109.26753000
  32          112.78280000
  33          116.29814000
  34          119.81356000
  35          123.32908000
  36          126.84467000
  37          130.36033000
  38          133.87608000
  39          137.39191000
  40          140.90783000
  41          144.42383000
  42          147.93990000
  43          151.45606000
  44          154.97231000
  45          158.48863000
  46          162.00503000
  47          165.52150000
  48          169.03805000
  49          172.55473000
  50          176.07145000
  51          179.58826000
  52          183.10513000
  53          186.62212000
  54          190.13918000
  55          193.65630000
  56          197.17352000
  57          200.69079000
  58          204.21021000
  59          207.72770000
  60          211.24528000
  61          214.76296000
  62          218.28064000
  63          221.79850000
  64          225.31867000
  65          228.83665000
  66          232.35475000
  67          235.87529000
  68          239.39356000
  69          242.91438000
  70          246.43534000
  71          249.95391000
  72          253.47515000
  73          256.99651000
  74          260.51804000
  75          264.03969000
  76          267.56422000
  77          271.08623000
  78          274.61113000
  79          278.13628000
  80          281.66160000
  81          285.18718000
  82          288.71299000
  83          292.24191000
  84          295.76822000
  85          299.29767000
  86          302.83049000
  87          306.36061000
  88          309.89409000
  89          313.42796000
  90          316.96535000
  91          320.49996000
  92          324.03821000
  93          327.58011000
  94          331.12257000
  95          334.66546000
  96          338.20890000
  97          341.75632000
  98          345.30766000
  99          348.85967000
 100          352.41239000
 101          355.96923000
 102          359.52682000
 103          363.08873000
 104          366.65143000
 105          370.21865000
 106          373.78667000
 107          377.35937000
 108          380.93672000
 109          384.51514000
 110          388.09453000
 111          391.68270000
 112          395.27209000
 113          398.86253000
 114          402.46218000
 115          406.06313000
 116          409.66527000
 117          413.27701000
 118          416.89007000
 119          420.50471000
 120          424.12913000
 121          427.75504000
 122          431.38696000
 123          435.02464000
 124          438.66849000
 125          442.31420000
 126          445.96602000
 127          449.62418000
 128          453.28875000
 129          456.95986000
 130          460.63761000
 131          464.31744000
 132          468.00408000
 133          471.70230000
 134          475.40282000
 135          479.11046000
 136          482.82518000
 137          486.54737000
 138          490.27201000
 139          494.00901000
 140          497.75367000
 141          501.50098000
 142          505.26113000
 143          509.02922000
 144          512.80024000
 145          516.58451000
 146          520.37180000
 147          524.17261000
 148          527.97670000
 149          531.79449000
 150          535.61569000
 151          539.45087000
 152          543.29505000
 153          547.14279000
 154          551.00491000
 155          554.87634000
 156          558.75699000
 157          562.64157000
 158          566.54124000
 159          570.45040000
 160          574.36939000
 161          578.29826000
 162          582.24263000
 163          586.19152000
 164          590.15047000
 165          594.12559000
 166          598.10526000
 167          602.10127000
 168          606.10801000
 169          610.11942000
 170          614.14774000
 171          618.18701000
 172          622.23729000
 173          626.30493000
 174          630.37771000
 175          634.46198000
 176          638.56393000
 177          642.67753000
 178          646.79663000
 179          650.93383000
 180          655.08314000
 181          659.24449000
 182          663.42437000
 183          667.61033000
 184          671.81507000
 185          676.02597000
 186          680.25608000
 187          684.49886000
 188          688.75475000
 189          693.02355000
 190          697.30542000
 191          701.60733000
 192          705.91581000
 193          710.24467000
 194          714.58033000
 195          718.93631000
 196          723.30631000
 197          727.69007000
 198          732.09498000
 199          736.50711000
 200          740.94056000
 201          745.38135000
 202          749.84365000
 203          754.32065000
 204          758.81244000
 205          763.31894000
 206          767.84062000
 207          772.38453000
 208          776.93634000
 209          781.51091000
 210          786.10082000
 211          790.70633000
 212          795.32754000
 213          799.96457000
 214          804.61749000
 215          809.28624000
 216          813.97888000
 217          818.68010000
 218          823.40525000
 219          828.14700000
 220          832.90514000
 221          837.68017000
 222          842.47195000
 223          847.28062000
 224          852.11430000
 225          856.95708000
 226          861.82518000
 227          866.70267000
 228          871.60554000
 229          876.52611000
 230          881.46441000
 231          886.42055000
 232          891.39462000
 233          896.39489000
 234          901.40521000
 235          906.43367000
 236          911.48889000
 237          916.56284000
 238          921.64680000
 239          926.75796000
 240          931.88788000
 241          937.03687000
 242          942.20487000
 243          947.39214000
 244          952.59869000
 245          957.83324000
 246          963.07854000
 247          968.35230000
 248          973.63695000
 249          978.95047000
 250          984.27506000
 251          989.62841000
 252          995.00210000
 253         1000.39596000
 254         1005.81035000
 255         1011.24532000
 256         1016.70079000
 257         1022.17707000
 258         1027.67409000
 259         1033.20129000
 260         1038.74051000
 261         1044.30080000
 262         1049.89161000
 263         1055.49458000
 264         1061.12834000
 265         1066.77451000
 266         1072.45161000
 267         1078.15080000
 268         1083.86228000
 269         1089.60539000
 270         1095.37073000
 271         1101.15817000
 272         1106.96812000
 273         1112.80083000
 274         1118.65583000
 275         1124.53365000
 276         1130.43420000
 277         1136.35789000
 278         1142.30465000
 279         1148.27424000
 280         1154.26752000
 281         1160.29377000
 282         1166.33368000
 283         1172.39718000
 284         1178.49435000
 285         1184.60540000
 286         1190.74024000
 287         1196.90936000
 288         1203.09249000
 289         1209.29965000
 290         1215.54160000
 291         1221.79743000
 292         1228.08853000
 293         1234.39385000
 294         1240.73413000
 295         1247.08915000
 296         1253.47935000
 297         1259.88438000
 298         1266.32520000
 299         1272.78058000
 300         1279.27206000
 301         1285.78914000
 302         1292.32106000
 303         1298.88954000
 304         1305.47315000
 305         1312.09346000
 306         1318.73993000
 307         1325.40157000
 308         1332.10047000
 309         1338.81472000
 310         1345.56665000
 311         1352.34507000
 312         1359.13917000
 313         1365.97116000
 314         1372.81887000
 315         1379.70484000
 316         1386.60700000
 317         1393.54720000
 318         1400.51494000
 319         1407.49878000
 320         1414.52162000
 321         1421.56079000
 322         1428.63905000
 323         1435.73381000
 324         1442.86780000
 325         1450.01868000
 326         1457.20922000
 327         1464.41633000
 328         1471.65206000
 329         1478.92790000
 330         1486.22055000
 331         1493.55377000
 332         1500.90384000
 333         1508.28313000
 334         1515.70322000
 335         1523.14055000
 336         1530.60721000
 337         1538.10301000
 338         1545.64032000
 339         1553.19532000
 340         1560.77992000
 341         1568.39444000
 342         1576.03851000
 343         1583.71280000
 344         1591.41723000
 345         1599.15157000
 346         1606.92874000
 347         1614.72398000
 348         1622.53743000
 349         1630.39386000
 350         1638.28084000
 351         1646.19874000
 352         1654.14753000
 353         1662.12760000
 354         1670.13875000
 355         1678.18089000
 356         1686.24200000
 357         1694.34721000
 358         1702.48379000
 359         1710.63962000
 360         1718.83972000
 361         1727.07176000
 362         1735.32315000
 363         1743.61909000
 364         1751.93467000
 365         1760.29529000
 366         1768.67553000
 367         1777.08831000
 368         1785.54630000
 369         1794.02427000
 370         1802.53491000
 371         1811.09177000
 372         1819.66853000
 373         1828.27818000
 374         1836.92120000
 375         1845.59760000
 376         1854.30745000
 377         1863.05084000
 378         1871.82760000
 379         1880.63849000
 380         1889.48283000
 381         1898.36155000
 382         1907.27417000
 383         1916.22098000
 384         1925.20202000
 385         1934.21772000
 386         1943.25398000
 387         1952.33884000
 388         1961.45799000
 389         1970.59840000
 390         1979.78745000
 391         1989.01145000
 392         1998.25695000
 393         2007.55115000
 394         2016.86708000
 395         2026.21856000
 396         2035.61906000
 397         2045.04173000
 398         2054.49959000
 399         2064.00797000
 400         2073.53807000
 401         2083.10393000
 402         2092.70613000
 403         2102.35849000
 404         2112.03352000
 405         2121.74474000
 406         2131.49249000
 407         2141.27703000
 408         2151.09830000
 409         2160.95655000
 410         2170.85179000
 411         2180.76973000
 412         2190.73924000
 413         2200.74623000
 414         2210.79037000
 415         2220.87209000
 416         2230.97667000
 417         2241.13408000
 418         2251.32915000
 419         2261.54711000
 420         2271.81836000
 421         2282.11247000
 422         2292.45999000
 423         2302.84593000
 424         2313.25538000
 425         2323.70352000
 426         2334.20495000
 427         2344.73051000
 428         2355.30998000
 429         2365.91301000
 430         2376.55537000
 431         2387.25207000
 432         2397.97299000
 433         2408.73317000
 434         2419.53287000
 435         2430.38756000
 436         2441.26674000
 437         2452.18583000
 438         2463.14491000
 439         2474.14360000
 440         2485.18265000
 441         2496.26214000
 442         2507.38171000
 443         2518.54189000
 444         2529.74246000
 445         2540.98396000
 446         2552.26649000
 447         2563.58921000
 448         2574.95383000
 449         2586.35874000
 450         2597.80543000
 451         2609.29330000
 452         2620.80648000
 453         2632.37718000
 454         2643.98952000
 455         2655.64382000
 456         2667.33995000
 457         2679.06163000
 458         2690.84169000
 459         2702.66382000
 460         2714.52862000
 461         2726.41940000
 462         2738.36857000
 463         2750.36074000
 464         2762.37880000
 465         2774.45662000
 466         2786.57719000
 467         2798.74039000
 468         2810.93082000
 469         2823.18086000
 470         2835.45727000
 471         2847.79413000
 472         2860.17413000
 473         2872.58201000
 474         2885.04994000
 475         2897.56138000
 476         2910.10045000
 477         2922.69998000
 478         2935.34413000
 479         2948.01557000
 480         2960.74827000
 481         2973.52572000
 482         2986.33042000
 483         2999.19704000
 484         3012.10878000
 485         3025.04839000
 486         3038.05017000
 487         3051.09685000
 488         3064.17186000
 489         3077.30923000
 490         3090.49227000
 491         3103.70369000
 492         3116.97767000
 493         3130.29790000
 494         3143.66429000
 495         3157.05891000
 496         3170.51710000
 497         3184.02225000
 498         3197.57299000
 499         3211.17065000
 500         3224.79677000
 501         3238.48769000
 502         3252.22535000
 503         3266.00965000
 504         3279.84132000
 505         3293.71953000
 506         3307.64569000
 507         3321.61904000
 508         3335.63946000
 509         3349.70771000
 510         3363.82364000
 511         3377.98731000
 512         3392.19933000
 513         3406.45854000
 514         3420.78459000
 515         3435.14032000
 516         3449.54463000
 517         3463.99744000
 518         3478.51660000
 519         3493.06669000
 520         3507.66509000
 521         3522.33101000
 522         3537.02797000
 523         3551.79159000
 524         3566.58650000
 525         3581.44926000
 526         3596.36128000
 527         3611.30438000
 528         3626.31524000
 529         3641.37651000
 530         3656.46896000
 531         3671.62957000
 532         3686.84086000
 533         3702.10191000
 534         3717.41398000
 535         3732.77617000
 536         3748.18841000
 537         3763.65155000
 538         3779.18449000
 539         3794.74928000
 540         3810.36565000
 541         3826.05141000
 542         3841.76963000
 543         3857.53887000
 544         3873.37882000
 545         3889.27067000
 546         3905.19508000
 547         3921.19018000
 548         3937.23706000
 549         3953.33618000
 550         3969.48747000
 551         3985.69087000
 552         4001.94640000
 553         4018.25490000
 554         4034.61540000
 555         4051.02883000
 556         4067.51476000
 557         4084.03393000
 558         4100.62563000
 559         4117.25084000
 560         4133.94955000
 561         4150.70054000
 562         4167.48629000
 563         4184.34506000
 564         4201.25694000
 565         4218.22339000
 566         4235.24288000
 567         4252.33741000
 568         4269.46590000
 569         4286.64831000
 570         4303.90529000
 571         4321.19651000
 572         4338.56280000
 573         4355.98398000
 574         4373.45949000
 575         4390.99033000
 576         4408.57596000
 577         4426.21687000
 578         4443.91355000
 579         4461.66491000
 580         4479.49302000
 581         4497.35581000
 582         4515.29430000
 583         4533.29009000
 584         4551.34073000
 585         4569.44809000
 586         4587.61160000
 587         4605.83094000
 588         4624.10720000
 589         4642.43951000
 590         4660.85010000
 591         4679.31732000
 592         4697.81992000
 593         4716.40111000
 594         4735.03884000
 595         4753.73479000
 596         4772.48779000
 597         4791.31865000
 598         4810.18686000
 599         4829.13322000
 600         4848.13805000
 601         4867.17977000
 602         4886.29997000
 603         4905.47915000
 604         4924.73777000
 605         4944.03313000
 606         4963.38740000
 607         4982.82147000
 608         5002.31509000
 609         5021.86733000
 610         5041.47788000
 611         5061.14823000
 612         5080.87747000
 613         5100.68814000
 614         5120.53659000
 615         5140.46562000
 616         5160.45536000
 617         5180.50423000
 618         5200.61346000
 619         5220.78306000
 620         5241.03431000
 621         5261.32427000
 622         5281.69591000
 623         5302.12885000
 624         5322.62278000
 625         5343.17637000
 626         5363.81404000
 627         5384.48987000
 628         5405.24947000
 629         5426.07036000
 630         5446.95222000
 631         5467.89633000
 632         5488.92474000
 633         5509.99136000
 634         5531.14296000
 635         5552.35584000
 636         5573.63165000
 637         5594.96971000
 638         5616.39191000
 639         5637.85481000
 640         5659.40225000
 641         5681.01295000
 642         5702.68661000
 643         5724.42252000
 644         5746.24557000
 645         5768.10769000
 646         5790.05660000
 647         5812.06919000
 648         5834.16730000
 649         5856.30723000
 650         5878.53308000
 651         5900.80065000
 652         5923.15526000
 653         5945.59630000
 654         5968.07936000
 655         5990.64927000
 656         6013.26149000
 657         6035.96172000
 658         6058.74890000
 659         6081.57872000
 660         6104.49665000
 661         6127.45567000
 662         6150.50439000
 663         6173.64102000
 664         6196.82010000
 665         6220.08869000
 666         6243.42256000
 667         6266.82277000
 668         6290.28865000
 669         6313.84493000
 670         6337.44395000
 671         6361.13191000
 672         6384.88748000
 673         6408.73252000
 674         6432.64521000
 675         6456.60088000
 676         6480.64651000
 677         6504.78416000
 678         6528.96438000
 679         6553.23712000
 680         6577.57717000
 681         6601.98418000
 682         6626.48386000
 683         6651.05053000
 684         6675.68576000
 685         6700.38967000
 686         6725.16050000
 687         6750.02512000
 688         6774.95844000
 689         6799.95965000
 690         6825.05430000
 691         6850.19336000
 692         6875.42638000
 693         6900.72859000
 694         6926.12420000
 695         6951.58937000
 696         6977.12340000
 697         7002.72844000
 698         7028.40264000
 699         7054.17092000
 700         7080.01024000
 701         7105.91891000
 702         7131.92296000
 703         7157.99826000
 704         7184.14293000
 705         7210.35916000
 706         7236.67077000
 707         7263.05347000
 708         7289.50796000
 709         7316.05743000
 710         7342.65392000
 711         7369.34682000
 712         7396.13588000
 713         7422.97243000
 714         7449.90517000
 715         7476.91064000
 716         7504.01385000
 717         7531.18805000
 718         7558.43612000
 719         7585.75569000
 720         7613.17407000
 721         7640.63936000
 722         7668.22781000
 723         7695.86461000
 724         7723.59968000
 725         7751.40870000
 726         7779.31644000
 727         7807.27173000
 728         7835.32671000
 729         7863.48078000
 730         7891.68419000
 731         7919.98710000
 732         7948.38922000
 733         7976.84062000
 734         8005.39187000
 735         8034.04379000
 736         8062.74517000
 737         8091.54714000
 738         8120.42316000
 739         8149.40209000
 740         8178.45438000
 741         8207.58381000
 742         8236.78718000
 743         8266.09402000
 744         8295.47582000
 745         8324.95923000
 746         8354.51989000
 747         8384.15582000
 748         8413.89485000
 749         8443.68493000
 750         8473.60337000
 751         8503.57191000
 752         8533.64431000
 753         8563.79338000
 754         8594.04746000
 755         8624.37687000
 756         8654.78498000
 757         8685.29589000
 758         8715.88690000
 759         8746.55427000
 760         8777.32592000
 761         8808.17775000
 762         8839.13296000
 763         8870.13926000
 764         8901.27849000
 765         8932.46949000
 766         8963.76647000
 767         8995.14267000
 768         9026.62282000
 769         9058.18475000
 770         9089.85144000
 771         9121.57193000
 772         9153.42568000
 773         9185.33104000
 774         9217.34567000
 775         9249.43709000
 776         9281.63940000
 777         9313.92037000
 778         9346.30866000
 779         9378.77825000
 780         9411.32764000
 781         9443.95906000
 782         9476.72682000
 783         9509.54597000
 784         9542.47651000
 785         9575.48539000
 786         9608.60658000
 787         9641.80962000
 788         9675.09100000
 789         9708.48565000
 790         9741.96061000
 791         9775.54590000
 792         9809.21268000
 793         9842.99071000
 794         9876.85188000
 795         9910.79582000
 796         9944.84874000
 797         9978.98728000
 798        10013.23574000
 799        10047.56825000
 800        10081.98444000
 801        10116.51067000
 802        10151.12266000
 803        10185.84481000
 804        10220.65279000
 805        10255.57224000
 806        10290.57599000
 807        10325.66479000
 808        10360.86653000
 809        10396.18121000
 810        10431.55282000
 811        10467.06627000
 812        10502.63616000
 813        10538.34808000
 814        10574.11729000
 815        10610.00197000
 816        10645.99921000
 817        10682.08352000
 818        10718.25365000
 819        10754.53825000
 820        10790.90909000
 821        10827.39542000
 822        10863.96987000
 823        10900.65850000
 824        10937.43363000
 825        10974.32528000
 826        11011.30440000
 827        11048.39923000
 828        11085.58386000
 829        11122.85227000
 830        11160.24030000
 831        11197.74349000
 832        11235.33702000
 833        11273.01762000
 834        11310.81641000
 835        11348.73330000
 836        11386.73699000
 837        11424.83114000
 838        11463.04316000
 839        11501.34396000
 840        11539.76412000
 841        11578.30335000
 842        11616.93049000
 843        11655.64930000
 844        11694.48494000
 845        11733.41333000
 846        11772.46005000
 847        11811.62787000
 848        11850.85545000
 849        11890.23226000
 850        11929.70205000
 851        11969.26133000
 852        12008.94098000
 853        12048.74291000
 854        12088.63510000
 855        12128.61831000
 856        12168.72570000
 857        12208.95167000
 858        12249.27198000
 859        12289.71312000
 860        12330.24653000
 861        12370.90452000
 862        12411.65189000
 863        12452.52437000
 864        12493.48736000
 865        12534.57560000
 866        12575.75588000
 867        12617.06079000
 868        12658.48898000
 869        12700.01157000
 870        12741.62477000
 871        12783.39683000
 872        12825.22982000
 873        12867.18863000
 874        12909.27297000
 875        12951.48026000
 876        12993.78492000
 877        13036.18034000
 878        13078.70546000
 879        13121.35530000
 880        13164.09836000
 881        13206.97020000
 882        13249.93530000
 883        13293.02814000
 884        13336.21825000
 885        13379.53308000
 886        13422.97587000
 887        13466.51448000
 888        13510.18121000
 889        13553.94544000
 890        13597.83468000
 891        13641.85597000
 892        13685.97242000
 893        13730.21657000
 894        13774.55755000
 895        13819.02887000
 896        13863.59835000
 897        13908.29616000
 898        13953.12202000
 899        13998.04744000
 900        14043.10231000
 901        14088.28750000
 902        14133.57201000
 903        14178.98491000
 904        14224.49888000
 905        14270.14004000
 906        14315.91582000
 907        14361.78980000
 908        14407.79515000
 909        14453.90047000
 910        14500.13594000
 911        14546.50513000
 912        14592.97404000
 913        14639.57468000
 914        14686.30792000
 915        14733.14236000
 916        14780.10739000
 917        14827.17544000
 918        14874.37560000
 919        14921.71009000
 920        14969.14739000
 921        15016.71420000
 922        15064.41982000
 923        15112.22234000
 924        15160.16384000
 925        15208.23835000
 926        15256.41415000
 927        15304.72488000
 928        15353.17135000
 929        15401.72143000
 930        15450.40778000
 931        15499.19263000
 932        15548.15178000
 933        15597.17790000
 934        15646.37407000
 935        15695.67674000
 936        15745.11127000
 937        15794.68602000
 938        15844.36250000
 939        15894.17937000
 940        15944.09838000
 941        15994.18908000
 942        16044.38394000
 943        16094.68570000
 944        16145.15484000
 945        16195.73449000
 946        16246.41615000
 947        16297.27090000
 948        16348.23286000
 949        16399.33059000
 950        16450.53755000
 951        16501.91417000
 952        16553.36796000
 953        16604.99357000
 954        16656.72469000
 955        16708.59756000
 956        16760.60995000
 957        16812.76596000
 958        16865.02637000
 959        16917.42817000
 960        16969.93974000
 961        17022.62532000
 962        17075.41914000
 963        17128.32254000
 964        17181.39858000
 965        17234.58637000
 966        17287.91479000
 967        17341.38699000
 968        17394.96768000
 969        17448.69231000
 970        17502.56168000
 971        17556.57381000
 972        17610.69392000
 973        17664.95901000
 974        17719.36849000
 975        17773.92138000
 976        17828.58810000
 977        17883.39411000
 978        17938.34911000
 979        17993.44716000
 980        18048.65962000
 981        18104.01559000
 982        18159.51664000
 983        18215.16537000
 984        18270.92258000
 985        18326.82945000
 986        18382.88207000
 987        18439.08204000
 988        18495.42830000
 989        18551.88919000
 990        18608.49394000
 991        18665.24895000
 992        18722.11275000
 993        18779.16603000
 994        18836.33046000
 995        18893.64103000
 996        18951.10234000
 997        19008.67456000
 998        19066.43505000
 999        19124.30690000
1000        19182.32920000
1001        19240.46516000
1002        19298.78734000
1003        19357.22331000
1004        19415.81240000
1005        19474.54843000
1006        19533.43812000
1007        19592.47694000
1008        19651.63180000
1009        19710.93825000
1010        19770.39404000
1011        19830.00602000
1012        19889.76549000
1013        19949.64331000
1014        20009.67524000
1015        20069.89298000
1016        20130.22932000
1017        20190.68393000
1018        20251.32258000
1019        20312.08416000
1020        20373.03215000
1021        20434.09899000
1022        20495.32073000
1023        20556.69502000
1024        20618.19047000
1025        20679.87071000
1026        20741.67658000
1027        20803.63345000
1028        20865.74765000
1029        20928.01552000
1030        20990.44094000
1031        21053.02242000
1032        21115.72308000
1033        21178.61382000
1034        21241.62863000
1035        21304.79701000
1036        21368.12410000
1037        21431.60976000
1038        21495.21236000
1039        21559.01315000
1040        21622.93357000
1041        21687.04733000
1042        21751.28341000
1043        21815.67602000
1044        21880.23279000
1045        21944.94424000
1046        22009.81486000
1047        22074.80806000
1048        22139.99783000
1049        22205.31033000
1050        22270.82233000
1051        22336.45188000
1052        22402.24888000
1053        22468.19849000
1054        22534.31580000
1055        22600.59342000
1056        22667.02630000
1057        22733.58968000
1058        22800.34604000
1059        22867.27074000
1060        22934.31607000
1061        23001.52196000
1062        23068.93176000
1063        23136.46736000
1064        23204.16131000
1065        23272.02175000
1066        23340.04326000
1067        23408.23148000
1068        23476.58376000
1069        23545.09483000
1070        23613.77552000
1071        23682.57709000
1072        23751.58657000
1073        23820.71985000
1074        23890.05569000
1075        23959.52089000
1076        24029.18895000
1077        24098.98388000
1078        24168.98479000
1079        24239.10961000
1080        24309.40785000
1081        24379.86582000
1082        24450.53326000
1083        24521.32774000
1084        24592.28759000
1085        24663.41877000
1086        24734.71574000
1087        24806.17838000
1088        24877.80994000
1089        24949.61011000
1090        25021.57942000
1091        25093.72056000
1092        25166.02787000
1093        25238.50461000
1094        25311.14769000
1095        25383.96323000
1096        25456.95118000
1097        25530.10290000
1098        25603.43028000
1099        25676.92447000
1100        25750.59167000
1101        25824.38976000
1102        25898.39988000
1103        25972.57752000
1104        26046.92825000
1105        26121.45550000
1106        26196.15037000
1107        26271.01868000
1108        26346.05790000
1109        26421.27394000
1110        26496.65477000
1111        26572.25532000
1112        26647.98737000
1113        26723.89382000
1114        26799.97463000
1115        26876.22672000
1116        26952.69321000
1117        27029.29456000
1118        27106.07391000
1119        27183.06797000
1120        27260.19401000
1121        27337.49525000
1122        27415.01147000
1123        27492.70630000
1124        27570.53979000
1125        27648.58234000
1126        27726.80703000
1127        27805.16086000
1128        27883.74034000
1129        27962.49580000
1130        28041.42399000
1131        28120.53491000
1132        28199.85912000
1133        28279.32260000
1134        28358.96588000
1135        28438.78563000
1136        28518.82582000
1137        28599.00568000
1138        28679.40279000
1139        28759.98030000
1140        28840.73482000
1141        28921.67331000
1142        29002.79246000
1143        29084.08892000
1144        29165.56629000
1145        29247.22456000
1146        29329.06395000
1147        29411.12534000
1148        29493.36801000
1149        29575.75127000
1150        29658.35689000
1151        29741.14770000
1152        29824.12025000
1153        29907.27111000
1154        29990.64855000
1155        30074.17053000
1156        30157.87108000
1157        30241.80223000
1158        30325.90860000
1159        30410.20469000
1160        30494.68699000
1161        30579.34838000
1162        30664.19620000
1163        30749.26831000
1164        30834.48569000
1165        30919.93499000
1166        31005.56387000
1167        31091.37979000
1168        31177.38101000
1169        31263.61110000
1170        31349.98884000
1171        31436.58826000
1172        31523.38095000
1173        31610.35574000
1174        31697.52216000
1175        31784.87463000
1176        31872.45516000
1177        31960.18390000
1178        32048.14478000
1179        32136.29223000
1180        32224.62819000
1181        32313.19294000
1182        32401.90825000
1183        32490.85652000
1184        32579.98797000
1185        32669.31635000
1186        32758.82809000
1187        32848.57928000
1188        32938.47566000
1189        33028.60397000
1190        33118.92791000
1191        33209.43566000
1192        33300.18576000
1193        33391.12389000
1194        33482.20971000
1195        33573.57480000
1196        33665.08985000
1197        33756.79727000
1198        33848.74407000
1199        33940.87753000
1200        34033.20996000
1201        34125.77812000
1202        34218.49464000
1203        34311.45123000
1204        34404.59705000
1205        34497.98754000
1206        34591.52655000
1207        34685.30231000
1208        34779.27384000
1209        34873.44154000
1210        34967.84832000
1211        35062.45357000
1212        35157.24888000
1213        35252.24705000
1214        35347.48088000
1215        35442.87242000
1216        35538.50631000
1217        35634.37410000
1218        35730.40211000
1219        35826.66424000
1220        35923.13246000
1221        36019.83939000
1222        36116.70061000
1223        36213.80736000
1224        36311.11420000
1225        36408.65599000
1226        36506.40704000
1227        36604.35193000
1228        36702.49945000
1229        36800.89374000
1230        36899.43604000
1231        36998.27596000
1232        37097.26638000
1233        37196.50863000
1234        37295.94988000
1235        37395.59046000
1236        37495.47868000
1237        37595.56888000
1238        37695.86297000
1239        37796.40549000
1240        37897.14797000
1241        37998.09472000
1242        38099.28828000
1243        38200.68638000
1244        38302.29186000
1245        38404.09541000
1246        38506.15308000
1247        38608.41610000
1248        38710.92444000
1249        38813.63806000
1250        38916.55771000
1251        39019.72991000
1252        39123.06598000
1253        39226.69274000
1254        39330.48323000
1255        39434.52257000
1256        39538.77054000
1257        39643.27494000
1258        39747.97627000
1259        39852.89682000
1260        39958.05933000
1261        40063.43884000
1262        40169.02554000
1263        40274.86238000
1264        40380.91407000
1265        40487.21100000
1266        40593.72568000
1267        40700.44557000
1268        40807.42164000
1269        40914.60798000
1270        41022.00782000
1271        41129.65633000
1272        41237.52352000
1273        41345.63969000
1274        41453.92943000
1275        41562.51879000
1276        41671.31755000
1277        41780.33575000
1278        41889.55536000
1279        41999.04297000
1280        42108.78558000
1281        42218.69255000
1282        42328.90825000
1283        42439.28850000
1284        42549.93215000
1285        42660.83715000
1286        42771.90414000
1287        42883.28654000
1288        42994.83111000
1289        43106.68305000
1290        43218.71097000
1291        43330.99038000
1292        43443.49427000
1293        43556.25799000
1294        43669.28228000
1295        43782.47965000
1296        43895.98116000
1297        44009.65885000
1298        44123.60299000
1299        44237.80266000
1300        44352.22809000
1301        44466.86592000
1302        44581.77324000
1303        44696.90147000
1304        44812.28594000
1305        44927.94346000
1306        45043.76744000
1307        45159.86478000
1308        45276.22732000
1309        45392.80624000
1310        45509.65610000
1311        45626.72563000
1312        45744.06340000
1313        45861.62658000
1314        45979.40366000
1315        46097.45252000
1316        46215.77412000
1317        46334.30999000
1318        46453.12447000
1319        46572.15031000
1320        46691.41120000
1321        46810.93943000
1322        46930.73276000
1323        47050.75536000
1324        47170.99933000
1325        47291.56413000
1326        47412.30898000
1327        47533.31967000
1328        47654.60449000
1329        47776.11458000
1330        47897.89915000
1331        48019.91500000
1332        48142.19424000
1333        48264.70750000
1334        48387.49347000
1335        48510.50557000
1336        48633.79316000
1337        48757.35151000
1338        48881.14471000
1339        49005.16371000
1340        49129.45730000
1341        49254.02724000
1342        49378.82429000
1343        49503.90144000
1344        49629.21186000
1345        49754.78751000
1346        49880.60606000
1347        50006.69009000
1348        50133.06547000
1349        50259.66453000
1350        50386.54339000
1351        50513.65563000
1352        50641.04104000
1353        50768.66709000
1354        50896.56916000
1355        51024.75196000
1356        51153.16532000
1357        51281.86583000
1358        51410.79207000
1359        51540.00482000
1360        51669.49564000
1361        51799.22483000
1362        51929.23859000
1363        52059.47868000
1364        52190.00985000
1365        52320.81627000
1366        52451.86551000
1367        52583.19654000
1368        52714.75816000
1369        52846.61186000
1370        52978.74528000
1371        53111.11861000
1372        53243.77830000
1373        53376.71822000
1374        53509.90225000
1375        53643.37059000
1376        53777.12490000
1377        53911.12120000
1378        54045.34936000
1379        54179.92078000
1380        54314.72701000
1381        54449.82246000
1382        54585.15943000
1383        54720.77826000
1384        54856.69602000
1385        54992.85313000
1386        55129.29259000
1387        55266.02769000
1388        55403.00381000
1389        55540.26809000
1390        55677.82989000
1391        55815.62527000
1392        55953.71721000
1393        56092.09665000
1394        56230.72736000
1395        56369.64455000
1396        56508.85376000
1397        56648.31071000
1398        56788.11263000
1399        56928.10326000
1400        57068.44196000
1401        57209.01955000
1402        57349.89977000
1403        57491.07605000
1404        57632.48335000
1405        57774.20214000
1406        57916.20650000
1407        58058.46430000
1408        58201.06933000
1409        58343.86401000
1410        58487.01325000
1411        58630.40270000
1412        58774.15144000
1413        58918.09304000
1414        59062.37610000
1415        59206.91395000
1416        59351.75176000
1417        59496.88666000
1418        59642.32903000
1419        59788.00835000
1420        59933.99827000
1421        60080.23247000
1422        60226.81850000
1423        60373.66067000
1424        60520.79553000
1425        60668.24209000
1426        60815.98897000
1427        60963.98256000
1428        61112.28402000
1429        61260.88349000
1430        61409.74019000
1431        61558.95812000
1432        61708.41450000
1433        61858.18878000
1434        62008.25289000
1435        62158.58412000
1436        62309.22198000
1437        62460.15467000
1438        62611.40639000
1439        62762.95616000
1440        62914.81512000
1441        63066.92848000
1442        63219.34676000
1443        63372.07587000
1444        63525.06628000
1445        63678.40437000
1446        63832.01168000
1447        63985.92014000
1448        64140.14515000
1449        64294.67931000
1450        64449.51517000
1451        64604.61640000
1452        64760.01960000
1453        64915.74519000
1454        65071.78088000
1455        65228.11910000
1456        65384.77555000
1457        65541.68772000
1458        65698.91850000
1459        65856.51730000
1460        66014.36741000
1461        66172.48456000
1462        66330.97045000
1463        66489.76023000
1464        66648.82258000
1465        66808.18912000
1466        66967.88092000
1467        67127.88526000
1468        67288.20438000
1469        67448.83936000
1470        67609.73194000
1471        67771.00341000
1472        67932.54090000
1473        68094.44165000
1474        68256.61685000
1475        68419.08763000
1476        68581.89617000
1477        68744.97150000
1478        68908.41116000
1479        69072.16855000
1480        69236.19544000
1481        69400.60381000
1482        69565.27456000
1483        69730.25247000
1484        69895.57014000
1485        70061.20365000
1486        70227.15548000
1487        70393.43185000
1488        70560.02157000
1489        70726.94159000
1490        70894.13589000
1491        71061.70271000
1492        71229.53637000
1493        71397.74298000
1494        71566.23308000
1495        71735.04625000
1496        71904.22212000
1497        72073.68756000
1498        72243.46811000
1499        72413.58110000
1500        72584.02370000
1501        72754.77635000
1502        72925.86765000
1503        73097.28921000
1504        73269.03254000
1505        73441.10399000
1506        73613.49755000
1507        73786.17710000
1508        73959.24179000
1509        74132.62350000
1510        74306.34003000
1511        74480.32562000
1512        74654.70616000
1513        74829.41909000
1514        75004.38997000
1515        75179.76821000
1516        75355.46466000
1517        75531.44907000
1518        75707.80932000
1519        75884.50001000
1520        76061.47919000
1521        76238.85262000
1522        76416.54528000
1523        76594.51508000
1524        76772.87671000
1525        76951.58230000
1526        77130.61694000
1527        77309.92304000
1528        77489.62828000
1529        77669.66600000
1530        77850.04882000
1531        78030.75549000
1532        78211.80742000
1533        78393.19900000
1534        78574.91788000
1535        78756.98296000
1536        78939.37888000
1537        79122.11503000
1538        79305.19804000
1539        79488.67054000
1540        79672.42282000
1541        79856.52566000
1542        80041.01239000
1543        80225.79196000
1544        80410.96534000
1545        80596.47439000
1546        80782.27683000
1547        80968.47056000
1548        81155.01981000
1549        81341.89589000
1550        81529.11499000
1551        81716.69031000
1552        81904.60265000
1553        82092.90768000
1554        82281.51740000
1555        82470.51378000
1556        82659.80541000
1557        82849.48405000
1558        83039.52718000
1559        83229.91197000
1560        83420.63535000
1561        83611.71732000
1562        83803.14153000
1563        83994.96076000
1564        84187.08341000
1565        84379.60155000
1566        84572.46597000
1567        84765.68714000
1568        84959.25523000
1569        85153.17704000
1570        85347.42563000
1571        85542.10503000
1572        85737.07934000
1573        85932.45094000
1574        86128.18426000
1575        86324.24515000
1576        86520.67512000
1577        86717.52059000
1578        86914.65169000
1579        87112.18805000
1580        87310.08087000
1581        87508.33705000
1582        87706.94644000
1583        87905.89876000
1584        88105.25752000
1585        88304.99149000
1586        88505.06187000
1587        88705.50417000
1588        88906.28313000
1589        89107.43450000
1590        89308.99760000
1591        89510.91241000
1592        89713.17858000
1593        89915.81142000
1594        90118.86036000
1595        90322.21552000
1596        90525.97310000
1597        90730.09776000
1598        90934.63271000
1599        91139.47804000
1600        91344.74498000
1601        91550.35074000
1602        91756.33971000
1603        91962.74359000
1604        92169.44451000
1605        92376.56414000
1606        92584.04612000
1607        92791.95499000
1608        93000.17258000
1609        93208.79544000
1610        93417.78835000
1611        93627.20234000
1612        93836.92926000
1613        94047.08896000
1614        94257.58177000
1615        94468.51910000
1616        94679.76323000
1617        94891.42906000
1618        95103.52126000
1619        95315.91294000
1620        95528.74282000
1621        95741.94187000
1622        95955.49892000
1623        96169.47908000
1624        96383.83361000
1625        96598.56165000
1626        96813.65996000
1627        97029.16736000
1628        97245.06507000
1629        97461.32215000
1630        97678.02030000
1631        97895.08172000
1632        98112.51126000
1633        98330.37452000
1634        98548.60634000
1635        98767.22218000
1636        98986.26079000
1637        99205.61003000
1638        99425.46122000
1639        99645.62695000
1640        99866.20449000
1641       100087.17585000
1642       100308.57627000
1643       100530.30390000
1644       100752.52343000
1645       100975.03816000
1646       101198.00691000
1647       101421.33854000
1648       101645.12485000
1649       101869.27798000
1650       102093.80312000
1651       102318.78388000
1652       102544.12852000
1653       102769.85286000
1654       102996.02150000
1655       103222.56324000
1656       103449.56217000
1657       103676.91716000
1658       103904.66173000
1659       104132.86082000
1660       104361.41645000
1661       104590.38014000
1662       104819.76369000
1663       105049.53987000
1664       105279.75776000
1665       105510.35987000
1666       105741.33555000
1667       105972.77714000
1668       106204.58562000
1669       106436.84611000
1670       106669.48293000
1671       106902.57232000
1672       107135.99132000
1673       107369.90698000
1674       107604.21617000
1675       107838.89351000
1676       108073.98323000
1677       108309.52361000
1678       108545.49277000
1679       108781.85664000
1680       109018.62118000
1681       109255.81515000
1682       109493.41390000
1683       109731.45191000
1684       109969.88582000
1685       110208.78204000
1686       110448.04844000
1687       110687.78136000
1688       110927.88477000
1689       111168.40438000
1690       111409.37819000
1691       111650.79325000
1692       111892.53586000
1693       112134.80006000
1694       112377.47230000
1695       112620.52970000
1696       112864.02949000
1697       113107.93803000
1698       113352.30291000
1699       113597.12082000
1700       113842.27755000
1701       114087.92884000
1702       114334.01006000
1703       114580.47809000
1704       114827.40041000
1705       115074.72357000
1706       115322.50156000
1707       115570.75206000
1708       115819.33933000
1709       116068.43330000
1710       116317.92925000
1711       116567.89154000
1712       116818.26654000
1713       117069.04060000
1714       117320.25105000
1715       117571.94661000
1716       117824.05225000
1717       118076.60532000
1718       118329.57262000
1719       118582.97737000
1720       118836.87928000
1721       119091.18213000
1722       119345.88239000
1723       119601.10053000
1724       119856.67587000
1725       120112.78022000
1726       120369.23539000
1727       120626.19151000
1728       120883.58573000
1729       121141.36828000
1730       121399.69202000
1731       121658.36768000
1732       121917.54548000
1733       122177.16297000
1734       122437.19513000
1735       122697.74107000
1736       122958.63278000
1737       123220.06057000
1738       123481.90775000
1739       123744.17086000
1740       124006.87565000
1741       124270.09599000
1742       124533.75854000
1743       124797.85280000
1744       125062.42675000
1745       125327.39209000
1746       125592.85253000
1747       125858.71594000
1748       126125.12648000
1749       126391.94422000
1750       126659.17686000
1751       126926.90622000
1752       127195.10621000
1753       127463.76189000
1754       127732.85240000
1755       128002.42197000
1756       128272.41549000
1757       128542.89240000
1758       128813.82611000
1759       129085.19604000
1760       129357.09789000
1761       129629.38515000
1762       129902.19700000
1763       130175.41530000
1764       130449.14619000
1765       130723.34726000
1766       130997.96295000
1767       131273.08854000
1768       131548.60983000
1769       131824.69693000
1770       132101.20775000
1771       132378.11478000
1772       132655.60062000
1773       132933.49511000
1774       133211.89365000
1775       133490.76863000
1776       133770.06499000
1777       134049.86631000
1778       134330.14106000
1779       134610.85765000
1780       134892.05191000
1781       135173.74486000
1782       135455.93209000
1783       135738.59397000
1784       136021.69912000
1785       136305.29558000
1786       136589.31588000
1787       136873.90834000
1788       137158.88759000
1789       137444.41315000
1790       137730.41895000
1791       138016.83716000
1792       138303.84193000
1793       138591.26340000
1794       138879.11060000
1795       139167.53273000
1796       139456.36834000
1797       139745.71515000
1798       140035.56977000
1799       140325.90297000
1800       140616.76133000
1801       140908.02128000
1802       141199.80697000
1803       141492.08902000
1804       141784.86394000
1805       142078.08792000
1806       142371.87381000
1807       142666.08863000
1808       142960.81814000
1809       143255.96378000
1810       143551.68956000
1811       143847.87555000
1812       144144.59492000
1813       144441.79228000
1814       144739.44504000
1815       145037.57638000
1816       145336.28625000
1817       145635.41392000
1818       145935.12455000
1819       146235.25336000
1820       146535.92775000
1821       146837.10349000
1822       147138.69801000
1823       147440.87716000
1824       147743.52052000
1825       148046.71416000
1826       148350.37645000
1827       148654.51016000
1828       148959.19245000
1829       149264.37826000
1830       149569.99840000
1831       149876.21997000
1832       150182.84826000
1833       150490.02702000
1834       150797.77642000
1835       151105.97548000
1836       151414.68371000
1837       151723.89372000
1838       152033.64188000
1839       152343.84459000
1840       152654.61592000
1841       152965.89774000
1842       153277.64926000
1843       153589.90421000
1844       153902.76555000
1845       154216.03569000
1846       154529.86122000
1847       154844.20966000
1848       155159.06292000
1849       155474.44345000
1850       155790.32927000
1851       156106.75771000
1852       156423.71061000
1853       156741.16966000
1854       157059.14260000
1855       157377.58541000
1856       157696.62414000
1857       158016.20387000
1858       158336.19438000
1859       158656.81189000
1860       158977.88954000
1861       159299.54220000
1862       159621.64405000
1863       159944.35181000
1864       160267.53979000
1865       160591.32306000
1866       160915.53364000
1867       161240.29221000
1868       161565.62780000
1869       161891.46052000
1870       162217.89022000
1871       162544.73260000
1872       162872.22295000
1873       163200.15750000
1874       163528.62682000
1875       163857.69469000
1876       164187.22313000
1877       164517.37032000
1878       164848.04983000
1879       165179.17485000
1880       165510.90383000
1881       165843.09463000
1882       166175.92201000
1883       166509.26719000
1884       166843.12652000
1885       167177.55606000
1886       167512.43266000
1887       167847.93172000
1888       168183.94977000
1889       168520.51575000
1890       168857.70540000
1891       169195.34326000
1892       169533.53760000
1893       169872.25215000
1894       170211.58426000
1895       170551.40592000
1896       170891.83322000
1897       171232.76144000
1898       171574.21319000
1899       171916.25115000
1900       172258.84825000
1901       172601.96762000
1902       172945.63929000
1903       173289.93942000
1904       173634.70743000
1905       173980.01933000
1906       174325.95706000
1907       174672.41486000
1908       175019.45152000
1909       175367.00873000
1910       175715.12842000
1911       176063.79003000
1912       176413.00731000
1913       176762.83947000
1914       177113.18040000
1915       177464.07739000
1916       177815.57357000
1917       178167.60974000
1918       178520.19357000
1919       178873.40806000
1920       179227.09447000
1921       179581.41594000
1922       179936.27887000
1923       180291.69090000
1924       180647.68404000
1925       181004.20171000
1926       181361.37408000
1927       181719.00232000
1928       182077.26815000
1929       182436.09903000
1930       182795.54297000
1931       183155.48700000
1932       183516.04836000
1933       183877.17242000
1934       184238.86695000
1935       184601.10662000
1936       184963.89906000
1937       185327.34702000
1938       185691.34106000
1939       186055.90717000
1940       186421.01988000
1941       186786.75643000
1942       187153.09946000
1943       187519.95283000
1944       187887.41712000
1945       188255.46190000
1946       188624.04857000
1947       188993.25741000
1948       189363.03392000
1949       189733.43691000
1950       190104.41190000
1951       190475.93661000
1952       190848.07562000
1953       191220.72685000
1954       191594.04421000
1955       191967.93522000
1956       192342.37735000
1957       192717.48694000
1958       193093.12895000
1959       193469.36882000
1960       193846.20338000
1961       194223.64154000
1962       194601.65919000
1963       194980.25311000
1964       195359.49048000
1965       195739.30842000
1966       196119.68031000
1967       196500.63329000
1968       196882.25456000
1969       197264.43065000
1970       197647.25963000
1971       198030.57312000
1972       198414.56008000
1973       198799.21750000
1974       199184.34021000
1975       199570.20858000
1976       199956.54255000
1977       200343.57227000
1978       200731.18316000
1979       201119.35166000
1980       201508.17654000
1981       201897.58349000
1982       202287.56927000
1983       202678.23308000
1984       203069.41468000
1985       203461.31625000
1986       203853.80164000
1987       204246.82609000
1988       204640.55132000
1989       205034.81607000
1990       205429.71101000
1991       205825.24188000
1992       206221.35483000
1993       206618.12885000
1994       207015.41392000
1995       207413.45353000
1996       207812.08010000
1997       208211.24797000
1998       208611.04930000
1999       209011.53167000
2000       209412.55604000
2001       209814.26563000
2002       210216.53905000
2003       210619.52003000
2004       211023.09060000
2005       211427.29790000
2006       211832.02663000
2007       212237.48643000
2008       212643.58400000
2009       213050.27272000
2010       213457.50556000
2011       213865.52185000
2012       214274.03247000
2013       214683.23309000
2014       215093.12092000
2015       215503.48152000
2016       215914.62804000
2017       216326.36818000
2018       216738.67650000
2019       217151.67725000
2020       217565.26909000
2021       217979.55422000
2022       218394.45713000
2023       218809.97964000
2024       219226.14653000
2025       219642.95624000
2026       220060.38840000
2027       220478.44009000
2028       220897.20834000
2029       221316.52729000
2030       221736.53977000
2031       222157.19689000
2032       222578.47869000
2033       223000.40559000
2034       223423.00430000
2035       223846.25217000
2036       224270.14615000
2037       224694.61667000
2038       225119.83052000
2039       225545.67167000
2040       225972.11362000
2041       226399.20308000
2042       226827.01783000
2043       227255.43103000
2044       227684.44949000
2045       228114.24106000
2046       228544.55844000
2047       228975.65305000
2048       229407.37501000
2049       229839.67325000
2050       230272.65219000
2051       230706.32984000
2052       231140.66362000
2053       231575.67606000
2054       232011.24173000
2055       232447.56288000
2056       232884.56047000
2057       233322.19185000
2058       233760.47897000
2059       234199.39404000
2060       234639.04265000
2061       235079.24584000
2062       235520.28231000
2063       235961.82764000
2064       236404.15124000
2065       236847.11145000
2066       237290.75472000
2067       237735.00385000
2068       238179.99009000
2069       238625.55770000
2070       239071.93770000
2071       239518.85357000
2072       239966.52581000
2073       240414.86295000
2074       240863.85727000
2075       241313.51722000
2076       241763.86361000
2077       242214.89368000
2078       242666.66539000
2079       243119.04986000
2080       243572.11904000
2081       244025.83039000
2082       244480.25310000
2083       244935.39372000
2084       245391.14853000
2085       245847.66468000
2086       246304.85107000
2087       246762.64957000
2088       247221.19419000
2089       247680.40326000
2090       248140.32689000
2091       248600.92284000
2092       249062.25633000
2093       249524.16093000
2094       249986.88675000
2095       250450.22711000
2096       250914.29043000
2097       251379.04720000
2098       251844.44633000
2099       252310.59657000
2100       252777.41132000
2101       253244.97804000
2102       253713.16435000
2103       254182.14608000
2104       254651.80560000
2105       255122.05532000
2106       255593.10747000
2107       256064.83568000
2108       256537.25820000
2109       257010.33281000
2110       257484.23658000
2111       257958.70414000
2112       258433.95639000
2113       258909.90464000
2114       259386.61077000
2115       259863.94034000
2116       260341.96677000
2117       260820.75235000
2118       261300.26388000
2119       261780.47888000
2120       262261.37545000
2121       262742.97063000
2122       263225.29872000
2123       263708.35471000
2124       264192.14440000
2125       264676.58900000
2126       265161.83919000
2127       265647.74779000
2128       266134.38895000
2129       266621.73141000
2130       267109.76226000
2131       267598.57173000
2132       268088.07043000
2133       268578.30367000
2134       269069.23989000
2135       269560.94342000
2136       270053.35059000
2137       270546.41947000
2138       271040.33131000
2139       271534.87084000
2140       272030.17987000
2141       272526.27386000
2142       273023.02620000
2143       273520.47222000
2144       274018.70171000
2145       274517.67281000
2146       275017.33639000
2147       275517.78450000
2148       276018.92834000
2149       276520.81049000
2150       277023.40581000
2151       277526.77304000
2152       278030.87969000
2153       278535.73109000
2154       279041.29200000
2155       279547.65988000
2156       280054.66281000
2157       280562.48474000
2158       281071.05324000
2159       281580.31968000
2160       282090.32869000
2161       282601.16331000
2162       283112.63222000
2163       283624.88084000
2164       284137.90738000
2165       284651.69350000
2166       285166.21427000
2167       285681.44884000
2168       286197.46535000
2169       286714.23036000
2170       287231.74186000
2171       287750.00482000
2172       288269.04934000
2173       288788.80955000
2174       289309.35441000
2175       289830.53727000
2176       290352.58386000
2177       290875.41428000
2178       291398.96203000
2179       291923.32914000
2180       292448.34913000
2181       292974.22198000
2182       293500.84832000
2183       294028.19355000
2184       294556.36073000
2185       295085.21454000
2186       295614.89128000
2187       296145.32332000
2188       296676.47580000
2189       297208.41955000
2190       297741.23180000
2191       298274.68663000
2192       298808.96754000
2193       299343.93693000
2194       299879.81236000
2195       300416.36708000
2196       300953.75762000
2197       301491.86390000
2198       302030.77290000
2199       302570.47758000
2200       303110.97652000
2201       303652.20004000
2202       304194.22054000
2203       304737.03664000
2204       305280.61262000
2205       305824.95254000
2206       306370.09796000
2207       306916.03218000
2208       307462.77460000
2209       308010.19918000
2210       308558.53865000
2211       309107.57098000
2212       309657.43961000
2213       310208.10843000
2214       310759.58564000
2215       311311.75057000
2216       311864.71508000
2217       312418.56308000
2218       312973.21355000
2219       313528.55866000
2220       314084.74416000
2221       314641.73342000
2222       315199.53376000
2223       315758.09611000
2224       316317.47022000
2225       316877.65145000
2226       317438.63866000
2227       318000.39460000
2228       318563.00303000
2229       319126.30053000
2230       319690.52402000
2231       320255.51933000
2232       320821.24864000
2233       321387.94225000
2234       321955.29169000
2235       322523.53009000
2236       323092.54365000
2237       323662.32962000
2238       324232.96544000
2239       324804.45667000
2240       325376.72160000
2241       325949.76332000
2242       326523.61671000
2243       327098.36590000
2244       327673.84833000
2245       328250.18731000
2246       328827.30484000
2247       329405.35651000
2248       329984.06611000
2249       330563.67429000
2250       331144.14094000
2251       331725.34493000
2252       332307.48592000
2253       332890.36734000
2254       333474.03010000
2255       334058.51046000
2256       334643.93130000
2257       335230.13350000
2258       335817.11622000
2259       336405.00222000
2260       336993.66945000
2261       337583.15942000
2262       338173.51061000
2263       338764.64750000
2264       339356.64752000
2265       339949.55272000
2266       340543.15973000
2267       341137.67381000
2268       341733.05388000
2269       342329.21806000
2270       342926.25008000
2271       343524.14934000
2272       344122.79421000
2273       344722.30706000
2274       345322.68828000
2275       345923.97954000
2276       346526.01785000
2277       347128.92613000
2278       347732.70533000
2279       348337.31348000
2280       348942.71194000
2281       349549.02233000
2282       350156.16452000
2283       350764.22048000
2284       351372.98436000
2285       351982.74604000
2286       352593.25744000
2287       353204.68529000
2288       353816.98796000
2289       354430.00019000
2290       355044.01310000
2291       355658.90223000
2292       356274.54286000
2293       356891.06166000
2294       357508.45701000
2295       358126.73164000
2296       358745.92641000
2297       359365.91632000
2298       359986.70257000
2299       360608.40968000
2300       361230.99861000
2301       361854.51012000
2302       362478.77597000
2303       363104.00817000
2304       363730.03808000
2305       364356.95240000
2306       364984.74861000
2307       365613.42668000
2308       366242.90749000
2309       366873.44108000
2310       367504.68797000
2311       368136.86578000
2312       368769.88398000
2313       369403.79071000
2314       370038.58634000
2315       370674.26309000
2316       371310.79023000
2317       371948.20329000
2318       372586.54702000
2319       373225.78236000
2320       373865.86068000
2321       374506.83163000
2322       375148.65132000
2323       375791.44317000
2324       376435.00078000
2325       377079.49214000
2326       377724.91781000
2327       378371.23941000
2328       379018.36127000
2329       379666.47008000
2330       380315.42488000
2331       380965.36159000
2332       381616.06740000
2333       382267.72688000
2334       382920.28569000
2335       383573.80605000
2336       384228.11284000
2337       384883.29753000
2338       385539.48377000
2339       386196.48761000
2340       386854.51694000
2341       387513.31101000
2342       388173.05491000
2343       388833.69509000
2344       389495.30111000
2345       390157.87393000
2346       390821.12817000
2347       391485.48118000
2348       392150.64776000
2349       392816.80613000
2350       393483.80194000
2351       394151.72072000
2352       394820.63305000
2353       395490.40768000
2354       396161.05913000
2355       396832.64455000
2356       397505.13138000
2357       398178.61439000
2358       398852.98602000
2359       399528.18801000
2360       400204.46010000
2361       400881.52631000
2362       401559.59145000
2363       402238.49898000
2364       402918.44483000
2365       403599.28175000
2366       404281.01102000
2367       404963.59700000
2368       405647.23416000
2369       406331.77789000
2370       407017.23949000
2371       407703.65679000
2372       408390.95691000
2373       409079.20120000
2374       409768.37870000
2375       410458.53748000
2376       411149.56844000
2377       411841.61971000
2378       412534.50712000
2379       413228.43981000
2380       413923.22246000
2381       414618.96410000
2382       415315.66766000
2383       416013.38173000
2384       416711.99696000
2385       417411.47400000
2386       418112.01404000
2387       418813.38135000
2388       419515.76188000
2389       420219.10647000
2390       420923.36559000
2391       421628.60477000
2392       422334.78364000
2393       423041.90407000
2394       423749.98919000
2395       424459.04258000
2396       425169.05317000
2397       425880.03160000
2398       426591.90145000
2399       427304.81673000
2400       428018.58991000
2401       428733.38345000
2402       429449.14708000
2403       430165.83014000
2404       430883.58812000
2405       431602.15305000
2406       432321.85449000
2407       433042.41488000
2408       433763.94984000
2409       434486.42259000
2410       435209.98294000
2411       435934.32506000
2412       436659.86120000
2413       437386.20660000
2414       438113.63347000
2415       438841.98236000
2416       439571.22250000
2417       440301.60617000
2418       441032.82773000
2419       441765.07947000
2420       442498.30960000
2421       443232.49320000
2422       443967.73615000
2423       444703.98641000
2424       445441.02132000
2425       446179.26010000
2426       446918.31165000
2427       447658.54087000
2428       448399.63681000
2429       449141.68965000
2430       449884.80659000
2431       450628.88145000
2432       451373.90582000
2433       452119.97427000
2434       452867.05807000
2435       453615.06474000
2436       454364.20152000
2437       455114.15419000
2438       455865.17569000
2439       456617.24653000
2440       457370.29943000
2441       458124.31173000
2442       458879.31512000
2443       459635.39044000
2444       460392.40052000
2445       461150.48372000
2446       461909.55723000
2447       462669.59532000
2448       463430.70841000
2449       464192.72469000
2450       464955.76618000
2451       465719.91352000
2452       466485.02768000
2453       467251.19064000
2454       468018.28814000
2455       468786.38353000
2456       469555.61746000
2457       470325.79087000
2458       471096.95653000
2459       471869.17746000
2460       472642.39803000
2461       473416.70144000
2462       474192.03223000
2463       474968.30450000
2464       475745.57234000
2465       476523.90134000
2466       477303.31626000
2467       478083.73086000
2468       478865.20805000
2469       479647.68371000
2470       480431.13364000
2471       481215.67239000
2472       482001.18270000
2473       482787.81869000
2474       483575.42552000
2475       484364.15564000
2476       485153.74245000
2477       485944.54178000
2478       486736.28801000
2479       487529.06916000
2480       488322.94543000
2481       489117.76954000
2482       489913.72001000
2483       490710.73996000
2484       491508.76684000
2485       492307.80143000
2486       493107.90671000
2487       493909.14179000
2488       494711.29613000
2489       495514.52248000
2490       496318.84904000
2491       497124.24858000
2492       497930.65960000
2493       498738.14537000
2494       499546.64193000
2495       500356.27360000
2496       501166.89028000
2497       501978.61149000
2498       502791.31404000
2499       503605.06699000
2500       504420.01653000
2501       505235.92282000
2502       506052.87468000
2503       506870.96694000
2504       507690.13798000
2505       508510.32788000
2506       509331.65798000
2507       510153.94493000
2508       510977.37559000
2509       511801.79665000
2510       512627.32993000
2511       513453.97318000
2512       514281.64081000
2513       515110.42260000
2514       515940.29111000
2515       516771.21015000
2516       517603.12081000
2517       518436.18253000
2518       519270.45242000
2519       520105.65405000
2520       520941.94140000
2521       521779.38118000
2522       522617.81658000
2523       523457.40584000
2524       524298.07739000
2525       525139.77944000
2526       525982.63736000
2527       526826.64677000
2528       527671.65429000
2529       528517.75135000
2530       529364.88131000
2531       530213.22762000
2532       531062.67090000
2533       531913.07980000
2534       532764.61532000
2535       533617.31229000
2536       534471.10262000
2537       535326.01506000
2538       536181.90712000
2539       537039.11244000
2540       537897.22883000
2541       538756.60290000
2542       539616.97460000
2543       540478.42029000
2544       541341.09065000
2545       542204.83021000
2546       543069.57478000
2547       543935.58132000
2548       544802.59378000
2549       545670.74192000
2550       546540.05384000
2551       547410.40843000
2552       548281.99280000
2553       549154.62095000
2554       550028.38785000
2555       550903.28525000
2556       551779.22763000
2557       552656.34657000
2558       553534.63358000
2559       554413.89456000
2560       555294.46288000
2561       556176.04228000
2562       557058.76518000
2563       557942.65873000
2564       558827.69371000
2565       559713.81790000
2566       560601.01119000
2567       561489.51730000
2568       562379.03025000
2569       563269.63113000
2570       564161.47313000
2571       565054.43430000
2572       565948.46652000
2573       566843.72326000
2574       567740.08920000
2575       568637.60649000
2576       569536.24556000
2577       570435.95759000
2578       571336.95331000
2579       572239.00476000
2580       573142.24817000
2581       574046.63404000
2582       574952.07691000
2583       575858.80710000
2584       576766.62578000
2585       577675.55807000
2586       578585.77999000
2587       579496.96758000
2588       580409.50150000
2589       581323.16466000
2590       582237.81155000
2591       583153.75140000
2592       584070.75278000
2593       584989.04870000
2594       585908.49286000
2595       586829.03885000
2596       587750.74864000
2597       588673.68618000
2598       589597.70372000
2599       590522.96512000
2600       591449.34654000
2601       592376.93411000
2602       593305.71295000
2603       594235.61301000
2604       595166.76071000
2605       596099.00707000
2606       597032.41560000
2607       597967.04902000
2608       598902.79107000
2609       599839.79901000
2610       600778.04243000
2611       601717.31594000
2612       602657.89742000
2613       603599.54996000
2614       604542.47156000
2615       605486.53707000
2616       606431.72908000
2617       607378.23252000
2618       608325.97631000
2619       609274.79396000
2620       610224.74882000
2621       611176.00883000
2622       612128.48910000
2623       613082.07683000
2624       614036.79421000
2625       614992.82875000
2626       615950.07657000
2627       616908.46533000
2628       617868.14171000
2629       618828.81324000
2630       619790.94229000
2631       620754.12900000
2632       621718.54396000
2633       622684.14471000
2634       623650.96314000
2635       624619.10593000
2636       625588.36234000
2637       626558.75375000
2638       627530.47153000
2639       628503.31431000
2640       629477.53828000
2641       630452.82504000
2642       631429.34441000
2643       632407.09813000
2644       633386.10764000
2645       634366.29814000
2646       635347.77798000
2647       636330.34397000
2648       637314.28663000
2649       638299.44501000
2650       639285.64762000
2651       640273.18587000
2652       641262.04789000
2653       642252.01166000
2654       643243.33319000
2655       644235.70071000
2656       645229.40750000
2657       646224.42153000
2658       647220.57901000
2659       648217.93760000
2660       649216.62468000
2661       650216.55831000
2662       651217.66212000
2663       652220.05202000
2664       653223.60164000
2665       654228.48269000
2666       655234.61362000
2667       656242.01404000
2668       657250.46502000
2669       658260.40597000
2670       659271.52157000
2671       660283.88228000
2672       661297.49692000
2673       662312.30594000
2674       663328.37015000
2675       664345.80539000
2676       665364.33948000
2677       666384.27918000
2678       667405.36422000
2679       668427.80497000
2680       669451.52293000
2681       670476.34717000
2682       671502.52396000
2683       672530.07681000
2684       673558.78318000
2685       674588.75216000
2686       675619.92159000
2687       676652.45225000
2688       677686.31134000
2689       678721.32574000
2690       679757.65692000
2691       680795.28428000
2692       681834.22994000
2693       682874.36276000
2694       683915.75027000
2695       684958.50139000
2696       686002.58955000
2697       687047.78572000
2698       688094.40125000
2699       689142.22049000
2700       690191.36286000
2701       691241.79466000
2702       692293.43437000
2703       693346.54462000
2704       694400.76580000
2705       695456.40924000
2706       696513.29704000
2707       697571.39499000
2708       698630.86916000
2709       699691.68585000
2710       700753.71432000
2711       701817.12123000
2712       702881.64330000
2713       703947.64256000
2714       705014.93898000
2715       706083.49828000
2716       707153.34166000
2717       708224.44872000
2718       709296.93927000
2719       710370.77917000
2720       711445.78589000
2721       712522.17802000
2722       713600.02016000
2723       714678.98131000
2724       715759.33012000
2725       716840.94619000
2726       717923.95258000
2727       719008.31238000
2728       720093.84340000
2729       721180.81434000
2730       722269.14204000
2731       723358.59201000
2732       724449.53431000
2733       725541.64800000
2734       726635.25786000
2735       727730.17719000
2736       728826.36823000
2737       729923.90797000
2738       731022.67205000
2739       732122.93369000
2740       733224.55896000
2741       734327.41004000
2742       735431.51075000
2743       736537.17580000
2744       737643.96842000
2745       738752.21539000
2746       739861.73801000
2747       740972.61705000
2748       742084.91260000
2749       743198.48965000
2750       744313.47295000
2751       745429.63413000
2752       746547.35494000
2753       747666.34844000
2754       748786.62067000
2755       749908.30249000
2756       751031.41158000
2757       752155.70060000
2758       753281.55454000
2759       754408.48908000
2760       755536.99007000
2761       756666.86882000
2762       757798.08287000
2763       758930.61230000
2764       760064.47780000
2765       761199.76016000
2766       762336.42364000
2767       763474.37835000
2768       764613.79843000
2769       765754.60164000
2770       766896.64351000
2771       768040.10651000
2772       769184.96385000
2773       770331.24375000
2774       771478.85562000
2775       772627.76294000
2776       773778.25050000
2777       774929.86990000
2778       776083.02531000
2779       777237.51564000
2780       778393.40488000
2781       779550.66709000
2782       780709.37666000
2783       781869.37594000
2784       783030.86122000
2785       784193.64743000
2786       785357.80967000
2787       786523.46820000
2788       787690.42925000
2789       788858.92544000
2790       790028.70644000
2791       791199.84792000
2792       792372.42543000
2793       793546.40941000
2794       794721.77425000
2795       795898.53974000
2796       797076.71330000
2797       798256.32659000
2798       799437.34928000
2799       800619.65424000
2800       801803.62359000
2801       802988.74365000
2802       804175.40844000
2803       805363.42166000
2804       806552.90531000
2805       807743.77653000
2806       808936.11955000
2807       810129.79328000
2808       811324.93454000
2809       812521.49140000
2810       813719.49721000
2811       814918.81790000
2812       816119.63216000
2813       817321.85927000
2814       818525.50482000
2815       819730.66165000
2816       820937.21762000
2817       822145.09146000
2818       823354.47903000
2819       824565.28792000
2820       825777.59567000
2821       826991.21928000
2822       828206.36816000
2823       829422.93258000
2824       830640.96375000
2825       831860.29189000
2826       833081.26429000
2827       834303.54214000
2828       835527.34193000
2829       836752.60752000
2830       837979.19798000
2831       839207.31276000
2832       840436.85631000
2833       841667.90695000
2834       842900.38452000
2835       844134.29248000
2836       845369.72886000
2837       846606.53317000
2838       847844.70803000
2839       849084.51671000
2840       850325.65550000
2841       851568.36814000
2842       852812.45134000
2843       854058.03121000
2844       855305.08403000
2845       856553.57288000
2846       857803.63932000
2847       859055.14160000
2848       860307.91561000
2849       861562.49814000
2850       862818.28961000
2851       864075.62367000
2852       865334.49926000
2853       866594.71192000
2854       867856.50815000
2855       869119.78562000
2856       870384.46501000
2857       871650.73020000
2858       872918.33501000
2859       874187.69459000
2860       875458.26716000
2861       876730.45234000
2862       878004.18746000
2863       879279.30489000
2864       880555.80444000
2865       881833.96007000
2866       883113.62801000
2867       884394.78540000
2868       885677.36690000
2869       886961.35847000
2870       888247.01042000
2871       889534.21856000
2872       890822.70839000
2873       892112.86117000
2874       893404.40056000
2875       894697.67030000
2876       895992.32979000
2877       897288.37705000
2878       898585.98717000
2879       899885.11827000
2880       901185.85241000
2881       902488.01680000
2882       903791.66602000
2883       905096.92035000
2884       906403.74005000
2885       907712.01801000
2886       909021.73158000
2887       910332.97140000
2888       911645.88726000
2889       912960.26709000
2890       914275.97296000
2891       915593.42482000
2892       916912.33877000
2893       918232.82804000
2894       919554.82176000
2895       920878.27922000
2896       922203.41946000
2897       923530.13431000
2898       924858.14091000
2899       926187.83298000
2900       927518.99135000
2901       928851.73170000
2902       930186.08648000
2903       931521.80377000
2904       932859.21087000
2905       934198.19795000
2906       935538.65479000
2907       936880.62903000
2908       938224.14362000
2909       939569.28258000
2910       940916.00514000
2911       942264.20012000
2912       943614.02163000
2913       944965.28118000
2914       946318.27455000
2915       947672.81983000
2916       949028.69897000
2917       950386.34971000
2918       951745.48378000
2919       953106.20071000
2920       954468.44414000
2921       955832.27132000
2922       957197.69778000
2923       958564.71691000
2924       959933.21549000
2925       961303.35021000
2926       962675.03737000
2927       964048.43424000
2928       965423.24895000
2929       966799.65213000
2930       968177.66112000
2931       969557.26837000
2932       970938.46587000
2933       972321.27184000
2934       973705.48966000
2935       975091.49702000
2936       976479.10628000
2937       977868.12881000
2938       979258.87045000
2939       980651.21593000
2940       982045.04941000
2941       983440.67857000
2942       984837.54219000
2943       986236.31010000
2944       987636.68546000
2945       989038.55170000
2946       990442.03701000
2947       991847.04658000
2948       993253.93353000
2949       994662.09967000
2950       996071.94115000
2951       997483.66332000
2952       998896.66573000
2953      1000311.34552000
2954      1001727.83376000
2955      1003145.63527000
2956      1004565.35464000
2957      1005986.61464000
2958      1007409.29623000
2959      1008833.94367000
2960      1010259.98103000
2961      1011687.67043000
2962      1013117.02328000
2963      1014547.79954000
2964      1015980.47116000
2965      1017414.68794000
2966      1018850.32944000
2967      1020287.97737000
2968      1021726.94320000
2969      1023167.84055000
2970      1024610.10026000
2971      1026054.04992000
2972      1027499.82634000
2973      1028947.07425000
2974      1030395.98459000
2975      1031846.56793000
2976      1033298.65831000
2977      1034752.68841000
2978      1036208.08402000
2979      1037665.17522000
2980      1039123.99269000
2981      1040584.34911000
2982      1042046.62148000
2983      1043510.47824000
2984      1044975.73773000
2985      1046442.83683000
2986      1047911.60120000
2987      1049382.03849000
2988      1050854.07812000
2989      1052327.63147000
2990      1053803.10976000
2991      1055280.25662000
2992      1056758.72940000
2993      1058239.23923000
2994      1059721.31061000
2995      1061205.08891000
2996      1062690.44663000
2997      1064177.43119000
2998      1065666.26844000
2999      1067156.66974000
3000      1068648.75423000
3001      1070142.55783000
3002      1071637.96398000
3003      1073135.22797000
3004      1074633.97639000
3005      1076134.32922000
3006      1077636.65213000
3007      1079140.54356000
3008      1080646.23396000
3009      1082153.42963000
3010      1083662.34263000
3011      1085173.12156000
3012      1086685.38814000
3013      1088199.45774000
3014      1089715.22868000
3015      1091232.65619000
3016      1092751.77983000
3017      1094272.63228000
3018      1095795.18239000
3019      1097319.54723000
3020      1098845.46243000
3021      1100373.10262000
3022      1101902.55973000
3023      1103433.52332000
3024      1104966.39060000
3025      1106501.03147000
3026      1108037.18097000
3027      1109575.15108000
3028      1111114.89680000
3029      1112656.23899000
3030      1114199.40413000
3031      1115744.30132000
3032      1117290.80264000
3033      1118839.08320000
3034      1120389.18451000
3035      1121940.91549000
3036      1123494.40451000
3037      1125049.62958000
3038      1126606.57327000
3039      1128165.23139000
3040      1129725.63239000
3041      1131287.79576000
3042      1132851.78656000
3043      1134417.41170000
3044      1135984.75524000
3045      1137553.84478000
3046      1139124.70059000
3047      1140697.38819000
3048      1142271.71292000
3049      1143847.82819000
3050      1145425.75602000
3051      1147005.32268000
3052      1148586.63543000
3053      1150169.87836000
3054      1151754.80481000
3055      1153341.36851000
3056      1154929.77483000
3057      1156520.04719000
3058      1158111.88928000
3059      1159705.55559000
3060      1161301.06434000
3061      1162898.30835000
3062      1164497.15018000
3063      1166098.03949000
3064      1167700.55493000
3065      1169304.93710000
3066      1170910.94657000
3067      1172518.87126000
3068      1174128.42198000
3069      1175739.93692000
3070      1177353.12689000
3071      1178968.09552000
3072      1180584.80695000
3073      1182203.35272000
3074      1183823.66191000
3075      1185445.87374000
3076      1187069.73637000
3077      1188695.55101000
3078      1190323.15915000
3079      1191952.25102000
3080      1193583.37285000
3081      1195216.26097000
3082      1196851.01141000
3083      1198487.55937000
3084      1200125.66893000
3085      1201765.84969000
3086      1203407.68779000
3087      1205051.37439000
3088      1206696.88003000
3089      1208344.15705000
3090      1209993.39783000
3091      1211644.44304000
3092      1213296.95782000
3093      1214951.64713000
3094      1216607.99896000
3095      1218266.20643000
3096      1219926.44781000
3097      1221588.04784000
3098      1223251.73109000
3099      1224917.32219000
3100      1226584.49822000
3101      1228253.74497000
3102      1229924.65943000
3103      1231597.54933000
3104      1233272.25452000
3105      1234948.65954000
3106      1236626.92935000
3107      1238306.96806000
3108      1239989.09998000
3109      1241673.05137000
3110      1243358.59134000
3111      1245046.00056000
3112      1246735.44373000
3113      1248426.47640000
3114      1250119.59373000
3115      1251814.50022000
3116      1253511.28066000
3117      1255210.00075000
3118      1256910.19844000
3119      1258612.59963000
3120      1260316.82939000
3121      1262022.75189000
3122      1263730.76774000
3123      1265440.36394000
3124      1267151.95444000
3125      1268865.49141000
3126      1270580.72357000
3127      1272297.95287000
3128      1274016.96801000
3129      1275737.99426000
3130      1277460.95956000
3131      1279185.40647000
3132      1280911.96897000
3133      1282640.47331000
3134      1284370.68826000
3135      1286103.10248000
3136      1287837.01103000
3137      1289572.92551000
3138      1291310.89043000
3139      1293050.46420000
3140      1294792.03617000
3141      1296535.67258000
3142      1298280.90822000
3143      1300028.36414000
3144      1301777.41998000
3145      1303528.47949000
3146      1305281.61842000
3147      1307036.24342000
3148      1308793.20020000
3149      1310551.76779000
3150      1312312.34414000
3151      1314074.99548000
3152      1315839.02839000
3153      1317605.51493000
3154      1319373.76112000
3155      1321143.60169000
3156      1322915.90054000
3157      1324689.58166000
3158      1326465.50985000
3159      1328243.40639000
3160      1330022.90782000
3161      1331804.76732000
3162      1333588.27551000
3163      1335373.49694000
3164      1337161.07306000
3165      1338950.14749000
3166      1340741.57954000
3167      1342534.66933000
3168      1344329.58335000
3169      1346126.85951000
3170      1347925.63478000
3171      1349726.55607000
3172      1351529.34951000
3173      1353333.97671000
3174      1355140.86329000
3175      1356949.52049000
3176      1358760.00732000
3177      1360572.64719000
3178      1362387.00788000
3179      1364203.52362000
3180      1366021.92304000
3181      1367842.04441000
3182      1369664.54666000
3183      1371488.71210000
3184      1373314.82826000
3185      1375143.10196000
3186      1376973.10032000
3187      1378805.37880000
3188      1380639.31802000
3189      1382475.21152000
3190      1384313.26879000
3191      1386153.22078000
3192      1387995.12614000
3193      1389839.08893000
3194      1391684.77984000
3195      1393532.75711000
3196      1395382.51538000
3197      1397234.00296000
3198      1399088.01117000
3199      1400943.51923000
3200      1402801.43659000
3201      1404661.13741000
3202      1406522.56839000
3203      1408386.52926000
3204      1410252.15850000
3205      1412119.75212000
3206      1413989.41582000
3207      1415860.81272000
3208      1417734.62946000
3209      1419610.23362000
3210      1421487.68975000
3211      1423367.56970000
3212      1425249.12165000
3213      1427132.76183000
3214      1429018.36112000
3215      1430905.81542000
3216      1432795.58300000
3217      1434687.25908000
3218      1436580.79329000
3219      1438476.52548000
3220      1440374.11517000
3221      1442274.02586000
3222      1444175.72920000
3223      1446079.17526000
3224      1447985.06226000
3225      1449892.98146000
3226      1451802.76552000
3227      1453714.51551000
3228      1455628.24904000
3229      1457544.43040000
3230      1459462.17150000
3231      1461382.13702000
3232      1463304.19512000
3233      1465228.29107000
3234      1467154.13681000
3235      1469082.31682000
3236      1471012.36226000
3237      1472944.63019000
3238      1474878.81760000
3239      1476815.12015000
3240      1478753.39593000
3241      1480693.84192000
3242      1482636.16087000
3243      1484580.58215000
3244      1486527.11894000
3245      1488475.63670000
3246      1490426.32475000
3247      1492378.89433000
3248      1494333.80774000
3249      1496290.35595000
3250      1498249.37973000
3251      1500210.33583000
3252      1502173.28982000
3253      1504138.35514000
3254      1506105.47951000
3255      1508074.72909000
3256      1510045.96746000
3257      1512019.45860000
3258      1513994.81392000
3259      1515972.35877000
3260      1517951.90692000
3261      1519933.57372000
3262      1521917.30659000
3263      1523903.04458000
3264      1525891.15021000
3265      1527881.14360000
3266      1529873.13265000
3267      1531867.43868000
3268      1533863.63443000
3269      1535861.95595000
3270      1537862.59833000
3271      1539865.12285000
3272      1541869.77599000
3273      1543876.45062000
3274      1545885.37510000
3275      1547896.36674000
3276      1549909.51228000
3277      1551924.66136000
3278      1553941.95560000
3279      1555961.38496000
3280      1557982.88507000
3281      1560006.54425000
3282      1562032.19908000
3283      1564060.45114000
3284      1566090.20934000
3285      1568122.23898000
3286      1570156.55254000
3287      1572192.87672000
3288      1574231.54160000
3289      1576271.96460000
3290      1578314.79729000
3291      1580359.84159000
3292      1582406.65760000
3293      1584455.87411000
3294      1586506.99650000
3295      1588560.52204000
3296      1590616.26353000
3297      1592673.77891000
3298      1594733.58031000
3299      1596795.85520000
3300      1598859.77050000
3301      1600926.24520000
3302      1602994.48114000
3303      1605065.12914000
3304      1607138.01541000
3305      1609212.66360000
3306      1611289.86314000
3307      1613368.97685000
3308      1615450.37205000
3309      1617534.01107000
3310      1619619.54980000
3311      1621707.50998000
3312      1623797.71747000
3313      1625889.68847000
3314      1627984.22207000
3315      1630080.53678000
3316      1632179.27851000
3317      1634280.39368000
3318      1636383.29140000
3319      1638488.60185000
3320      1640596.04679000
3321      1642705.65679000
3322      1644817.57996000
3323      1646931.40862000
3324      1649047.41250000
3325      1651166.05980000
3326      1653286.49299000
3327      1655409.36608000
3328      1657534.22195000
3329      1659661.26787000
3330      1661790.75728000
3331      1663922.15563000
3332      1666055.73634000
3333      1668191.97172000
3334      1670329.87435000
3335      1672470.34780000
3336      1674613.07371000
3337      1676757.58917000
3338      1678904.70026000
3339      1681053.72378000
3340      1683205.22389000
3341      1685358.95910000
3342      1687514.62971000
3343      1689672.75884000
3344      1691832.94683000
3345      1693995.32863000
3346      1696160.38363000
3347      1698327.08735000
3348      1700496.40046000
3349      1702667.83204000
3350      1704841.32611000
3351      1707017.45795000
3352      1709195.33747000
3353      1711375.85761000
3354      1713558.49964000
3355      1715743.06044000
3356      1717930.38903000
3357      1720119.84185000
3358      1722311.09221000
3359      1724505.08976000
3360      1726701.03408000
3361      1728899.58059000
3362      1731100.13153000
3363      1733302.75335000
3364      1735508.00690000
3365      1737715.38979000
3366      1739924.87229000
3367      1742136.81451000
3368      1744350.83074000
3369      1746567.36300000
3370      1748786.15106000
3371      1751006.74121000
3372      1753230.12531000
3373      1755455.55898000
3374      1757683.36414000
3375      1759913.45676000
3376      1762145.47666000
3377      1764380.29859000
3378      1766617.10636000
3379      1768856.30043000
3380      1771097.69044000
3381      1773341.28619000
3382      1775587.56886000
3383      1777835.83937000
3384      1780086.19414000
3385      1782339.36408000
3386      1784594.52336000
3387      1786851.92318000
3388      1789111.83405000
3389      1791373.67754000
3390      1793638.18920000
3391      1795904.84737000
3392      1798173.75053000
3393      1800445.29434000
3394      1802718.86290000
3395      1804994.67891000
3396      1807272.98253000
3397      1809553.25447000
3398      1811836.48740000
3399      1814121.59080000
3400      1816409.07035000
3401      1818698.91797000
3402      1820990.95287000
3403      1823285.52527000
3404      1825582.31018000
3405      1827881.35141000
3406      1830182.88970000
3407      1832486.77921000
3408      1834792.89266000
3409      1837101.25720000
3410      1839412.00677000
3411      1841725.29432000
3412      1844040.90256000
3413      1846358.61355000
3414      1848678.86587000
3415      1851001.40467000
3416      1853326.24650000
3417      1855653.43419000
3418      1857983.05172000
3419      1860315.05418000
3420      1862649.22172000
3421      1864985.94732000
3422      1867324.93571000
3423      1869666.54293000
3424      1872010.09638000
3425      1874356.20363000
3426      1876704.71077000
3427      1879055.48495000
3428      1881408.71915000
3429      1883764.23073000
3430      1886122.13705000
3431      1888482.83723000
3432      1890845.32079000
3433      1893210.36749000
3434      1895577.86215000
3435      1897947.58986000
3436      1900320.11836000
3437      1902694.59786000
3438      1905071.47911000
3439      1907451.16556000
3440      1909832.80385000
3441      1912217.01476000
3442      1914603.51437000
3443      1916992.54649000
3444      1919384.26562000
3445      1921777.76931000
3446      1924173.85137000
3447      1926572.75041000
3448      1928973.60404000
3449      1931377.16600000
3450      1933782.85321000
3451      1936191.12491000
3452      1938601.92417000
3453      1941014.80552000
3454      1943430.27486000
3455      1945848.17018000
3456      1948268.65643000
3457      1950691.50353000
3458      1953116.48085000
3459      1955544.00584000
3460      1957974.36632000
3461      1960406.55950000
3462      1962841.65015000
3463      1965278.82700000
3464      1967718.60338000
3465      1970161.09640000
3466      1972605.37553000
3467      1975052.55935000
3468      1977502.41567000
3469      1979954.05839000
3470      1982408.83465000
3471      1984865.52450000
3472      1987324.82340000
3473      1989786.80075000
3474      1992250.91776000
3475      1994717.64792000
3476      1997186.88272000
3477      1999658.38602000
3478      2002132.55644000
3479      2004608.94601000
3480      2007087.82669000
3481      2009569.70134000
3482      2012053.54185000
3483      2014540.00488000
3484      2017028.85264000
3485      2019520.10116000
3486      2022014.02814000
3487      2024510.35756000
3488      2027009.18777000
3489      2029510.66244000
3490      2032014.28644000
3491      2034520.72341000
3492      2037029.49863000
3493      2039540.42442000
3494      2042054.47757000
3495      2044570.31819000
3496      2047089.28948000
3497      2049610.60214000
3498      2052134.06867000
3499      2054660.67128000
3500      2057189.06181000
