   1           15.29716000
   2           29.13802000
   3           43.00767000
   4           56.88444000
   5           70.76419000
   6           84.64561000
   7           98.52809000
   8          112.41135000
   9          126.29526000
  10          140.17967000
  11          154.06457000
  12          167.94993000
  13          181.83568000
  14          195.72183000
  15          209.60837000
  16          223.49523000
  17          237.38247000
  18          251.27009000
  19          265.15802000
  20          279.04624000
  21          292.93489000
  22          306.82384000
  23          320.71311000
  24          334.60268000
  25          348.49267000
  26          362.38291000
  27          376.27354000
  28          390.16448000
  29          404.05572000
  30          417.94730000
  31          431.83919000
  32          445.73145000
  33          459.62392000
  34          473.51687000
  35          487.41003000
  36          501.30354000
  37          515.19739000
  38          529.09152000
  39          542.98599000
  40          556.88081000
  41          570.77592000
  42          584.67133000
  43          598.56707000
  44          612.46322000
  45          626.35963000
  46          640.25629000
  47          654.15345000
  48          668.05068000
  49          681.94835000
  50          695.84645000
  51          709.74469000
  52          723.64335000
  53          737.54240000
  54          751.44164000
  55          765.34120000
  56          779.24113000
  57          793.14131000
  58          807.04999000
  59          820.95097000
  60          834.85236000
  61          848.75398000
  62          862.65590000
  63          876.55831000
  64          890.46981000
  65          904.37276000
  66          918.27626000
  67          932.18935000
  68          946.09344000
  69          960.00763000
  70          973.92229000
  71          987.82753000
  72         1001.74338000
  73         1015.65961000
  74         1029.57647000
  75         1043.49412000
  76         1057.42281000
  77         1071.34162000
  78         1085.27203000
  79         1099.19223000
  80         1113.12400000
  81         1127.06819000
  82         1141.00191000
  83         1154.93664000
  84         1168.88387000
  85         1182.83227000
  86         1196.78184000
  87         1210.74465000
  88         1224.70896000
  89         1238.67460000
  90         1252.64170000
  91         1266.62291000
  92         1280.60576000
  93         1294.59031000
  94         1308.58994000
  95         1322.59124000
  96         1336.60789000
  97         1350.62705000
  98         1364.64824000
  99         1378.68547000
 100         1392.72552000
 101         1406.78182000
 102         1420.84100000
 103         1434.91769000
 104         1448.99710000
 105         1463.09429000
 106         1477.19489000
 107         1491.31384000
 108         1505.45138000
 109         1519.59285000
 110         1533.73835000
 111         1547.91860000
 112         1562.10332000
 113         1576.29271000
 114         1590.50219000
 115         1604.73269000
 116         1618.98437000
 117         1633.24115000
 118         1647.51959000
 119         1661.82063000
 120         1676.12734000
 121         1690.45652000
 122         1704.80940000
 123         1719.18550000
 124         1733.56818000
 125         1747.99258000
 126         1762.42414000
 127         1776.88053000
 128         1791.36276000
 129         1805.85249000
 130         1820.38605000
 131         1834.92831000
 132         1849.49737000
 133         1864.09343000
 134         1878.71731000
 135         1893.36918000
 136         1908.04926000
 137         1922.75819000
 138         1937.47755000
 139         1952.24518000
 140         1967.02379000
 141         1981.85230000
 142         1996.69153000
 143         2011.58230000
 144         2026.48470000
 145         2041.43893000
 146         2056.40544000
 147         2071.40504000
 148         2086.45809000
 149         2101.52453000
 150         2116.62492000
 151         2131.78059000
 152         2146.95035000
 153         2162.17649000
 154         2177.41757000
 155         2192.71600000
 156         2208.02956000
 157         2223.40202000
 158         2238.81217000
 159         2254.23797000
 160         2269.72443000
 161         2285.24990000
 162         2300.81426000
 163         2316.41883000
 164         2332.06312000
 165         2347.74834000
 166         2363.47452000
 167         2379.26509000
 168         2395.07452000
 169         2410.94984000
 170         2426.84409000
 171         2442.80548000
 172         2458.81077000
 173         2474.85994000
 174         2490.95391000
 175         2507.09299000
 176         2523.27733000
 177         2539.50755000
 178         2555.80878000
 179         2572.13235000
 180         2588.52800000
 181         2604.97125000
 182         2621.46302000
 183         2638.00337000
 184         2654.59255000
 185         2671.23168000
 186         2687.94627000
 187         2704.68550000
 188         2721.50220000
 189         2738.36982000
 190         2755.26271000
 191         2772.23469000
 192         2789.28565000
 193         2806.36325000
 194         2823.49487000
 195         2840.70704000
 196         2857.94673000
 197         2875.26887000
 198         2892.64629000
 199         2910.07957000
 200         2927.56982000
 201         2945.11621000
 202         2962.71967000
 203         2980.40915000
 204         2998.12882000
 205         3015.93514000
 206         3033.80100000
 207         3051.72635000
 208         3069.71135000
 209         3087.75677000
 210         3105.86345000
 211         3124.06024000
 212         3142.28971000
 213         3160.61118000
 214         3178.99484000
 215         3197.41206000
 216         3215.92284000
 217         3234.52753000
 218         3253.16674000
 219         3271.87115000
 220         3290.64027000
 221         3309.50614000
 222         3328.40779000
 223         3347.40648000
 224         3366.47285000
 225         3385.60712000
 226         3404.80897000
 227         3424.07926000
 228         3443.41856000
 229         3462.85972000
 230         3482.33856000
 231         3501.88723000
 232         3521.53943000
 233         3541.26233000
 234         3561.02449000
 235         3580.89145000
 236         3600.83071000
 237         3620.84351000
 238         3640.92941000
 239         3661.12242000
 240         3681.35639000
 241         3701.66515000
 242         3722.08250000
 243         3742.54227000
 244         3763.11202000
 245         3783.72376000
 246         3804.44676000
 247         3825.24713000
 248         3846.12550000
 249         3867.08240000
 250         3888.11798000
 251         3909.23217000
 252         3930.42634000
 253         3951.70072000
 254         3973.05491000
 255         3994.52589000
 256         4016.04256000
 257         4037.64142000
 258         4059.35767000
 259         4081.12032000
 260         4103.00300000
 261         4124.96911000
 262         4146.98254000
 263         4169.11740000
 264         4191.33628000
 265         4213.64094000
 266         4236.03140000
 267         4258.47078000
 268         4281.03384000
 269         4303.68403000
 270         4326.42127000
 271         4349.28387000
 272         4372.19799000
 273         4395.20027000
 274         4418.29132000
 275         4441.47273000
 276         4464.74358000
 277         4488.14311000
 278         4511.59548000
 279         4535.13872000
 280         4558.81308000
 281         4582.54040000
 282         4606.39951000
 283         4630.31170000
 284         4654.31742000
 285         4678.45773000
 286         4702.65200000
 287         4726.98007000
 288         4751.36463000
 289         4775.88389000
 290         4800.45890000
 291         4825.17128000
 292         4849.97999000
 293         4874.84573000
 294         4899.84985000
 295         4924.91097000
 296         4950.11131000
 297         4975.41152000
 298         5000.76969000
 299         5026.26859000
 300         5051.86823000
 301         5077.52629000
 302         5103.32734000
 303         5129.18820000
 304         5155.19316000
 305         5181.30004000
 306         5207.46775000
 307         5233.78079000
 308         5260.19760000
 309         5286.67572000
 310         5313.30120000
 311         5339.98808000
 312         5366.82360000
 313         5393.76557000
 314         5420.76898000
 315         5447.92294000
 316         5475.14119000
 317         5502.50942000
 318         5529.94152000
 319         5557.52676000
 320         5585.17514000
 321         5612.97757000
 322         5640.84589000
 323         5668.86740000
 324         5696.95450000
 325         5725.19820000
 326         5753.50723000
 327         5781.92760000
 328         5810.50591000
 329         5839.15123000
 330         5867.90848000
 331         5896.82549000
 332         5925.80974000
 333         5954.90778000
 334         5984.12097000
 335         6013.49525000
 336         6042.93793000
 337         6072.49699000
 338         6102.17127000
 339         6131.96222000
 340         6161.87045000
 341         6191.89609000
 342         6222.03894000
 343         6252.30020000
 344         6282.68052000
 345         6313.17922000
 346         6343.79742000
 347         6374.53670000
 348         6405.39507000
 349         6436.32545000
 350         6467.42622000
 351         6498.64775000
 352         6529.94262000
 353         6561.40963000
 354         6592.99826000
 355         6624.66072000
 356         6656.49715000
 357         6688.40684000
 358         6720.49097000
 359         6752.65117000
 360         6784.98536000
 361         6817.39460000
 362         6849.93131000
 363         6882.64352000
 364         6915.43252000
 365         6948.34970000
 366         6981.39347000
 367         7014.56524000
 368         7047.86596000
 369         7081.34652000
 370         7114.90510000
 371         7148.59452000
 372         7182.36076000
 373         7216.30949000
 374         7250.39051000
 375         7284.60224000
 376         7318.94567000
 377         7353.42096000
 378         7387.97753000
 379         7422.71853000
 380         7457.59299000
 381         7492.54940000
 382         7527.69232000
 383         7562.91640000
 384         7598.33001000
 385         7633.82459000
 386         7669.45525000
 387         7705.27772000
 388         7741.18077000
 389         7777.22117000
 390         7813.45451000
 391         7849.77113000
 392         7886.22523000
 393         7922.81925000
 394         7959.55158000
 395         7996.42342000
 396         8033.43666000
 397         8070.58903000
 398         8107.88242000
 399         8145.31876000
 400         8182.89510000
 401         8220.55745000
 402         8258.41949000
 403         8296.42314000
 404         8334.57038000
 405         8372.80605000
 406         8411.24137000
 407         8449.76454000
 408         8488.49036000
 409         8527.30419000
 410         8566.31997000
 411         8605.42668000
 412         8644.73670000
 413         8684.13571000
 414         8723.68174000
 415         8763.37700000
 416         8803.27710000
 417         8843.26833000
 418         8883.40933000
 419         8923.69918000
 420         8964.13863000
 421         9004.72919000
 422         9045.46995000
 423         9086.36170000
 424         9127.40675000
 425         9168.60267000
 426         9209.95023000
 427         9251.45180000
 428         9293.10570000
 429         9334.85368000
 430         9376.81696000
 431         9418.93249000
 432         9461.14409000
 433         9503.57138000
 434         9546.15418000
 435         9588.83179000
 436         9631.72887000
 437         9674.72048000
 438         9717.93015000
 439         9761.23752000
 440         9804.76325000
 441         9848.38644000
 442         9892.23182000
 443         9936.17356000
 444         9980.27498000
 445        10024.59882000
 446        10069.02196000
 447        10113.60551000
 448        10158.41385000
 449        10203.32213000
 450        10248.39188000
 451        10293.62407000
 452        10339.02061000
 453        10384.57973000
 454        10430.36579000
 455        10476.25509000
 456        10522.30717000
 457        10568.52497000
 458        10614.91047000
 459        10661.45995000
 460        10708.17737000
 461        10755.06181000
 462        10802.11246000
 463        10849.33137000
 464        10896.71960000
 465        10944.27433000
 466        10991.99969000
 467        11039.89471000
 468        11087.89433000
 469        11136.12806000
 470        11184.53497000
 471        11233.11219000
 472        11281.85975000
 473        11330.78307000
 474        11379.87603000
 475        11429.07558000
 476        11478.51537000
 477        11528.12846000
 478        11577.91603000
 479        11627.87925000
 480        11678.01625000
 481        11728.26105000
 482        11778.75014000
 483        11829.41466000
 484        11880.25579000
 485        11931.27566000
 486        11982.40530000
 487        12033.77958000
 488        12085.33199000
 489        12137.06497000
 490        12188.97544000
 491        12240.99727000
 492        12293.26994000
 493        12345.72068000
 494        12398.35198000
 495        12451.16759000
 496        12504.16314000
 497        12557.27175000
 498        12610.63467000
 499        12664.17819000
 500        12717.90486000
 501        12771.81731000
 502        12825.91231000
 503        12880.19249000
 504        12934.66053000
 505        12989.31186000
 506        13044.14914000
 507        13099.17375000
 508        13154.38507000
 509        13209.78314000
 510        13265.37208000
 511        13321.14720000
 512        13377.10990000
 513        13433.26296000
 514        13489.67760000
 515        13546.20902000
 516        13602.93310000
 517        13659.84504000
 518        13716.94911000
 519        13774.31930000
 520        13831.80732000
 521        13889.48844000
 522        13947.43707000
 523        14005.50406000
 524        14063.83832000
 525        14122.29514000
 526        14181.01902000
 527        14239.86315000
 528        14298.97749000
 529        14358.29013000
 530        14417.72345000
 531        14477.42694000
 532        14537.32982000
 533        14597.42847000
 534        14657.65302000
 535        14718.15098000
 536        14778.84740000
 537        14839.74229000
 538        14900.83886000
 539        14962.13343000
 540        15023.70630000
 541        15085.40512000
 542        15147.30473000
 543        15209.40680000
 544        15271.78900000
 545        15334.29567000
 546        15397.08401000
 547        15459.99991000
 548        15523.19566000
 549        15586.51996000
 550        15650.12782000
 551        15713.93880000
 552        15777.95811000
 553        15842.10673000
 554        15906.53867000
 555        15971.17678000
 556        16036.02639000
 557        16101.15961000
 558        16166.42449000
 559        16231.90235000
 560        16297.58555000
 561        16363.55794000
 562        16429.66282000
 563        16496.05683000
 564        16562.66341000
 565        16629.40355000
 566        16696.43284000
 567        16763.67621000
 568        16831.13364000
 569        16898.80483000
 570        16966.68976000
 571        17034.79227000
 572        17103.18616000
 573        17171.71555000
 574        17240.54239000
 575        17309.50415000
 576        17378.76535000
 577        17448.24164000
 578        17517.85823000
 579        17587.77023000
 580        17657.90306000
 581        17728.25459000
 582        17798.90807000
 583        17869.69875000
 584        17940.71197000
 585        18012.02723000
 586        18083.56293000
 587        18155.23906000
 588        18227.21944000
 589        18299.42206000
 590        18371.85116000
 591        18444.50009000
 592        18517.37419000
 593        18590.55848000
 594        18663.88168000
 595        18737.51627000
 596        18811.29371000
 597        18885.37814000
 598        18959.69078000
 599        19034.23152000
 600        19108.99916000
 601        19184.07873000
 602        19259.30568000
 603        19334.84351000
 604        19410.52712000
 605        19486.52747000
 606        19562.75552000
 607        19639.21587000
 608        19715.91079000
 609        19792.83427000
 610        19870.07506000
 611        19947.46620000
 612        20025.17357000
 613        20103.11541000
 614        20181.29400000
 615        20259.70447000
 616        20338.35161000
 617        20417.23525000
 618        20496.43938000
 619        20575.88147000
 620        20655.47593000
 621        20735.39229000
 622        20815.54634000
 623        20896.02890000
 624        20976.66083000
 625        21057.61888000
 626        21138.73348000
 627        21220.17178000
 628        21301.85148000
 629        21383.77639000
 630        21466.02673000
 631        21548.43297000
 632        21631.17139000
 633        21714.06509000
 634        21797.28850000
 635        21880.75712000
 636        21964.56103000
 637        22048.51857000
 638        22132.81171000
 639        22217.35265000
 640        22302.13744000
 641        22387.17007000
 642        22472.45316000
 643        22557.98127000
 644        22643.85000000
 645        22729.96778000
 646        22816.33205000
 647        22902.94840000
 648        22989.81503000
 649        23077.02315000
 650        23164.48040000
 651        23252.19402000
 652        23340.15688000
 653        23428.37165000
 654        23516.93565000
 655        23605.65725000
 656        23694.72541000
 657        23784.05297000
 658        23873.63265000
 659        23963.55778000
 660        24053.74400000
 661        24144.08986000
 662        24234.87877000
 663        24325.83613000
 664        24417.04857000
 665        24508.61193000
 666        24600.43797000
 667        24692.52075000
 668        24784.86313000
 669        24877.56328000
 670        24970.42814000
 671        25063.64795000
 672        25157.13203000
 673        25250.97018000
 674        25344.97714000
 675        25439.34434000
 676        25533.97323000
 677        25628.96148000
 678        25724.12279000
 679        25819.64056000
 680        25915.42480000
 681        26011.48035000
 682        26107.79918000
 683        26204.47986000
 684        26301.43198000
 685        26398.64922000
 686        26496.13645000
 687        26593.99110000
 688        26692.01647000
 689        26790.40807000
 690        26889.17132000
 691        26988.10492000
 692        27087.40903000
 693        27186.98837000
 694        27286.83833000
 695        27387.05742000
 696        27487.55379000
 697        27588.32082000
 698        27689.36367000
 699        27790.68032000
 700        27892.37592000
 701        27994.34414000
 702        28096.68647000
 703        28199.21182000
 704        28302.11211000
 705        28405.28834000
 706        28508.74990000
 707        28612.58285000
 708        28716.69792000
 709        28821.09646000
 710        28925.77155000
 711        29030.82815000
 712        29136.17043000
 713        29241.79142000
 714        29347.79445000
 715        29454.08542000
 716        29560.65729000
 717        29667.51350000
 718        29774.76021000
 719        29882.28573000
 720        29990.10004000
 721        30098.30325000
 722        30206.68860000
 723        30315.56504000
 724        30424.63293000
 725        30534.08533000
 726        30643.82681000
 727        30753.86321000
 728        30864.28687000
 729        30974.89994000
 730        31086.01225000
 731        31197.31020000
 732        31309.00194000
 733        31420.99130000
 734        31533.26842000
 735        31645.94221000
 736        31758.91378000
 737        31872.28346000
 738        31985.83924000
 739        32099.80332000
 740        32214.15888000
 741        32328.71220000
 742        32443.66723000
 743        32558.91744000
 744        32674.56838000
 745        32790.52489000
 746        32906.77423000
 747        33023.43227000
 748        33140.39113000
 749        33257.65039000
 750        33375.31395000
 751        33493.28350000
 752        33611.55360000
 753        33730.12306000
 754        33849.10914000
 755        33968.49903000
 756        34088.09058000
 757        34208.09158000
 758        34328.50735000
 759        34449.11663000
 760        34570.14912000
 761        34691.59172000
 762        34813.23012000
 763        34935.29242000
 764        35057.76267000
 765        35180.54631000
 766        35303.63940000
 767        35427.04164000
 768        35550.86203000
 769        35675.10797000
 770        35799.55012000
 771        35924.41656000
 772        36049.59827000
 773        36175.20052000
 774        36301.11676000
 775        36427.45413000
 776        36554.10989000
 777        36681.07691000
 778        36808.36815000
 779        36936.07815000
 780        37064.21749000
 781        37192.67867000
 782        37321.45573000
 783        37450.54717000
 784        37580.07609000
 785        37710.02802000
 786        37840.19355000
 787        37970.79728000
 788        38101.82151000
 789        38233.17573000
 790        38364.84925000
 791        38496.95901000
 792        38629.38980000
 793        38762.15237000
 794        38895.34250000
 795        39028.97453000
 796        39162.82108000
 797        39297.21678000
 798        39431.82856000
 799        39566.88138000
 800        39702.37258000
 801        39838.07638000
 802        39974.33908000
 803        40110.82230000
 804        40247.74459000
 805        40385.10782000
 806        40522.81083000
 807        40660.84066000
 808        40799.31533000
 809        40938.12669000
 810        41077.38520000
 811        41216.97914000
 812        41357.02041000
 813        41497.39920000
 814        41638.10676000
 815        41779.27591000
 816        41920.77246000
 817        42062.72618000
 818        42205.02095000
 819        42347.76493000
 820        42490.84512000
 821        42634.27709000
 822        42778.15888000
 823        42922.48880000
 824        43067.17467000
 825        43212.19196000
 826        43357.67227000
 827        43503.49444000
 828        43649.77864000
 829        43796.40333000
 830        43943.49737000
 831        44090.92687000
 832        44238.82468000
 833        44387.07236000
 834        44535.66304000
 835        44684.83604000
 836        44834.24220000
 837        44984.11259000
 838        45134.44917000
 839        45285.14394000
 840        45436.17842000
 841        45587.68739000
 842        45739.66508000
 843        45891.99840000
 844        46044.67714000
 845        46197.83697000
 846        46351.34478000
 847        46505.32873000
 848        46659.79082000
 849        46814.60130000
 850        46969.77372000
 851        47125.42089000
 852        47281.54410000
 853        47437.90206000
 854        47594.86733000
 855        47752.18147000
 856        47909.86246000
 857        48068.02376000
 858        48226.66680000
 859        48385.67312000
 860        48545.16064000
 861        48705.01010000
 862        48865.21455000
 863        49025.92203000
 864        49187.10001000
 865        49348.64621000
 866        49510.68364000
 867        49673.08805000
 868        49835.97395000
 869        49999.36078000
 870        50162.97991000
 871        50327.22083000
 872        50491.83260000
 873        50656.80760000
 874        50822.27883000
 875        50988.24378000
 876        51154.58140000
 877        51321.40715000
 878        51488.61804000
 879        51656.31597000
 880        51824.38861000
 881        51992.96567000
 882        52162.03522000
 883        52331.47996000
 884        52501.31082000
 885        52671.75886000
 886        52842.45832000
 887        53013.79301000
 888        53185.49731000
 889        53357.58225000
 890        53530.17901000
 891        53703.27528000
 892        53876.74786000
 893        54050.74296000
 894        54225.10328000
 895        54399.98028000
 896        54575.37108000
 897        54751.13728000
 898        54927.41623000
 899        55104.08381000
 900        55281.26316000
 901        55458.82482000
 902        55636.90692000
 903        55815.49156000
 904        55994.47419000
 905        56173.97317000
 906        56353.98577000
 907        56534.38150000
 908        56715.31000000
 909        56896.62553000
 910        57078.45200000
 911        57260.81234000
 912        57443.54959000
 913        57626.69166000
 914        57810.48066000
 915        57994.66824000
 916        58179.37374000
 917        58364.48659000
 918        58550.11086000
 919        58736.13578000
 920        58922.83200000
 921        59109.77680000
 922        59297.39224000
 923        59485.40521000
 924        59673.94776000
 925        59862.88647000
 926        60052.36958000
 927        60242.37199000
 928        60432.78228000
 929        60623.72667000
 930        60815.07202000
 931        61007.08107000
 932        61199.51187000
 933        61392.33839000
 934        61585.69310000
 935        61779.60696000
 936        61974.04244000
 937        62168.89329000
 938        62364.28091000
 939        62560.08269000
 940        62756.55211000
 941        62953.31322000
 942        63150.74126000
 943        63348.57982000
 944        63546.96891000
 945        63745.90597000
 946        63945.25407000
 947        64145.14756000
 948        64345.46306000
 949        64546.44999000
 950        64747.86871000
 951        64949.69142000
 952        65152.19923000
 953        65355.13322000
 954        65558.61804000
 955        65762.51520000
 956        65966.98573000
 957        66172.00170000
 958        66377.56490000
 959        66583.56182000
 960        66790.11142000
 961        66997.21554000
 962        67204.75403000
 963        67412.84608000
 964        67621.49352000
 965        67830.58253000
 966        68040.35498000
 967        68250.56150000
 968        68461.19693000
 969        68672.53709000
 970        68884.29852000
 971        69096.63239000
 972        69309.39302000
 973        69522.85500000
 974        69736.76080000
 975        69951.22387000
 976        70166.12273000
 977        70381.73316000
 978        70597.77852000
 979        70814.25326000
 980        71031.44795000
 981        71249.07109000
 982        71467.26895000
 983        71686.05759000
 984        71905.26801000
 985        72125.19237000
 986        72345.57041000
 987        72566.51634000
 988        72787.90039000
 989        73009.88464000
 990        73232.56932000
 991        73455.56840000
 992        73679.28606000
 993        73903.44885000
 994        74128.32986000
 995        74353.66675000
 996        74579.44933000
 997        74805.94392000
 998        75032.91008000
 999        75260.44003000
1000        75488.57339000
1001        75717.29679000
1002        75946.46720000
1003        76176.21905000
1004        76406.58498000
1005        76637.53182000
1006        76869.06902000
1007        77101.08035000
1008        77333.66557000
1009        77566.84988000
1010        77800.64299000
1011        78035.02683000
1012        78269.86094000
1013        78505.44713000
1014        78741.48276000
1015        78978.12779000
1016        79215.23318000
1017        79453.08200000
1018        79691.38221000
1019        79930.31099000
1020        80169.82515000
1021        80409.94274000
1022        80650.69039000
1023        80891.88072000
1024        81133.68377000
1025        81376.24523000
1026        81619.26674000
1027        81862.75799000
1028        82107.01758000
1029        82351.86518000
1030        82597.20044000
1031        82843.15239000
1032        83089.71030000
1033        83336.88443000
1034        83584.67641000
1035        83832.94754000
1036        84081.96383000
1037        84331.47988000
1038        84581.59505000
1039        84832.34633000
1040        85083.70868000
1041        85335.69792000
1042        85588.30672000
1043        85841.40815000
1044        86095.26613000
1045        86349.61738000
1046        86604.57919000
1047        86860.17134000
1048        87116.40465000
1049        87373.24958000
1050        87630.73537000
1051        87888.70670000
1052        88147.45691000
1053        88406.68265000
1054        88666.55191000
1055        88927.05348000
1056        89188.17936000
1057        89449.95959000
1058        89712.36381000
1059        89975.40301000
1060        90239.09799000
1061        90503.26896000
1062        90768.22507000
1063        91033.68894000
1064        91299.77869000
1065        91566.51532000
1066        91834.05014000
1067        92102.08203000
1068        92370.75219000
1069        92640.07197000
1070        92909.88939000
1071        93180.49643000
1072        93451.77453000
1073        93723.67155000
1074        93996.08858000
1075        94269.29832000
1076        94543.01758000
1077        94817.37819000
1078        95092.55362000
1079        95368.21876000
1080        95644.55752000
1081        95921.55051000
1082        96199.33780000
1083        96477.63765000
1084        96756.60342000
1085        97036.22309000
1086        97316.49796000
1087        97597.45068000
1088        97878.89485000
1089        98161.15890000
1090        98444.09137000
1091        98727.69095000
1092        99011.94804000
1093        99296.72113000
1094        99582.31608000
1095        99868.56964000
1096       100155.51619000
1097       100442.95600000
1098       100731.23188000
1099       101020.02537000
1100       101309.64412000
1101       101599.92367000
1102       101890.74417000
1103       102182.38026000
1104       102474.70103000
1105       102767.55240000
1106       103061.20938000
1107       103355.40821000
1108       103650.43817000
1109       103946.14265000
1110       104242.36667000
1111       104539.45849000
1112       104837.20258000
1113       105135.49052000
1114       105434.61272000
1115       105734.42366000
1116       106034.91255000
1117       106335.94728000
1118       106637.82905000
1119       106940.37785000
1120       107243.64301000
1121       107547.57524000
1122       107852.21200000
1123       108157.54218000
1124       108463.55264000
1125       108770.25665000
1126       109077.67996000
1127       109385.77230000
1128       109694.58434000
1129       110004.25097000
1130       110314.44149000
1131       110625.34059000
1132       110937.09580000
1133       111249.40091000
1134       111562.54994000
1135       111876.26324000
1136       112190.82093000
1137       112506.10299000
1138       112822.08458000
1139       113138.60489000
1140       113455.99803000
1141       113774.26532000
1142       114093.08553000
1143       114412.59349000
1144       114732.84275000
1145       115053.92779000
1146       115375.60755000
1147       115698.12398000
1148       116021.20871000
1149       116345.18549000
1150       116669.85218000
1151       116995.25007000
1152       117321.38002000
1153       117648.20086000
1154       117975.75424000
1155       118304.20347000
1156       118633.19601000
1157       118963.07138000
1158       119293.51876000
1159       119624.84986000
1160       119956.90252000
1161       120289.69143000
1162       120623.18834000
1163       120957.59994000
1164       121292.57141000
1165       121628.43013000
1166       121964.84896000
1167       122302.18515000
1168       122640.23173000
1169       122979.01806000
1170       123318.72391000
1171       123658.96208000
1172       124000.13545000
1173       124341.87099000
1174       124684.49883000
1175       125027.86924000
1176       125371.99759000
1177       125717.00519000
1178       126062.60610000
1179       126409.13228000
1180       126756.20733000
1181       127104.20119000
1182       127453.10714000
1183       127802.59315000
1184       128152.81811000
1185       128503.98745000
1186       128855.87385000
1187       129208.51600000
1188       129561.92203000
1189       129916.07712000
1190       130271.14900000
1191       130626.81092000
1192       130983.39084000
1193       131340.88149000
1194       131698.98698000
1195       132057.82832000
1196       132417.60583000
1197       132778.14368000
1198       133139.43472000
1199       133501.48713000
1200       133864.48613000
1201       134228.23171000
1202       134592.57095000
1203       134958.03606000
1204       135324.07142000
1205       135691.05693000
1206       136058.63708000
1207       136427.15236000
1208       136796.60321000
1209       137166.67474000
1210       137537.66660000
1211       137909.45025000
1212       138281.98486000
1213       138655.30414000
1214       139029.57898000
1215       139404.62316000
1216       139780.43654000
1217       140157.03610000
1218       140534.58625000
1219       140912.89830000
1220       141292.02412000
1221       141671.90450000
1222       142052.74604000
1223       142434.38565000
1224       142816.78981000
1225       143200.15715000
1226       143584.15151000
1227       143969.09313000
1228       144354.99098000
1229       144741.53494000
1230       145129.00102000
1231       145517.27888000
1232       145906.35927000
1233       146296.39055000
1234       146687.20799000
1235       147078.84776000
1236       147471.25700000
1237       147864.64612000
1238       148258.85010000
1239       148654.00855000
1240       149049.79067000
1241       149446.56369000
1242       149844.12742000
1243       150242.65624000
1244       150642.02196000
1245       151042.16088000
1246       151443.29517000
1247       151845.06397000
1248       152247.98706000
1249       152651.52730000
1250       153056.08375000
1251       153461.42544000
1252       153867.59030000
1253       154274.75418000
1254       154682.70453000
1255       155091.47962000
1256       155501.25565000
1257       155911.83915000
1258       156323.41630000
1259       156735.65196000
1260       157149.03120000
1261       157563.07106000
1262       157978.11577000
1263       158393.97082000
1264       158810.67430000
1265       159228.34678000
1266       159646.84988000
1267       160066.37133000
1268       160486.70552000
1269       160907.86160000
1270       161330.05868000
1271       161753.04922000
1272       162176.88381000
1273       162601.73033000
1274       163027.41325000
1275       163454.09000000
1276       163881.64321000
1277       164310.00276000
1278       164739.36845000
1279       165169.60178000
1280       165600.64261000
1281       166032.72351000
1282       166465.64159000
1283       166899.58147000
1284       167334.35046000
1285       167769.99057000
1286       168206.63267000
1287       168644.30839000
1288       169082.67585000
1289       169522.02497000
1290       169962.43175000
1291       170403.69124000
1292       170845.78544000
1293       171288.91721000
1294       171732.92552000
1295       172177.92993000
1296       172623.80275000
1297       173070.55375000
1298       173518.32513000
1299       173966.94382000
1300       174416.62549000
1301       174867.15769000
1302       175318.72204000
1303       175771.17969000
1304       176224.46615000
1305       176678.80974000
1306       177134.20909000
1307       177590.47377000
1308       178047.59014000
1309       178505.78772000
1310       178964.81675000
1311       179424.94034000
1312       179885.89624000
1313       180347.92687000
1314       180810.84559000
1315       181274.60974000
1316       181739.63621000
1317       182205.35491000
1318       182672.11814000
1319       183139.94838000
1320       183608.68229000
1321       184078.25211000
1322       184548.91542000
1323       185020.65821000
1324       185493.26305000
1325       185966.76472000
1326       186441.33540000
1327       186916.78187000
1328       187393.30140000
1329       187870.91716000
1330       188349.39783000
1331       188828.77878000
1332       189309.24534000
1333       189790.77870000
1334       190273.20143000
1335       190756.53655000
1336       191240.94033000
1337       191726.42334000
1338       192212.83362000
1339       192700.30166000
1340       193188.67523000
1341       193678.14061000
1342       194168.51588000
1343       194659.94802000
1344       195152.33750000
1345       195645.77508000
1346       196140.32454000
1347       196635.78023000
1348       197132.14925000
1349       197629.59194000
1350       198128.17300000
1351       198627.64227000
1352       199128.22438000
1353       199629.70923000
1354       200132.28451000
1355       200636.00223000
1356       201140.59693000
1357       201646.12030000
1358       202152.76063000
1359       202660.51228000
1360       203169.15274000
1361       203678.95423000
1362       204189.84129000
1363       204701.64671000
1364       205214.60170000
1365       205728.43756000
1366       206243.41416000
1367       206759.32152000
1368       207276.34660000
1369       207794.47182000
1370       208313.57264000
1371       208833.76455000
1372       209355.08753000
1373       209877.34468000
1374       210400.73844000
1375       210925.05702000
1376       211450.51989000
1377       211977.10701000
1378       212504.60576000
1379       213033.29544000
1380       213562.87237000
1381       214093.60153000
1382       214625.47944000
1383       215158.30582000
1384       215692.24171000
1385       216227.35875000
1386       216763.39582000
1387       217300.57458000
1388       217838.93703000
1389       218378.20580000
1390       218918.65978000
1391       219460.21702000
1392       220002.75423000
1393       220546.44820000
1394       221091.08164000
1395       221637.05916000
1396       222183.83326000
1397       222731.91097000
1398       223280.97256000
1399       223831.22679000
1400       224382.58966000
1401       224934.93841000
1402       225488.45034000
1403       226043.12051000
1404       226598.73042000
1405       227155.55379000
1406       227713.50532000
1407       228272.44661000
1408       228832.57157000
1409       229393.84282000
1410       229956.27200000
1411       230519.72100000
1412       231084.31831000
1413       231649.87627000
1414       232216.83829000
1415       232784.75117000
1416       233353.85932000
1417       233923.95814000
1418       234495.22589000
1419       235067.65762000
1420       235641.31578000
1421       236215.91095000
1422       236791.92356000
1423       237368.74692000
1424       237946.91021000
1425       238526.10321000
1426       239106.65494000
1427       239688.00810000
1428       240270.76118000
1429       240854.50695000
1430       241439.62586000
1431       242025.59436000
1432       242612.90876000
1433       243201.22950000
1434       243790.99082000
1435       244381.71334000
1436       244973.46184000
1437       245566.61824000
1438       246160.75507000
1439       246756.10497000
1440       247352.69823000
1441       247950.23748000
1442       248549.23158000
1443       249149.23186000
1444       249750.43764000
1445       250352.84294000
1446       250956.31084000
1447       251560.94976000
1448       252166.82701000
1449       252773.93666000
1450       253382.23784000
1451       253991.77999000
1452       254602.33340000
1453       255214.11760000
1454       255827.10761000
1455       256441.37223000
1456       257056.81368000
1457       257673.32591000
1458       258291.03500000
1459       258909.97233000
1460       259530.18864000
1461       260151.60404000
1462       260774.25007000
1463       261397.95206000
1464       262022.87425000
1465       262649.02916000
1466       263276.46834000
1467       263905.09104000
1468       264534.98788000
1469       265165.92510000
1470       265798.31406000
1471       266431.73279000
1472       267066.42116000
1473       267702.35624000
1474       268339.53085000
1475       268977.74940000
1476       269617.42510000
1477       270258.15416000
1478       270900.17789000
1479       271543.60106000
1480       272188.09982000
1481       272833.89594000
1482       273480.71617000
1483       274128.97105000
1484       274778.56697000
1485       275429.16821000
1486       276081.28081000
1487       276734.44123000
1488       277388.80958000
1489       278044.52369000
1490       278701.47676000
1491       279359.72362000
1492       280019.21417000
1493       280680.00907000
1494       281341.84703000
1495       282005.22658000
1496       282669.59553000
1497       283335.49580000
1498       284002.49667000
1499       284670.74271000
1500       285340.48020000
1501       286011.32042000
1502       286683.42956000
1503       287356.82072000
1504       288031.55076000
1505       288707.48637000
1506       289384.77210000
1507       290063.16469000
1508       290743.02151000
1509       291424.18720000
1510       292106.65286000
1511       292790.18087000
1512       293475.25587000
1513       294161.41958000
1514       294849.05237000
1515       295537.84268000
1516       296228.12652000
1517       296919.48899000
1518       297612.37175000
1519       298306.36738000
1520       299001.87260000
1521       299698.51747000
1522       300396.44621000
1523       301095.84089000
1524       301796.44686000
1525       302498.53115000
1526       303201.72281000
1527       303906.22726000
1528       304612.28260000
1529       305319.42381000
1530       306028.16707000
1531       306737.91368000
1532       307449.05884000
1533       308161.76182000
1534       308875.54090000
1535       309590.89074000
1536       310307.34345000
1537       311025.33196000
1538       311744.67725000
1539       312465.17573000
1540       313187.13997000
1541       313910.52513000
1542       314634.99097000
1543       315361.01106000
1544       316088.40606000
1545       316817.10160000
1546       317547.18553000
1547       318278.62228000
1548       319011.38664000
1549       319745.44227000
1550       320480.92791000
1551       321217.74345000
1552       321956.12191000
1553       322695.63860000
1554       323436.73225000
1555       324178.97779000
1556       324922.80307000
1557       325667.93735000
1558       326414.25108000
1559       327162.19875000
1560       327911.43182000
1561       328662.06730000
1562       329414.28827000
1563       330167.62768000
1564       330922.37225000
1565       331678.73127000
1566       332436.15809000
1567       333195.25372000
1568       333955.69246000
1569       334717.51470000
1570       335480.70801000
1571       336245.27313000
1572       337011.22414000
1573       337778.82445000
1574       338547.55008000
1575       339317.83279000
1576       340089.57228000
1577       340862.46588000
1578       341637.16929000
1579       342413.02777000
1580       343190.29277000
1581       343969.17474000
1582       344749.26867000
1583       345530.94057000
1584       346313.98094000
1585       347098.48718000
1586       347884.35001000
1587       348671.83570000
1588       349460.73454000
1589       350250.79560000
1590       351042.51047000
1591       351835.64098000
1592       352630.35746000
1593       353426.32289000
1594       354223.87605000
1595       355022.83457000
1596       355823.27017000
1597       356625.04177000
1598       357428.24976000
1599       358233.13487000
1600       359039.41592000
1601       359847.07821000
1602       360656.22342000
1603       361466.99348000
1604       362278.94966000
1605       363092.58923000
1606       363907.62950000
1607       364724.08491000
1608       365542.25665000
1609       366361.80193000
1610       367182.76483000
1611       368005.21971000
1612       368829.08003000
1613       369654.61849000
1614       370481.59185000
1615       371309.97302000
1616       372139.85114000
1617       372971.36735000
1618       373804.27723000
1619       374638.74823000
1620       375474.56987000
1621       376312.10859000
1622       377151.11967000
1623       377991.51408000
1624       378833.36825000
1625       379676.98919000
1626       380521.99576000
1627       381368.43363000
1628       382216.61046000
1629       383066.00747000
1630       383917.06855000
1631       384769.84045000
1632       385623.83466000
1633       386479.52755000
1634       387336.73536000
1635       388195.59808000
1636       389055.89940000
1637       389917.71845000
1638       390780.99570000
1639       391646.02451000
1640       392512.41603000
1641       393380.34739000
1642       394250.03366000
1643       395121.15001000
1644       395993.74395000
1645       396868.03023000
1646       397743.81460000
1647       398621.11230000
1648       399499.90538000
1649       400380.33268000
1650       401262.30937000
1651       402146.05108000
1652       403031.22973000
1653       403917.86004000
1654       404806.29222000
1655       405696.19739000
1656       406587.59058000
1657       407480.75539000
1658       408375.36155000
1659       409271.49243000
1660       410169.39823000
1661       411068.74766000
1662       411969.87419000
1663       412872.24515000
1664       413776.61626000
1665       414682.29707000
1666       415589.66070000
1667       416498.75749000
1668       417409.23646000
1669       418321.63716000
1670       419235.30177000
1671       420150.75333000
1672       421067.69204000
1673       421986.40545000
1674       422906.67255000
1675       423828.63051000
1676       424752.16530000
1677       425677.25665000
1678       426604.07764000
1679       427532.37001000
1680       428462.53178000
1681       429394.15202000
1682       430327.35526000
1683       431262.35883000
1684       432199.02453000
1685       433137.12621000
1686       434076.92839000
1687       435018.48344000
1688       435961.64245000
1689       436906.54175000
1690       437852.99516000
1691       438801.05573000
1692       439750.82195000
1693       440702.14487000
1694       441655.35543000
1695       442610.03458000
1696       443566.51327000
1697       444524.56734000
1698       445484.40842000
1699       446445.81203000
1700       447409.07277000
1701       448373.76782000
1702       449340.10492000
1703       450308.26389000
1704       451278.21634000
1705       452249.71285000
1706       453222.80231000
1707       454197.94471000
1708       455174.43129000
1709       456152.71644000
1710       457132.73727000
1711       458114.46496000
1712       459097.71265000
1713       460082.77796000
1714       461069.67696000
1715       462058.17827000
1716       463048.21755000
1717       464040.41703000
1718       465033.89837000
1719       466029.36610000
1720       467026.34897000
1721       468025.30556000
1722       469025.64272000
1723       470028.02602000
1724       471032.02060000
1725       472037.69857000
1726       473045.15196000
1727       474054.35521000
1728       475065.32784000
1729       476077.79242000
1730       477092.37889000
1731       478108.41068000
1732       479126.38479000
1733       480146.03607000
1734       481167.38093000
1735       482190.50948000
1736       483215.43751000
1737       484242.06233000
1738       485270.55853000
1739       486300.61098000
1740       487332.56707000
1741       488366.39797000
1742       489401.83044000
1743       490439.17022000
1744       491478.09816000
1745       492518.93565000
1746       493561.61021000
1747       494605.93427000
1748       495652.17146000
1749       496699.95734000
1750       497749.64314000
1751       498801.28950000
1752       499854.53111000
1753       500909.58769000
1754       501966.65291000
1755       503025.31607000
1756       504085.84161000
1757       505148.08654000
1758       506212.38478000
1759       507278.09531000
1760       508346.02686000
1761       509415.56153000
1762       510486.96467000
1763       511560.09385000
1764       512635.07827000
1765       513712.04099000
1766       514790.56520000
1767       515871.05468000
1768       516953.48021000
1769       518037.51562000
1770       519123.47376000
1771       520211.37123000
1772       521300.92764000
1773       522392.66141000
1774       523485.83566000
1775       524581.08041000
1776       525678.09727000
1777       526777.06038000
1778       527877.89283000
1779       528980.45386000
1780       530084.91685000
1781       531191.29968000
1782       532299.36647000
1783       533409.43400000
1784       534521.32861000
1785       535635.27465000
1786       536750.89344000
1787       537868.40572000
1788       538987.87641000
1789       540109.07116000
1790       541232.16227000
1791       542357.31314000
1792       543484.29806000
1793       544613.23152000
1794       545743.97477000
1795       546876.60405000
1796       548010.93076000
1797       549147.53016000
1798       550285.76382000
1799       551426.00259000
1800       552568.26349000
1801       553712.11078000
1802       554858.33845000
1803       556006.15419000
1804       557155.98125000
1805       558307.58082000
1806       559461.28180000
1807       560616.79284000
1808       561774.33584000
1809       562933.77846000
1810       564094.93187000
1811       565258.42892000
1812       566423.57185000
1813       567590.68526000
1814       568759.83783000
1815       569930.74277000
1816       571103.82659000
1817       572278.74838000
1818       573455.63090000
1819       574634.43789000
1820       575815.34429000
1821       576997.90358000
1822       578182.61802000
1823       579369.39719000
1824       580558.00713000
1825       581748.72345000
1826       582941.09677000
1827       584135.66075000
1828       585332.12985000
1829       586530.83074000
1830       587731.26157000
1831       588933.75248000
1832       590137.95940000
1833       591344.41812000
1834       592553.05024000
1835       593763.29159000
1836       594975.58321000
1837       596190.25772000
1838       597406.59874000
1839       598625.12057000
1840       599845.31044000
1841       601067.70600000
1842       602292.28671000
1843       603518.59378000
1844       604747.22247000
1845       605977.61050000
1846       607210.04550000
1847       608444.54435000
1848       609681.12398000
1849       610919.64042000
1850       612160.28128000
1851       613403.00654000
1852       614647.78632000
1853       615894.31716000
1854       617143.19858000
1855       618393.81715000
1856       619646.90502000
1857       620901.67411000
1858       622158.46175000
1859       623417.45994000
1860       624678.66870000
1861       625941.75315000
1862       627206.87617000
1863       628474.12570000
1864       629743.40043000
1865       631014.83562000
1866       632288.28259000
1867       633563.49296000
1868       634841.13225000
1869       636120.84631000
1870       637402.65195000
1871       638686.50561000
1872       639972.23239000
1873       641260.33529000
1874       642550.51901000
1875       643842.67840000
1876       645136.80773000
1877       646433.28738000
1878       647731.80675000
1879       649032.30042000
1880       650334.96345000
1881       651639.85434000
1882       652946.86665000
1883       654255.70333000
1884       655566.85273000
1885       656880.18920000
1886       658195.62059000
1887       659512.89593000
1888       660832.56704000
1889       662154.33649000
1890       663478.36310000
1891       664804.36398000
1892       666132.54571000
1893       667462.86164000
1894       668795.21783000
1895       670129.82283000
1896       671466.83463000
1897       672805.55655000
1898       674146.53152000
1899       675489.98174000
1900       676835.20921000
1901       678182.76896000
1902       679532.39897000
1903       680884.28303000
1904       682238.36389000
1905       683594.72437000
1906       684953.00580000
1907       686313.63537000
1908       687676.31955000
1909       689041.20720000
1910       690408.18219000
1911       691777.61870000
1912       693148.99161000
1913       694522.86033000
1914       695898.78977000
1915       697276.52421000
1916       698656.89325000
1917       700039.32585000
1918       701424.17804000
1919       702810.99020000
1920       704200.00497000
1921       705591.37492000
1922       706985.04950000
1923       708380.79349000
1924       709778.84508000
1925       711178.96798000
1926       712581.31668000
1927       713986.25099000
1928       715392.84702000
1929       716802.08556000
1930       718213.50106000
1931       719627.13380000
1932       721042.78963000
1933       722461.18117000
1934       723881.30806000
1935       725304.01774000
1936       726728.84009000
1937       728155.95846000
1938       729585.33405000
1939       731017.06963000
1940       732450.77417000
1941       733887.01491000
1942       735325.41531000
1943       736766.33963000
1944       738209.25313000
1945       739654.53302000
1946       741102.13759000
1947       742552.01106000
1948       744004.05101000
1949       745458.55026000
1950       746915.39553000
1951       748374.41088000
1952       749835.61229000
1953       751299.16401000
1954       752765.09199000
1955       754233.44773000
1956       755703.90462000
1957       757176.62782000
1958       758651.91173000
1959       760129.37449000
1960       761609.10744000
1961       763091.48097000
1962       764575.68279000
1963       766062.43705000
1964       767551.83668000
1965       769043.14324000
1966       770537.00686000
1967       772033.08838000
1968       773531.51213000
1969       775032.51258000
1970       776535.62712000
1971       778041.02582000
1972       779548.88028000
1973       781059.13166000
1974       782571.67133000
1975       784086.59370000
1976       785603.91599000
1977       787123.60880000
1978       788645.68893000
1979       790170.17229000
1980       791696.95160000
1981       793226.12236000
1982       794757.85836000
1983       796291.53336000
1984       797828.08750000
1985       799366.64753000
1986       800907.88826000
1987       802451.33900000
1988       803997.29757000
1989       805545.65917000
1990       807096.31486000
1991       808649.56333000
1992       810205.21966000
1993       811762.92918000
1994       813323.11562000
1995       814886.28062000
1996       816451.38225000
1997       818018.92019000
1998       819589.03925000
1999       821161.38130000
2000       822736.42662000
2001       824313.98132000
2002       825893.49245000
2003       827475.79478000
2004       829060.61008000
2005       830647.75330000
2006       832237.24013000
2007       833829.41202000
2008       835423.83115000
2009       837020.76730000
2010       838620.13864000
2011       840221.84507000
2012       841826.35906000
2013       843433.11117000
2014       845042.67473000
2015       846654.30658000
2016       848268.45219000
2017       849885.24170000
2018       851504.36102000
2019       853126.02548000
2020       854750.31220000
2021       856377.04530000
2022       858006.21507000
2023       859638.03708000
2024       861272.19651000
2025       862908.70875000
2026       864547.96544000
2027       866189.56338000
2028       867833.82026000
2029       869480.79806000
2030       871129.75774000
2031       872781.84760000
2032       874435.81738000
2033       876092.81689000
2034       877752.08597000
2035       879414.19441000
2036       881078.28974000
2037       882745.61743000
2038       884414.92025000
2039       886087.17252000
2040       887761.61206000
2041       889438.89850000
2042       891118.75651000
2043       892800.97604000
2044       894485.86249000
2045       896173.14059000
2046       897863.16682000
2047       899555.57331000
2048       901250.75908000
2049       902948.60487000
2050       904648.74099000
2051       906351.46314000
2052       908056.84921000
2053       909765.00872000
2054       911475.57099000
2055       913188.80133000
2056       914904.62639000
2057       916623.02757000
2058       918344.01921000
2059       920067.70569000
2060       921793.77482000
2061       923522.82692000
2062       925254.09452000
2063       926988.23791000
2064       928724.97542000
2065       930464.12871000
2066       932206.06241000
2067       933950.59701000
2068       935698.03973000
2069       937447.58213000
2070       939200.33051000
2071       940955.27865000
2072       942713.02982000
2073       944473.50242000
2074       946236.47181000
2075       948002.24920000
2076       949770.55468000
2077       951541.65833000
2078       953315.47529000
2079       955091.82471000
2080       956870.48059000
2081       958652.35002000
2082       960436.75629000
2083       962223.86937000
2084       964013.52191000
2085       965805.88374000
2086       967601.07114000
2087       969398.80227000
2088       971199.24687000
2089       973002.41912000
2090       974808.34463000
2091       976616.88503000
2092       978428.15710000
2093       980242.08447000
2094       982058.73342000
2095       983878.22210000
2096       985700.56508000
2097       987525.33582000
2098       989352.96366000
2099       991183.12641000
2100       993016.33004000
2101       994852.20244000
2102       996690.40288000
2103       998531.86010000
2104      1000375.88499000
2105      1002222.64651000
2106      1004071.85881000
2107      1005924.04864000
2108      1007779.27870000
2109      1009636.77077000
2110      1011497.54604000
2111      1013360.65815000
2112      1015226.75687000
2113      1017095.60284000
2114      1018967.01764000
2115      1020841.61634000
2116      1022718.77472000
2117      1024598.39678000
2118      1026481.31731000
2119      1028366.69193000
2120      1030254.94519000
2121      1032146.09089000
2122      1034040.10654000
2123      1035936.59288000
2124      1037836.08719000
2125      1039738.34471000
2126      1041643.61401000
2127      1043551.64938000
2128      1045462.16109000
2129      1047375.80204000
2130      1049292.10025000
2131      1051211.40710000
2132      1053133.50999000
2133      1055058.31015000
2134      1056985.89706000
2135      1058916.51160000
2136      1060849.90399000
2137      1062786.21301000
2138      1064725.11293000
2139      1066667.22516000
2140      1068612.06985000
2141      1070559.58328000
2142      1072510.12504000
2143      1074463.70892000
2144      1076419.77637000
2145      1078378.94954000
2146      1080340.86445000
2147      1082305.68852000
2148      1084273.43473000
2149      1086244.11576000
2150      1088217.59266000
2151      1090194.24380000
2152      1092173.38779000
2153      1094155.64876000
2154      1096140.78371000
2155      1098128.60182000
2156      1100119.47342000
2157      1102113.41181000
2158      1104110.03647000
2159      1106109.72004000
2160      1108112.59649000
2161      1110117.85536000
2162      1112126.36496000
2163      1114137.64409000
2164      1116151.73720000
2165      1118169.34107000
2166      1120189.33157000
2167      1122212.27268000
2168      1124238.42253000
2169      1126267.39315000
2170      1128299.31934000
2171      1130334.21298000
2172      1132372.17893000
2173      1134412.98096000
2174      1136456.69486000
2175      1138503.42156000
2176      1140553.37344000
2177      1142605.84660000
2178      1144661.59716000
2179      1146720.14306000
2180      1148781.83353000
2181      1150846.31241000
2182      1152914.21257000
2183      1154984.64068000
2184      1157058.35621000
2185      1159134.87673000
2186      1161214.55018000
2187      1163297.02190000
2188      1165382.92619000
2189      1167471.36507000
2190      1169563.24004000
2191      1171657.78117000
2192      1173755.62310000
2193      1175856.28298000
2194      1177960.10713000
2195      1180066.74280000
2196      1182176.82628000
2197      1184289.45317000
2198      1186405.39033000
2199      1188524.59976000
2200      1190646.35604000
2201      1192771.56931000
2202      1194899.64469000
2203      1197030.85812000
2204      1199165.22083000
2205      1201302.58319000
2206      1203442.82144000
2207      1205586.34796000
2208      1207732.87872000
2209      1209882.28894000
2210      1212035.44340000
2211      1214190.88606000
2212      1216350.07754000
2213      1218511.83005000
2214      1220677.05561000
2215      1222845.31311000
2216      1225016.27130000
2217      1227190.57079000
2218      1229368.49701000
2219      1231548.99084000
2220      1233732.51485000
2221      1235919.35583000
2222      1238109.53874000
2223      1240302.75705000
2224      1242498.70337000
2225      1244698.13569000
2226      1246900.75576000
2227      1249106.26866000
2228      1251315.14078000
2229      1253527.17006000
2230      1255742.27224000
2231      1257960.56252000
2232      1260181.73287000
2233      1262406.58097000
2234      1264634.16233000
2235      1266865.08936000
2236      1269099.38181000
2237      1271336.41913000
2238      1273576.82448000
2239      1275820.43232000
2240      1278067.57097000
2241      1280317.30029000
2242      1282570.55628000
2243      1284826.70970000
2244      1287086.38704000
2245      1289349.30556000
2246      1291615.27257000
2247      1293884.47622000
2248      1296156.73201000
2249      1298432.37442000
2250      1300711.26402000
2251      1302993.35938000
2252      1305278.69828000
2253      1307567.26455000
2254      1309858.91767000
2255      1312153.79501000
2256      1314452.22646000
2257      1316753.89935000
2258      1319058.50205000
2259      1321366.19180000
2260      1323677.75082000
2261      1325991.92142000
2262      1328309.81508000
2263      1330630.81471000
2264      1332954.89046000
2265      1335282.69608000
2266      1337613.44113000
2267      1339947.60780000
2268      1342285.18767000
2269      1344625.86400000
2270      1346969.64352000
2271      1349316.84222000
2272      1351667.31027000
2273      1354021.35700000
2274      1356378.67628000
2275      1358739.10602000
2276      1361102.96521000
2277      1363469.93266000
2278      1365840.33909000
2279      1368214.18123000
2280      1370591.13608000
2281      1372971.53472000
2282      1375355.37520000
2283      1377742.33285000
2284      1380133.06216000
2285      1382526.59308000
2286      1384923.56878000
2287      1387324.16241000
2288      1389728.04103000
2289      1392134.88931000
2290      1394545.52155000
2291      1396959.44414000
2292      1399376.50148000
2293      1401797.18758000
2294      1404221.00673000
2295      1406648.62120000
2296      1409079.37205000
2297      1411513.42800000
2298      1413950.79484000
2299      1416391.95723000
2300      1418835.93753000
2301      1421283.89106000
2302      1423734.82456000
2303      1426189.40150000
2304      1428647.46549000
2305      1431108.51256000
2306      1433573.37873000
2307      1436041.72596000
2308      1438513.06864000
2309      1440988.06938000
2310      1443466.72406000
2311      1445948.53997000
2312      1448433.85902000
2313      1450922.49926000
2314      1453414.97333000
2315      1455910.45711000
2316      1458409.43602000
2317      1460912.25840000
2318      1463418.24924000
2319      1465927.91414000
2320      1468440.92696000
2321      1470957.11212000
2322      1473476.97655000
2323      1476000.69769000
2324      1478527.42254000
2325      1481057.67450000
2326      1483591.79003000
2327      1486128.91265000
2328      1488669.90263000
2329      1491214.07673000
2330      1493761.94534000
2331      1496313.51215000
2332      1498868.11119000
2333      1501426.56617000
2334      1503988.74632000
2335      1506553.94206000
2336      1509122.84340000
2337      1511695.29885000
2338      1514271.28444000
2339      1516851.16180000
2340      1519434.23932000
2341      1522020.51861000
2342      1524611.02942000
2343      1527204.59080000
2344      1529801.87331000
2345      1532402.87951000
2346      1535007.09397000
2347      1537615.03464000
2348      1540226.88650000
2349      1542841.95114000
2350      1545460.59629000
2351      1548082.79199000
2352      1550708.72351000
2353      1553338.24192000
2354      1555971.13074000
2355      1558607.94577000
2356      1561248.35395000
2357      1563891.98619000
2358      1566539.70174000
2359      1569190.49333000
2360      1571845.37266000
2361      1574503.76156000
2362      1577165.81212000
2363      1579831.09392000
2364      1582500.41582000
2365      1585173.06734000
2366      1587849.38611000
2367      1590529.65744000
2368      1593213.50571000
2369      1595900.87913000
2370      1598591.87404000
2371      1601286.69288000
2372      1603985.13703000
2373      1606686.92355000
2374      1609392.72887000
2375      1612102.26224000
2376      1614814.94923000
2377      1617531.85417000
2378      1620252.49411000
2379      1622976.29151000
2380      1625704.31374000
2381      1628435.78421000
2382      1631170.70907000
2383      1633909.96130000
2384      1636652.47538000
2385      1639398.68784000
2386      1642148.65268000
2387      1644902.22336000
2388      1647659.69590000
2389      1650421.06970000
2390      1653185.81276000
2391      1655954.36402000
2392      1658727.02253000
2393      1661502.85480000
2394      1664282.69816000
2395      1667066.26020000
2396      1669853.63966000
2397      1672644.79632000
2398      1675439.81653000
2399      1678238.07678000
2400      1681040.70362000
2401      1683847.05978000
2402      1686656.79981000
2403      1689470.67293000
2404      1692287.83483000
2405      1695109.47770000
2406      1697934.41235000
2407      1700763.08120000
2408      1703595.99842000
2409      1706432.21144000
2410      1709272.71521000
2411      1712116.71538000
2412      1714964.56737000
2413      1717816.57668000
2414      1720671.78370000
2415      1723531.18710000
2416      1726394.51525000
2417      1729261.49469000
2418      1732132.33194000
2419      1735006.99559000
2420      1737885.55390000
2421      1740767.73602000
2422      1743654.09660000
2423      1746544.22412000
2424      1749438.21420000
2425      1752335.84239000
2426      1755237.58173000
2427      1758143.16521000
2428      1761052.41600000
2429      1763965.99897000
2430      1766883.08652000
2431      1769804.19273000
2432      1772729.18216000
2433      1775657.92010000
2434      1778590.79039000
2435      1781527.52281000
2436      1784468.04404000
2437      1787412.34772000
2438      1790360.86774000
2439      1793313.29191000
2440      1796269.50349000
2441      1799229.47961000
2442      1802193.71366000
2443      1805161.50229000
2444      1808133.87068000
2445      1811109.69432000
2446      1814089.53001000
2447      1817073.17255000
2448      1820060.83930000
2449      1823052.74898000
2450      1826048.35819000
2451      1829047.99789000
2452      1832051.77438000
2453      1835059.48168000
2454      1838070.86631000
2455      1841086.42147000
2456      1844106.01722000
2457      1847129.52439000
2458      1850157.20807000
2459      1853188.35772000
2460      1856224.12719000
2461      1859263.49134000
2462      1862307.14411000
2463      1865354.60573000
2464      1868406.01878000
2465      1871461.94853000
2466      1874521.36519000
2467      1877585.19695000
2468      1880652.73056000
2469      1883724.22479000
2470      1886800.14048000
2471      1889879.99907000
2472      1892963.82322000
2473      1896051.48719000
2474      1899143.80683000
2475      1902239.62710000
2476      1905339.98920000
2477      1908443.85463000
2478      1911552.15872000
2479      1914664.77744000
2480      1917781.13835000
2481      1920901.23588000
2482      1924026.00906000
2483      1927154.64914000
2484      1930287.61568000
2485      1933424.33125000
2486      1936565.14765000
2487      1939710.41911000
2488      1942859.79923000
2489      1946012.80890000
2490      1949170.28123000
2491      1952331.98921000
2492      1955497.45477000
2493      1958667.62417000
2494      1961841.43177000
2495      1965019.83886000
2496      1968202.01041000
2497      1971388.30510000
2498      1974578.83488000
2499      1977773.73881000
2500      1980972.41509000
2501      1984175.81538000
2502      1987382.63089000
2503      1990594.06430000
2504      1993809.87188000
2505      1997029.81392000
2506      2000253.90328000
2507      2003481.64508000
2508      2006714.14356000
2509      2009951.02836000
2510      2013191.69668000
2511      2016436.51596000
2512      2019685.72802000
2513      2022938.98381000
2514      2026196.86797000
2515      2029458.79978000
2516      2032724.76395000
2517      2035995.13272000
2518      2039269.55456000
2519      2042548.50339000
2520      2045831.60432000
2521      2049118.89379000
2522      2052410.35647000
2523      2055706.23843000
2524      2059006.28302000
2525      2062310.88265000
2526      2065619.41884000
2527      2068932.13794000
2528      2072249.42032000
2529      2075570.74035000
2530      2078896.51432000
2531      2082226.59371000
2532      2085561.11385000
2533      2088899.58184000
2534      2092242.49423000
2535      2095589.96774000
2536      2098941.52915000
2537      2102297.27207000
2538      2105657.48898000
2539      2109022.16343000
2540      2112391.15952000
2541      2115764.00350000
2542      2119141.53877000
2543      2122523.53639000
2544      2125910.13972000
2545      2129300.70989000
2546      2132695.22651000
2547      2136094.63045000
2548      2139498.23228000
2549      2142906.56267000
2550      2146318.73610000
2551      2149735.52579000
2552      2153156.94235000
2553      2156582.19937000
2554      2160012.19654000
2555      2163446.54962000
2556      2166885.39093000
2557      2170328.47446000
2558      2173776.20056000
2559      2177227.77446000
2560      2180684.10262000
2561      2184145.44728000
2562      2187610.41931000
2563      2191080.12999000
2564      2194553.97822000
2565      2198032.59298000
2566      2201515.72933000
2567      2205003.37616000
2568      2208494.63384000
2569      2211991.44009000
2570      2215491.88462000
2571      2218997.37346000
2572      2222507.09425000
2573      2226020.86501000
2574      2229540.05634000
2575      2233062.89310000
2576      2236590.52263000
2577      2240122.77677000
2578      2243659.33972000
2579      2247200.60105000
2580      2250746.25212000
2581      2254296.04544000
2582      2257850.69162000
2583      2261409.73228000
2584      2264973.43714000
2585      2268541.70823000
2586      2272114.30532000
2587      2275691.42461000
2588      2279273.41474000
2589      2282859.66056000
2590      2286450.48421000
2591      2290046.01463000
2592      2293645.70576000
2593      2297250.65300000
2594      2300859.49195000
2595      2304473.16860000
2596      2308091.58872000
2597      2311714.05536000
2598      2315341.86160000
2599      2318973.49771000
2600      2322609.83114000
2601      2326251.44562000
2602      2329896.96153000
2603      2333547.18088000
2604      2337202.31808000
2605      2340861.88629000
2606      2344526.22466000
2607      2348194.84261000
2608      2351868.11098000
2609      2355546.37535000
2610      2359229.23413000
2611      2362916.28436000
2612      2366608.27600000
2613      2370304.86782000
2614      2374006.18658000
2615      2377712.29938000
2616      2381422.70393000
2617      2385138.06479000
2618      2388857.87775000
2619      2392582.58563000
2620      2396311.78397000
2621      2400045.75597000
2622      2403784.25521000
2623      2407527.94504000
2624      2411275.40218000
2625      2415028.37434000
2626      2418785.81163000
2627      2422547.78725000
2628      2426314.80643000
2629      2430086.29513000
2630      2433862.48985000
2631      2437643.89773000
2632      2441429.40414000
2633      2445219.80392000
2634      2449015.16903000
2635      2452814.76426000
2636      2456619.74932000
2637      2460429.05325000
2638      2464243.24746000
2639      2468062.34875000
2640      2471886.26640000
2641      2475714.58876000
2642      2479547.82409000
2643      2483386.04746000
2644      2487228.97657000
2645      2491076.56703000
2646      2494928.94968000
2647      2498786.58999000
2648      2502648.51870000
2649      2506515.41322000
2650      2510387.19520000
2651      2514263.31373000
2652      2518144.87194000
2653      2522031.10690000
2654      2525921.77084000
2655      2529817.71470000
2656      2533718.34078000
2657      2537623.95155000
2658      2541534.30060000
2659      2545449.33725000
2660      2549369.66803000
2661      2553294.30996000
2662      2557224.32908000
2663      2561159.09819000
2664      2565098.18332000
2665      2569042.65269000
2666      2572992.05201000
2667      2576946.15440000
2668      2580905.39995000
2669      2584869.35198000
2670      2588837.93700000
2671      2592812.40417000
2672      2596790.85186000
2673      2600774.11418000
2674      2604762.91702000
2675      2608756.23099000
2676      2612754.78088000
2677      2616758.28992000
2678      2620766.13922000
2679      2624779.71954000
2680      2628798.02730000
2681      2632820.81437000
2682      2636848.95722000
2683      2640882.01145000
2684      2644920.11397000
2685      2648962.83831000
2686      2653010.86437000
2687      2657064.05663000
2688      2661122.19568000
2689      2665185.00967000
2690      2669253.02124000
2691      2673325.57649000
2692      2677403.58356000
2693      2681486.79581000
2694      2685574.37548000
2695      2689667.53054000
2696      2693765.82873000
2697      2697868.63594000
2698      2701976.84418000
2699      2706089.42826000
2700      2710207.66831000
2701      2714331.13354000
2702      2718459.55215000
2703      2722592.62818000
2704      2726731.23430000
2705      2730874.36415000
2706      2735023.10451000
2707      2739176.24797000
2708      2743335.25713000
2709      2747499.12357000
2710      2751667.96084000
2711      2755842.04785000
2712      2760020.92091000
2713      2764204.90922000
2714      2768394.14481000
2715      2772588.37103000
2716      2776787.71926000
2717      2780992.71289000
2718      2785202.50417000
2719      2789416.84436000
2720      2793637.03660000
2721      2797862.22333000
2722      2802092.48954000
2723      2806327.95186000
2724      2810568.55518000
2725      2814814.24592000
2726      2819065.13841000
2727      2823321.17869000
2728      2827582.50884000
2729      2831848.85209000
2730      2836120.68656000
2731      2840397.53742000
2732      2844679.54793000
2733      2848966.47054000
2734      2853258.80697000
2735      2857556.50708000
2736      2861859.51840000
2737      2866167.55930000
2738      2870480.71769000
2739      2874799.49995000
2740      2879123.06817000
2741      2883452.15880000
2742      2887786.48271000
2743      2892125.59849000
2744      2896470.44556000
2745      2900820.33084000
2746      2905175.75228000
2747      2909536.42636000
2748      2913902.09528000
2749      2918273.30909000
2750      2922649.58041000
2751      2927030.85178000
2752      2931417.87970000
2753      2935810.16210000
2754      2940207.81356000
2755      2944610.31408000
2756      2949018.43848000
2757      2953432.13066000
2758      2957850.89782000
2759      2962274.47430000
2760      2966704.03916000
2761      2971138.87394000
2762      2975579.29045000
2763      2980024.39703000
2764      2984474.71608000
2765      2988931.43732000
2766      2993392.85483000
2767      2997859.69967000
2768      3002331.74626000
2769      3006809.28744000
2770      3011292.43284000
2771      3015780.68100000
2772      3020274.36643000
2773      3024773.87570000
2774      3029277.88485000
2775      3033788.15919000
2776      3038303.65734000
2777      3042823.84460000
2778      3047350.48291000
2779      3051882.02748000
2780      3056418.84172000
2781      3060961.47432000
2782      3065509.04916000
2783      3070062.29893000
2784      3074621.40832000
2785      3079185.83350000
2786      3083755.29209000
2787      3088330.28598000
2788      3092910.78494000
2789      3097497.34125000
2790      3102088.42279000
2791      3106685.41702000
2792      3111288.47751000
2793      3115896.06794000
2794      3120509.72981000
2795      3125128.76561000
2796      3129752.88674000
2797      3134383.30948000
2798      3139018.89281000
2799      3143659.56688000
2800      3148306.55252000
2801      3152958.70502000
2802      3157616.55198000
2803      3162279.52398000
2804      3166948.26725000
2805      3171622.71332000
2806      3176302.33650000
2807      3180987.46727000
2808      3185678.93646000
2809      3190375.18671000
2810      3195077.55622000
2811      3199785.11344000
2812      3204498.18806000
2813      3209217.44284000
2814      3213942.06716000
2815      3218671.63669000
2816      3223407.57184000
2817      3228148.88173000
2818      3232896.16057000
2819      3237648.41380000
2820      3242406.43071000
2821      3247170.42592000
2822      3251940.03645000
2823      3256714.60919000
2824      3261495.97959000
2825      3266281.69692000
2826      3271074.45156000
2827      3275871.78926000
2828      3280674.90976000
2829      3285484.43990000
2830      3290298.96282000
2831      3295119.10513000
2832      3299945.66762000
2833      3304776.99176000
2834      3309614.57246000
2835      3314457.96709000
2836      3319306.58851000
2837      3324161.40914000
2838      3329021.64228000
2839      3333887.51618000
2840      3338759.43006000
2841      3343636.76214000
2842      3348519.90025000
2843      3353408.94072000
2844      3358303.80268000
2845      3363204.72126000
2846      3368110.65930000
2847      3373022.18279000
2848      3377940.25673000
2849      3382863.76368000
2850      3387793.50828000
2851      3392728.27992000
2852      3397668.97105000
2853      3402615.90873000
2854      3407568.53315000
2855      3412526.34955000
2856      3417490.91279000
2857      3422460.76010000
2858      3427436.86874000
2859      3432418.26542000
2860      3437405.27275000
2861      3442398.63585000
2862      3447397.70351000
2863      3452402.63735000
2864      3457413.43917000
2865      3462429.95132000
2866      3467452.58767000
2867      3472480.93951000
2868      3477515.16925000
2869      3482555.53295000
2870      3487600.95454000
2871      3492653.17816000
2872      3497711.29290000
2873      3502774.21628000
2874      3507844.20979000
2875      3512919.68213000
2876      3518001.05098000
2877      3523088.57957000
2878      3528181.84781000
2879      3533280.60653000
2880      3538386.20502000
2881      3543496.62174000
2882      3548614.04054000
2883      3553737.05485000
2884      3558865.57116000
2885      3564001.10106000
2886      3569141.45457000
2887      3574288.52056000
2888      3579441.24105000
2889      3584599.58173000
2890      3589764.43028000
2891      3594935.57068000
2892      3600111.96818000
2893      3605294.84045000
2894      3610483.37529000
2895      3615678.39226000
2896      3620879.18834000
2897      3626085.92997000
2898      3631298.89992000
2899      3636517.38904000
2900      3641742.36274000
2901      3646973.30810000
2902      3652210.72901000
2903      3657453.85949000
2904      3662702.36901000
2905      3667957.79620000
2906      3673219.20921000
2907      3678486.15495000
2908      3683759.61120000
2909      3689039.33229000
2910      3694325.00903000
2911      3699616.95666000
2912      3704914.44551000
2913      3710218.04340000
2914      3715528.48508000
2915      3720844.60221000
2916      3726166.43455000
2917      3731495.24981000
2918      3736829.61654000
2919      3742170.55554000
2920      3747517.04948000
2921      3752870.23950000
2922      3758229.73644000
2923      3763594.37363000
2924      3768965.99326000
2925      3774343.65129000
2926      3779727.57237000
2927      3785117.81664000
2928      3790513.90880000
2929      3795916.01980000
2930      3801324.74419000
2931      3806739.46212000
2932      3812160.80147000
2933      3817587.71727000
2934      3823021.08407000
2935      3828461.08303000
2936      3833906.94723000
2937      3839358.71178000
2938      3844817.10837000
2939      3850281.94649000
2940      3855752.86477000
2941      3861230.08052000
2942      3866713.20942000
2943      3872203.13609000
2944      3877698.65657000
2945      3883200.80870000
2946      3888709.76931000
2947      3894224.32889000
2948      3899745.99327000
2949      3905273.26010000
2950      3910806.59296000
2951      3916346.90995000
2952      3921892.96558000
2953      3927445.67899000
2954      3933004.80407000
2955      3938569.96466000
2956      3944142.13130000
2957      3949720.04319000
2958      3955303.90960000
2959      3960895.34863000
2960      3966491.98262000
2961      3972096.02300000
2962      3977705.61031000
2963      3983321.84156000
2964      3988944.81530000
2965      3994573.41681000
2966      4000208.54604000
2967      4005850.72835000
2968      4011498.96940000
2969      4017153.97214000
2970      4022814.73551000
2971      4028481.48678000
2972      4034156.16604000
2973      4039836.48619000
2974      4045523.10703000
2975      4051216.45460000
2976      4056915.75031000
2977      4062622.57009000
2978      4068334.73251000
2979      4074053.63794000
2980      4079779.46795000
2981      4085511.25745000
2982      4091250.22910000
2983      4096995.09122000
2984      4102745.91804000
2985      4108504.73323000
2986      4114268.78053000
2987      4120040.02675000
2988      4125817.60353000
2989      4131601.46703000
2990      4137392.60158000
2991      4143189.09145000
2992      4148992.79624000
2993      4154803.35444000
2994      4160620.01499000
2995      4166443.04173000
2996      4172273.16303000
2997      4178109.27641000
2998      4183953.12290000
2999      4189802.21874000
3000      4195658.12678000
3001      4201521.46270000
3002      4207390.48280000
3003      4213266.64457000
3004      4219149.17435000
3005      4225037.71183000
3006      4230934.33595000
3007      4236836.65249000
3008      4242745.80811000
3009      4248661.66595000
3010      4254583.21894000
3011      4260512.69989000
3012      4266448.56793000
3013      4272391.11056000
3014      4278340.04463000
3015      4284295.00684000
3016      4290257.59347000
3017      4296226.90561000
3018      4302202.58062000
3019      4308184.98643000
3020      4314173.86471000
3021      4320169.62472000
3022      4326172.12374000
3023      4332181.43216000
3024      4338197.19850000
3025      4344219.81562000
3026      4350249.58231000
3027      4356285.66823000
3028      4362328.24372000
3029      4368378.06125000
3030      4374434.30707000
3031      4380497.71915000
3032      4386567.37912000
3033      4392643.80905000
3034      4398727.75158000
3035      4404818.13427000
3036      4410914.58752000
3037      4417018.74976000
3038      4423129.26114000
3039      4429247.06269000
3040      4435371.21851000
3041      4441501.89187000
3042      4447639.85734000
3043      4453784.71787000
3044      4459936.69287000
3045      4466094.25764000
3046      4472259.75357000
3047      4478432.03111000
3048      4484611.12309000
3049      4490796.40441000
3050      4496989.35463000
3051      4503189.21976000
3052      4509395.88240000
3053      4515608.48967000
3054      4521829.06188000
3055      4528056.09216000
3056      4534290.74782000
3057      4540531.51683000
3058      4546778.93891000
3059      4553033.99627000
3060      4559295.87659000
3061      4565564.69557000
3062      4571839.63626000
3063      4578122.30428000
3064      4584411.91831000
3065      4590708.81141000
3066      4597011.66880000
3067      4603322.10495000
3068      4609639.47307000
3069      4615964.07218000
3070      4622295.60930000
3071      4628633.47671000
3072      4634979.02588000
3073      4641331.43879000
3074      4647690.26934000
3075      4654056.71114000
3076      4660430.02625000
3077      4666810.76006000
3078      4673198.29393000
3079      4679592.25419000
3080      4685993.92471000
3081      4692402.48406000
3082      4698818.39687000
3083      4705241.20532000
3084      4711670.44780000
3085      4718107.34211000
3086      4724551.21695000
3087      4731002.26705000
3088      4737460.61324000
3089      4743925.50416000
3090      4750397.77185000
3091      4756877.77541000
3092      4763363.78199000
3093      4769857.54558000
3094      4776358.23912000
3095      4782866.32478000
3096      4789381.79207000
3097      4795903.26877000
3098      4802432.89541000
3099      4808969.46819000
3100      4815512.50000000
3101      4822063.24873000
3102      4828621.84475000
3103      4835186.96511000
3104      4841759.56070000
3105      4848338.93609000
3106      4854925.28891000
3107      4861519.88674000
3108      4868121.08733000
3109      4874729.26508000
3110      4881344.68307000
3111      4887967.54003000
3112      4894597.83097000
3113      4901234.92329000
3114      4907879.46323000
3115      4914531.38541000
3116      4921190.82360000
3117      4927857.26443000
3118      4934530.51991000
3119      4941211.23778000
3120      4947899.41602000
3121      4954594.86549000
3122      4961298.11930000
3123      4968007.67060000
3124      4974725.48258000
3125      4981450.37996000
3126      4988181.71935000
3127      4994921.33199000
3128      5001668.43273000
3129      5008422.18093000
3130      5015183.81896000
3131      5021951.96348000
3132      5028728.40239000
3133      5035511.49686000
3134      5042301.89856000
3135      5049101.00802000
3136      5055906.03284000
3137      5062718.92214000
3138      5069539.78355000
3139      5076367.11359000
3140      5083201.91816000
3141      5090044.70484000
3142      5096894.57027000
3143      5103751.97270000
3144      5110616.30535000
3145      5117488.98831000
3146      5124368.81230000
3147      5131255.11980000
3148      5138151.05954000
3149      5145052.47021000
3150      5151961.79906000
3151      5158879.14515000
3152      5165803.02765000
3153      5172735.66397000
3154      5179674.63891000
3155      5186622.04820000
3156      5193576.58398000
3157      5200537.62288000
3158      5207507.10650000
3159      5214484.59592000
3160      5221468.17846000
3161      5228461.01367000
3162      5235460.23471000
3163      5242467.42759000
3164      5249482.22736000
3165      5256504.00137000
3166      5263534.63633000
3167      5270571.17030000
3168      5277616.60865000
3169      5284668.79253000
3170      5291728.83969000
3171      5298796.46875000
3172      5305872.18756000
3173      5312954.44056000
3174      5320045.59434000
3175      5327143.11219000
3176      5334249.11304000
3177      5341362.76448000
3178      5348482.98794000
3179      5355612.56633000
3180      5362748.51536000
3181      5369892.53810000
3182      5377044.22719000
3183      5384203.35954000
3184      5391370.57687000
3185      5398545.47103000
3186      5405726.92374000
3187      5412917.80109000
3188      5420115.05808000
3189      5427320.85395000
3190      5434533.90590000
3191      5441754.42238000
3192      5448983.47106000
3193      5456219.36486000
3194      5463463.81928000
3195      5470715.54303000
3196      5477974.74521000
3197      5485242.07872000
3198      5492517.59209000
3199      5499800.13217000
3200      5507091.25981000
3201      5514389.22707000
3202      5521695.80458000
3203      5529009.65746000
3204      5536331.02432000
3205      5543661.43488000
3206      5550998.25870000
3207      5558343.69872000
3208      5565696.89159000
3209      5573057.59900000
3210      5580426.48483000
3211      5587802.68067000
3212      5595186.85180000
3213      5602580.12934000
3214      5609979.35333000
3215      5617387.69082000
3216      5624803.80806000
3217      5632227.00426000
3218      5639659.32271000
3219      5647098.51445000
3220      5654545.92024000
3221      5662001.58571000
3222      5669464.33979000
3223      5676935.77949000
3224      5684415.02538000
3225      5691901.82934000
3226      5699397.33341000
3227      5706899.72466000
3228      5714411.28874000
3229      5721930.21045000
3230      5729456.23593000
3231      5736991.91763000
3232      5744534.02475000
3233      5752084.86450000
3234      5759643.53948000
3235      5767210.26442000
3236      5774784.79484000
3237      5782368.11236000
3238      5789959.23749000
3239      5797557.74465000
3240      5805163.84905000
3241      5812779.18420000
3242      5820402.38563000
3243      5828032.71659000
3244      5835672.30271000
3245      5843319.27626000
3246      5850974.55708000
3247      5858637.72019000
3248      5866308.48927000
3249      5873988.53877000
3250      5881675.99937000
3251      5889371.30249000
3252      5897075.45616000
3253      5904786.75869000
3254      5912506.88207000
3255      5920234.89718000
3256      5927970.55226000
3257      5935715.52947000
3258      5943467.91866000
3259      5951228.19248000
3260      5958997.33029000
3261      5966773.65260000
3262      5974558.80892000
3263      5982352.86308000
3264      5990153.83380000
3265      5997963.71006000
3266      6005781.22932000
3267      6013607.15548000
3268      6021441.97499000
3269      6029283.99951000
3270      6037135.38659000
3271      6044993.73847000
3272      6052861.46134000
3273      6060736.65272000
3274      6068620.00336000
3275      6076511.79486000
3276      6084412.50884000
3277      6092321.64257000
3278      6100238.25776000
3279      6108162.57427000
3280      6116095.79132000
3281      6124037.98266000
3282      6131988.10381000
3283      6139946.22656000
3284      6147912.53728000
3285      6155887.29436000
3286      6163871.04747000
3287      6171862.01224000
3288      6179862.45977000
3289      6187869.86309000
3290      6195886.71809000
3291      6203912.11664000
3292      6211944.69393000
3293      6219986.77873000
3294      6228036.90252000
3295      6236095.46632000
3296      6244162.54967000
3297      6252237.38196000
3298      6260321.18210000
3299      6268413.55833000
3300      6276513.91389000
3301      6284622.80602000
3302      6292739.93588000
3303      6300865.57638000
3304      6309000.28975000
3305      6317142.24667000
3306      6325293.72854000
3307      6333453.76835000
3308      6341621.80864000
3309      6349798.46650000
3310      6357982.85342000
3311      6366176.78795000
3312      6374378.82049000
3313      6382589.87796000
3314      6390808.98355000
3315      6399036.41953000
3316      6407272.89094000
3317      6415517.47676000
3318      6423770.34402000
3319      6432031.77865000
3320      6440302.35484000
3321      6448581.44575000
3322      6456869.14610000
3323      6465164.66241000
3324      6473469.30701000
3325      6481783.05123000
3326      6490104.84489000
3327      6498435.33116000
3328      6506773.58005000
3329      6515121.45878000
3330      6523477.97493000
3331      6531843.10290000
3332      6540216.32525000
3333      6548598.41979000
3334      6556989.13585000
3335      6565389.05879000
3336      6573796.75969000
3337      6582213.64629000
3338      6590639.19792000
3339      6599073.31471000
3340      6607516.65973000
3341      6615967.30964000
3342      6624428.20732000
3343      6632897.22879000
3344      6641374.90764000
3345      6649860.71396000
3346      6658356.00080000
3347      6666860.43888000
3348      6675372.53025000
3349      6683894.82665000
3350      6692424.21549000
3351      6700963.19049000
3352      6709511.25137000
3353      6718067.54549000
3354      6726633.01609000
3355      6735206.63988000
3356      6743789.78936000
3357      6752381.07057000
3358      6760981.08472000
3359      6769590.06400000
3360      6778208.81620000
3361      6786835.73818000
3362      6795471.38102000
3363      6804115.68194000
3364      6812769.63747000
3365      6821432.23232000
3366      6830103.58885000
3367      6838783.10334000
3368      6847471.87061000
3369      6856169.73600000
3370      6864876.83739000
3371      6873592.03461000
3372      6882317.74392000
3373      6891049.99492000
3374      6899792.33718000
3375      6908544.52186000
3376      6917303.83800000
3377      6926073.25987000
3378      6934851.45951000
3379      6943638.46546000
3380      6952434.74384000
3381      6961239.24139000
3382      6970053.38059000
3383      6978876.80373000
3384      6987708.45378000
3385      6996550.10116000
3386      7005399.27299000
3387      7014258.70751000
3388      7023126.95584000
3389      7032003.33126000
3390      7040890.33213000
3391      7049784.97627000
3392      7058689.19240000
3393      7067602.84409000
3394      7076524.14204000
3395      7085456.23635000
3396      7094396.56506000
3397      7103345.15201000
3398      7112304.90588000
3399      7121272.19485000
3400      7130249.32777000
3401      7139235.19836000
3402      7148229.83086000
3403      7157234.55713000
3404      7166247.56131000
3405      7175270.18637000
3406      7184301.68748000
3407      7193342.09117000
3408      7202392.98099000
3409      7211451.04880000
3410      7220518.75407000
3411      7229597.21910000
3412      7238683.22882000
3413      7247779.87908000
3414      7256884.83239000
3415      7265998.32418000
3416      7275122.47312000
3417      7284254.30388000
3418      7293396.56707000
3419      7302547.61676000
3420      7311706.98201000
3421      7320878.15800000
3422      7330055.89800000
3423      7339244.59187000
3424      7348442.08518000
3425      7357648.54274000
3426      7366865.07753000
3427      7376089.94694000
3428      7385323.88214000
3429      7394568.69253000
3430      7403821.70002000
3431      7413084.31272000
3432      7422355.76686000
3433      7431636.44896000
3434      7440928.38564000
3435      7450227.53620000
3436      7459537.95260000
3437      7468855.43286000
3438      7478182.80554000
3439      7487521.61527000
3440      7496867.49165000
3441      7506223.12010000
3442      7515589.55204000
3443      7524963.70382000
3444      7534349.32554000
3445      7543742.01528000
3446      7553144.47485000
3447      7562558.42387000
3448      7571979.44182000
3449      7581412.46011000
3450      7590852.71146000
3451      7600302.75216000
3452      7609763.65375000
3453      7619232.12394000
3454      7628711.46404000
3455      7638200.03959000
3456      7647697.59025000
3457      7657205.53063000
3458      7666721.71054000
3459      7676248.78990000
3460      7685784.78334000
3461      7695329.60433000
3462      7704885.84295000
3463      7714449.65570000
3464      7724022.97908000
3465      7733607.73717000
3466      7743200.74764000
3467      7752803.52444000
3468      7762416.59354000
3469      7772037.65891000
3470      7781670.86888000
3471      7791311.15609000
3472      7800962.41599000
3473      7810623.30726000
3474      7820292.20107000
3475      7829973.27298000
3476      7839662.29655000
3477      7849361.95016000
3478      7859070.24778000
3479      7868788.43830000
3480      7878516.76757000
3481      7888254.44300000
3482      7898002.76895000
3483      7907759.75596000
3484      7917525.95850000
3485      7927303.01504000
3486      7937088.74138000
3487      7946885.83616000
3488      7956690.90819000
3489      7966505.90930000
3490      7976331.78899000
3491      7986166.85981000
3492      7996011.16692000
3493      8005865.86213000
3494      8015730.46480000
3495      8025604.55624000
3496      8035488.56360000
3497      8045381.82095000
3498      8055285.48996000
3499      8065198.88216000
3500      8075122.48875000
