   1            0.77730000
   2            2.10334000
   3            3.58644000
   4            5.29412000
   5            7.20784000
   6            9.30918000
   7           11.58322000
   8           14.01794000
   9           16.60344000
  10           19.33143000
  11           22.19486000
  12           25.18761000
  13           28.30433000
  14           31.54027000
  15           34.89120000
  16           38.35330000
  17           41.92313000
  18           45.59752000
  19           49.37358000
  20           53.24867000
  21           57.22030000
  22           61.28619000
  23           65.44421000
  24           69.69238000
  25           74.02882000
  26           78.45175000
  27           82.95956000
  28           87.55065000
  29           92.22356000
  30           96.97687000
  31          101.80926000
  32          106.71946000
  33          111.70628000
  34          116.76851000
  35          121.90510000
  36          127.11496000
  37          132.39711000
  38          137.75056000
  39          143.17436000
  40          148.66765000
  41          154.22954000
  42          159.85919000
  43          165.55585000
  44          171.31868000
  45          177.14697000
  46          183.03999000
  47          188.99704000
  48          195.01743000
  49          201.10057000
  50          207.24570000
  51          213.45232000
  52          219.71974000
  53          226.04750000
  54          232.43492000
  55          238.88147000
  56          245.38667000
  57          251.94997000
  58          258.57080000
  59          265.24881000
  60          271.98340000
  61          278.77414000
  62          285.62054000
  63          292.52228000
  64          299.47876000
  65          306.48962000
  66          313.55450000
  67          320.67291000
  68          327.84451000
  69          335.06885000
  70          342.34564000
  71          349.67447000
  72          357.05493000
  73          364.48676000
  74          371.96945000
  75          379.50284000
  76          387.08652000
  77          394.72015000
  78          402.40335000
  79          410.13596000
  80          417.91757000
  81          425.74783000
  82          433.62653000
  83          441.55338000
  84          449.52808000
  85          457.55023000
  86          465.61978000
  87          473.73624000
  88          481.89944000
  89          490.10913000
  90          498.36505000
  91          506.66687000
  92          515.01440000
  93          523.40747000
  94          531.84576000
  95          540.32892000
  96          548.85687000
  97          557.42932000
  98          566.04620000
  99          574.70703000
 100          583.41168000
 101          592.16003000
 102          600.95172000
 103          609.78662000
 104          618.66461000
 105          627.58533000
 106          636.54865000
 107          645.55438000
 108          654.60229000
 109          663.69214000
 110          672.82385000
 111          681.99719000
 112          691.21204000
 113          700.46808000
 114          709.76520000
 115          719.10315000
 116          728.48193000
 117          737.90118000
 118          747.36096000
 119          756.86084000
 120          766.40076000
 121          775.98047000
 122          785.59998000
 123          795.25903000
 124          804.95752000
 125          814.69537000
 126          824.47205000
 127          834.28784000
 128          844.14227000
 129          854.03540000
 130          863.96698000
 131          873.93695000
 132          883.94513000
 133          893.99133000
 134          904.08442000
 135          914.20641000
 136          924.36605000
 137          934.56312000
 138          944.79754000
 139          955.06936000
 140          965.37812000
 141          975.72381000
 142          986.10636000
 143          996.52571000
 144         1006.98151000
 145         1017.47385000
 146         1028.01275000
 147         1038.57778000
 148         1049.17882000
 149         1059.81588000
 150         1070.48870000
 151         1081.19740000
 152         1091.94164000
 153         1102.73242000
 154         1113.54757000
 155         1124.39799000
 156         1135.28357000
 157         1146.20442000
 158         1157.17152000
 159         1168.16221000
 160         1179.18755000
 161         1190.25934000
 162         1201.35388000
 163         1212.48286000
 164         1223.65826000
 165         1234.85583000
 166         1246.08758000
 167         1257.36596000
 168         1268.66558000
 169         1280.01169000
 170         1291.37906000
 171         1302.79302000
 172         1314.22765000
 173         1325.70885000
 174         1337.21025000
 175         1348.75821000
 176         1360.32613000
 177         1371.94061000
 178         1383.58829000
 179         1395.25533000
 180         1406.96904000
 181         1418.71571000
 182         1430.49520000
 183         1442.30741000
 184         1454.15232000
 185         1466.02971000
 186         1477.92492000
 187         1489.86725000
 188         1501.85659000
 189         1513.86349000
 190         1525.90238000
 191         1537.97351000
 192         1550.07650000
 193         1562.21147000
 194         1574.39406000
 195         1586.59265000
 196         1598.82312000
 197         1611.10119000
 198         1623.39479000
 199         1635.73611000
 200         1648.10907000
 201         1660.49683000
 202         1672.93281000
 203         1685.39995000
 204         1697.89835000
 205         1710.42828000
 206         1722.98911000
 207         1735.58122000
 208         1748.20426000
 209         1760.85844000
 210         1773.54354000
 211         1786.25920000
 212         1799.02364000
 213         1811.80114000
 214         1824.62720000
 215         1837.46583000
 216         1850.35327000
 217         1863.27153000
 218         1876.22049000
 219         1889.19979000
 220         1902.20968000
 221         1915.24990000
 222         1928.32060000
 223         1941.42200000
 224         1954.55304000
 225         1967.73420000
 226         1980.92582000
 227         1994.16725000
 228         2007.43917000
 229         2020.74110000
 230         2034.05299000
 231         2047.41521000
 232         2060.82780000
 233         2074.24984000
 234         2087.70205000
 235         2101.20516000
 236         2114.71732000
 237         2128.28019000
 238         2141.85162000
 239         2155.47401000
 240         2169.12660000
 241         2182.80892000
 242         2196.54263000
 243         2210.28430000
 244         2224.05594000
 245         2237.87892000
 246         2251.73215000
 247         2265.59232000
 248         2279.50497000
 249         2293.44693000
 250         2307.41892000
 251         2321.44313000
 252         2335.47388000
 253         2349.55762000
 254         2363.64739000
 255         2377.79045000
 256         2391.96287000
 257         2406.16467000
 258         2420.42023000
 259         2434.68141000
 260         2448.99641000
 261         2463.31629000
 262         2477.69026000
 263         2492.09392000
 264         2506.52704000
 265         2521.01474000
 266         2535.50668000
 267         2550.05350000
 268         2564.60429000
 269         2579.21051000
 270         2593.84552000
 271         2608.51056000
 272         2623.23104000
 273         2637.95509000
 274         2652.73463000
 275         2667.54378000
 276         2682.38281000
 277         2697.25147000
 278         2712.17651000
 279         2727.10386000
 280         2742.08815000
 281         2757.10216000
 282         2772.14563000
 283         2787.21884000
 284         2802.32130000
 285         2817.48152000
 286         2832.67179000
 287         2847.89187000
 288         2863.14129000
 289         2878.42030000
 290         2893.75839000
 291         2909.09699000
 292         2924.49428000
 293         2939.92148000
 294         2955.40773000
 295         2970.89472000
 296         2986.44107000
 297         3002.01744000
 298         3017.62385000
 299         3033.26005000
 300         3048.92606000
 301         3064.65254000
 302         3080.40916000
 303         3096.19617000
 304         3112.01332000
 305         3127.86039000
 306         3143.76858000
 307         3159.70727000
 308         3175.67572000
 309         3191.67519000
 310         3207.73623000
 311         3223.79618000
 312         3239.91830000
 313         3256.07055000
 314         3272.28586000
 315         3288.49931000
 316         3304.77592000
 317         3321.08376000
 318         3337.42163000
 319         3353.82345000
 320         3370.22253000
 321         3386.68642000
 322         3403.18068000
 323         3419.73967000
 324         3436.29564000
 325         3452.91668000
 326         3469.56896000
 327         3486.25203000
 328         3503.00097000
 329         3519.78129000
 330         3536.55806000
 331         3553.43608000
 332         3570.31033000
 333         3587.25092000
 334         3604.18772000
 335         3621.22717000
 336         3638.26260000
 337         3655.36589000
 338         3672.46413000
 339         3689.63058000
 340         3706.86523000
 341         3724.09548000
 342         3741.39404000
 343         3758.72467000
 344         3776.08786000
 345         3793.51975000
 346         3810.98407000
 347         3828.48084000
 348         3846.00984000
 349         3863.57108000
 350         3881.20248000
 351         3898.86698000
 352         3916.60184000
 353         3934.33128000
 354         3952.13194000
 355         3969.96560000
 356         3987.83205000
 357         4005.77034000
 358         4023.70306000
 359         4041.74714000
 360         4059.78494000
 361         4077.85619000
 362         4096.00006000
 363         4114.17775000
 364         4132.42902000
 365         4150.67335000
 366         4168.99187000
 367         4187.34464000
 368         4205.77157000
 369         4224.19156000
 370         4242.68659000
 371         4261.25767000
 372         4279.82022000
 373         4298.45921000
 374         4317.13252000
 375         4335.84017000
 376         4354.62468000
 377         4373.40075000
 378         4392.25456000
 379         4411.18513000
 380         4430.10817000
 381         4449.10886000
 382         4468.18825000
 383         4487.25900000
 384         4506.40783000
 385         4525.59224000
 386         4544.81279000
 387         4564.11233000
 388         4583.40284000
 389         4602.77325000
 390         4622.22411000
 391         4641.66633000
 392         4661.18940000
 393         4680.79284000
 394         4700.38755000
 395         4720.06354000
 396         4739.77593000
 397         4759.52474000
 398         4779.35628000
 399         4799.22363000
 400         4819.12834000
 401         4839.06892000
 402         4859.09338000
 403         4879.15513000
 404         4899.30049000
 405         4919.43554000
 406         4939.65613000
 407         4959.91295000
 408         4980.25557000
 409         5000.58762000
 410         5021.05377000
 411         5041.50940000
 412         5062.00226000
 413         5082.58179000
 414         5103.24856000
 415         5123.90406000
 416         5144.64773000
 417         5165.42946000
 418         5186.24981000
 419         5207.15829000
 420         5228.10527000
 421         5249.09080000
 422         5270.16647000
 423         5291.22936000
 424         5312.43370000
 425         5333.62583000
 426         5354.90879000
 427         5376.23068000
 428         5397.59256000
 429         5419.04522000
 430         5440.48580000
 431         5462.07080000
 432         5483.64275000
 433         5505.30773000
 434         5527.01310000
 435         5548.75785000
 436         5570.59666000
 437         5592.47580000
 438         5614.39632000
 439         5636.41036000
 440         5658.46520000
 441         5680.56190000
 442         5702.69843000
 443         5724.93124000
 444         5747.20587000
 445         5769.52234000
 446         5791.93406000
 447         5814.38754000
 448         5836.88283000
 449         5859.47541000
 450         5882.11076000
 451         5904.78785000
 452         5927.50776000
 453         5950.32521000
 454         5973.18590000
 455         5996.14547000
 456         6019.09195000
 457         6042.13722000
 458         6065.28342000
 459         6088.41490000
 460         6111.64829000
 461         6134.92386000
 462         6158.30163000
 463         6181.72255000
 464         6205.18770000
 465         6228.69710000
 466         6252.30791000
 467         6275.96395000
 468         6299.72326000
 469         6323.46850000
 470         6347.31694000
 471         6371.21010000
 472         6395.20833000
 473         6419.25175000
 474         6443.33933000
 475         6467.53357000
 476         6491.77295000
 477         6516.05700000
 478         6540.38731000
 479         6564.82454000
 480         6589.30797000
 481         6613.83714000
 482         6638.47376000
 483         6663.15815000
 484         6687.88769000
 485         6712.72579000
 486         6737.61215000
 487         6762.54418000
 488         6787.58690000
 489         6812.67680000
 490         6837.81288000
 491         6862.99728000
 492         6888.29263000
 493         6913.63626000
 494         6939.09117000
 495         6964.59429000
 496         6990.14670000
 497         7015.74636000
 498         7041.45863000
 499         7067.22178000
 500         7093.03162000
 501         7118.95677000
 502         7144.92961000
 503         7170.95283000
 504         7197.09142000
 505         7223.21307000
 506         7249.51643000
 507         7275.80347000
 508         7302.20669000
 509         7328.66027000
 510         7355.23092000
 511         7381.85187000
 512         7408.52479000
 513         7435.24703000
 514         7462.08768000
 515         7488.98029000
 516         7515.92276000
 517         7542.98584000
 518         7570.10087000
 519         7597.26682000
 520         7624.55291000
 521         7651.89147000
 522         7679.28203000
 523         7706.79439000
 524         7734.35925000
 525         7761.97607000
 526         7789.71801000
 527         7817.51134000
 528         7845.35665000
 529         7873.32660000
 530         7901.27946000
 531         7929.42723000
 532         7957.55798000
 533         7985.81369000
 534         8014.12300000
 535         8042.55870000
 536         8070.97664000
 537         8099.59299000
 538         8128.19169000
 539         8156.91818000
 540         8185.69992000
 541         8214.53585000
 542         8243.50074000
 543         8272.52198000
 544         8301.59741000
 545         8330.80242000
 546         8360.06324000
 547         8389.38100000
 548         8418.82897000
 549         8448.33384000
 550         8477.89401000
 551         8507.58720000
 552         8537.33732000
 553         8567.14438000
 554         8597.08401000
 555         8627.08166000
 556         8657.13629000
 557         8687.32464000
 558         8717.57049000
 559         8747.87496000
 560         8778.31602000
 561         8808.73647000
 562         8839.37068000
 563         8869.98548000
 564         8900.73721000
 565         8931.54871000
 566         8962.49695000
 567         8993.50439000
 568         9024.57218000
 569         9055.69870000
 570         9086.96509000
 571         9118.29018000
 572         9149.75664000
 573         9181.28288000
 574         9212.86895000
 575         9244.51656000
 576         9276.30536000
 577         9308.15567000
 578         9340.14754000
 579         9372.20091000
 580         9404.31695000
 581         9436.49344000
 582         9468.81411000
 583         9501.19635000
 584         9533.72313000
 585         9566.31144000
 586         9598.96472000
 587         9631.67964000
 588         9664.53946000
 589         9697.46486000
 590         9730.45133000
 591         9763.58621000
 592         9796.78385000
 593         9830.12973000
 594         9863.54003000
 595         9897.01481000
 596         9930.55413000
 597         9964.24092000
 598         9997.99505000
 599        10031.81319000
 600        10065.78230000
 601        10099.81595000
 602        10134.00156000
 603        10168.25338000
 604        10202.57033000
 605        10236.95361000
 606        10271.49036000
 607        10306.09401000
 608        10340.76343000
 609        10375.58642000
 610        10410.47691000
 611        10445.52426000
 612        10480.63734000
 613        10515.81734000
 614        10551.06665000
 615        10586.47206000
 616        10621.94616000
 617        10657.57619000
 618        10693.27663000
 619        10729.04406000
 620        10764.88203000
 621        10800.87862000
 622        10836.94280000
 623        10873.16894000
 624        10909.46439000
 625        10945.82921000
 626        10982.26464000
 627        11018.86007000
 628        11055.52784000
 629        11092.35660000
 630        11129.25708000
 631        11166.22936000
 632        11203.36390000
 633        11240.47781000
 634        11277.85130000
 635        11315.20072000
 636        11352.71516000
 637        11390.30265000
 638        11428.05497000
 639        11465.88209000
 640        11503.78051000
 641        11541.84623000
 642        11579.98740000
 643        11618.19929000
 644        11656.58100000
 645        11695.03638000
 646        11733.56551000
 647        11772.26455000
 648        11811.03912000
 649        11849.88566000
 650        11888.90582000
 651        11927.99973000
 652        11967.26589000
 653        12006.51132000
 654        12046.02606000
 655        12085.52018000
 656        12125.18696000
 657        12164.92875000
 658        12204.84784000
 659        12244.74371000
 660        12284.91408000
 661        12325.06379000
 662        12365.38876000
 663        12405.79005000
 664        12446.37008000
 665        12487.02698000
 666        12527.76327000
 667        12568.67718000
 668        12609.66986000
 669        12650.74012000
 670        12691.99179000
 671        12733.32163000
 672        12774.73094000
 673        12816.32055000
 674        12857.99144000
 675        12899.74122000
 676        12941.67508000
 677        12983.68721000
 678        13025.88446000
 679        13068.05720000
 680        13110.51927000
 681        13152.95817000
 682        13195.58263000
 683        13238.28787000
 684        13281.18097000
 685        13324.15545000
 686        13367.21263000
 687        13410.45529000
 688        13453.78247000
 689        13497.19302000
 690        13540.79165000
 691        13584.47174000
 692        13628.23711000
 693        13672.19191000
 694        13716.23134000
 695        13760.46127000
 696        13804.77643000
 697        13849.17564000
 698        13893.76671000
 699        13938.33570000
 700        13983.20537000
 701        14028.05311000
 702        14073.09438000
 703        14118.33248000
 704        14163.54610000
 705        14209.06400000
 706        14254.55884000
 707        14300.25217000
 708        14346.03093000
 709        14391.89770000
 710        14437.96054000
 711        14484.22408000
 712        14530.46450000
 713        14576.90366000
 714        14623.43087000
 715        14670.15917000
 716        14716.97612000
 717        14763.99271000
 718        14810.98870000
 719        14858.18493000
 720        14905.58476000
 721        14953.07454000
 722        15000.65304000
 723        15048.43784000
 724        15096.31328000
 725        15144.27684000
 726        15192.44809000
 727        15240.71069000
 728        15289.06339000
 729        15337.62391000
 730        15386.27645000
 731        15435.02109000
 732        15483.97496000
 733        15533.13494000
 734        15582.27325000
 735        15631.62091000
 736        15681.18002000
 737        15730.71484000
 738        15780.46173000
 739        15830.41884000
 740        15880.47195000
 741        15930.61718000
 742        15980.85989000
 743        16031.31322000
 744        16081.98329000
 745        16132.62918000
 746        16183.49113000
 747        16234.56458000
 748        16285.73874000
 749        16337.00573000
 750        16388.37224000
 751        16439.95602000
 752        16491.63732000
 753        16543.53299000
 754        16595.53214000
 755        16647.74812000
 756        16699.93870000
 757        16752.47654000
 758        16804.98510000
 759        16857.71760000
 760        16910.54968000
 761        16963.60417000
 762        17016.75616000
 763        17070.01118000
 764        17123.48733000
 765        17177.06577000
 766        17230.86649000
 767        17284.77014000
 768        17338.77412000
 769        17393.00724000
 770        17447.33722000
 771        17501.77371000
 772        17556.43537000
 773        17611.19869000
 774        17666.19104000
 775        17721.28984000
 776        17776.48556000
 777        17831.91726000
 778        17887.44928000
 779        17943.21569000
 780        17999.08304000
 781        18055.05556000
 782        18111.26397000
 783        18167.57267000
 784        18223.99142000
 785        18280.64061000
 786        18337.39774000
 787        18394.38785000
 788        18451.48656000
 789        18508.68979000
 790        18566.13164000
 791        18623.67865000
 792        18681.33513000
 793        18739.22612000
 794        18797.35944000
 795        18855.46676000
 796        18913.81710000
 797        18972.40426000
 798        19031.10286000
 799        19089.91159000
 800        19148.96143000
 801        19208.11783000
 802        19267.38792000
 803        19326.89780000
 804        19386.52348000
 805        19446.38868000
 806        19506.36750000
 807        19566.45436000
 808        19626.79364000
 809        19687.24160000
 810        19747.79833000
 811        19808.60757000
 812        19869.65872000
 813        19930.82704000
 814        19992.10833000
 815        20053.50268000
 816        20115.14650000
 817        20177.04207000
 818        20238.91368000
 819        20301.03773000
 820        20363.41359000
 821        20425.90599000
 822        20488.51211000
 823        20551.37157000
 824        20614.34834000
 825        20677.57964000
 826        20740.92599000
 827        20804.39334000
 828        20868.11091000
 829        20931.95160000
 830        20995.90382000
 831        21060.12097000
 832        21124.59215000
 833        21189.04429000
 834        21253.89058000
 835        21318.72240000
 836        21383.81309000
 837        21449.02034000
 838        21514.49059000
 839        21580.07956000
 840        21645.93569000
 841        21711.90827000
 842        21778.00480000
 843        21844.36113000
 844        21910.98706000
 845        21977.58856000
 846        22044.45887000
 847        22111.59286000
 848        22178.85289000
 849        22246.23308000
 850        22313.88451000
 851        22381.65526000
 852        22449.55447000
 853        22517.71893000
 854        22586.01256000
 855        22654.57265000
 856        22723.26109000
 857        22792.21872000
 858        22861.30390000
 859        22930.51367000
 860        22999.99874000
 861        23069.75542000
 862        23139.49448000
 863        23209.50890000
 864        23279.79802000
 865        23350.21690000
 866        23420.75950000
 867        23491.58143000
 868        23562.53084000
 869        23633.76083000
 870        23705.12054000
 871        23776.61008000
 872        23848.37560000
 873        23920.27627000
 874        23992.45570000
 875        24064.76792000
 876        24137.35857000
 877        24210.08736000
 878        24282.94045000
 879        24356.08286000
 880        24429.35492000
 881        24502.91443000
 882        24576.60275000
 883        24650.43088000
 884        24724.53867000
 885        24798.94114000
 886        24873.31786000
 887        24948.14302000
 888        25022.94264000
 889        25098.18931000
 890        25173.42009000
 891        25248.93455000
 892        25324.59347000
 893        25400.53571000
 894        25476.62158000
 895        25552.99835000
 896        25629.51151000
 897        25706.32002000
 898        25783.26564000
 899        25860.35007000
 900        25937.72988000
 901        26015.24760000
 902        26093.06835000
 903        26171.01973000
 904        26249.27701000
 905        26327.67209000
 906        26406.20663000
 907        26485.04066000
 908        26564.17992000
 909        26643.29310000
 910        26722.87620000
 911        26802.43666000
 912        26882.30437000
 913        26962.46720000
 914        27042.78220000
 915        27123.23481000
 916        27203.99721000
 917        27285.06706000
 918        27366.11139000
 919        27447.63192000
 920        27529.13037000
 921        27610.94157000
 922        27693.05653000
 923        27775.32353000
 924        27857.72780000
 925        27940.45398000
 926        28023.31817000
 927        28106.49895000
 928        28189.82509000
 929        28273.46912000
 930        28357.25591000
 931        28441.36188000
 932        28525.61135000
 933        28610.01441000
 934        28694.73165000
 935        28779.76729000
 936        28864.95127000
 937        28950.29036000
 938        29035.94279000
 939        29121.75113000
 940        29207.70533000
 941        29294.15372000
 942        29380.57994000
 943        29467.33260000
 944        29554.40924000
 945        29641.63725000
 946        29729.02016000
 947        29816.72190000
 948        29904.58270000
 949        29992.76703000
 950        30081.10776000
 951        30169.76988000
 952        30258.59946000
 953        30347.74487000
 954        30437.05508000
 955        30526.51295000
 956        30616.30899000
 957        30706.43375000
 958        30796.71451000
 959        30887.15133000
 960        30977.92203000
 961        31068.85306000
 962        31160.11926000
 963        31251.53958000
 964        31343.29639000
 965        31435.21505000
 966        31527.47153000
 967        31619.88364000
 968        31712.63838000
 969        31805.54948000
 970        31898.62759000
 971        31992.04658000
 972        32085.79673000
 973        32179.71890000
 974        32273.79905000
 975        32368.21914000
 976        32462.98721000
 977        32557.91821000
 978        32653.01226000
 979        32748.45246000
 980        32844.05647000
 981        32940.00438000
 982        33036.11686000
 983        33132.58530000
 984        33229.21194000
 985        33326.19232000
 986        33423.33522000
 987        33520.83319000
 988        33618.49807000
 989        33716.32995000
 990        33814.51504000
 991        33913.05067000
 992        34011.75476000
 993        34110.81434000
 994        34210.04315000
 995        34309.44127000
 996        34409.19664000
 997        34509.31386000
 998        34609.59822000
 999        34710.05346000
1000        34810.86496000
1001        34912.03737000
1002        35013.38945000
1003        35114.90297000
1004        35216.78646000
1005        35318.84323000
1006        35421.25657000
1007        35524.03489000
1008        35626.99530000
1009        35730.12682000
1010        35833.62132000
1011        35937.29143000
1012        36041.33705000
1013        36145.73679000
1014        36250.13185000
1015        36355.08248000
1016        36460.21847000
1017        36565.52491000
1018        36671.20353000
1019        36777.06088000
1020        36883.29555000
1021        36989.70598000
1022        37096.49133000
1023        37203.64120000
1024        37310.98345000
1025        37418.50684000
1026        37526.40409000
1027        37634.48707000
1028        37742.93765000
1029        37851.77204000
1030        37960.59230000
1031        38069.99121000
1032        38179.57051000
1033        38289.34181000
1034        38399.48476000
1035        38510.01954000
1036        38620.73245000
1037        38731.63515000
1038        38842.91991000
1039        38954.59159000
1040        39066.44682000
1041        39178.49738000
1042        39290.92887000
1043        39403.75005000
1044        39516.75639000
1045        39629.95972000
1046        39743.54279000
1047        39857.52617000
1048        39971.69239000
1049        40086.25247000
1050        40201.00404000
1051        40316.15088000
1052        40431.49002000
1053        40547.21793000
1054        40663.14686000
1055        40779.46593000
1056        40895.98292000
1057        41012.89142000
1058        41129.99864000
1059        41247.50276000
1060        41365.40877000
1061        41483.30842000
1062        41601.80968000
1063        41720.50400000
1064        41839.40357000
1065        41958.89994000
1066        42078.39890000
1067        42198.29633000
1068        42318.60935000
1069        42439.10982000
1070        42560.02325000
1071        42681.12895000
1072        42802.64906000
1073        42924.37037000
1074        43046.50346000
1075        43168.83046000
1076        43291.57470000
1077        43414.72088000
1078        43538.08291000
1079        43661.64455000
1080        43785.61399000
1081        43910.00051000
1082        44034.59636000
1083        44159.60245000
1084        44284.81460000
1085        44410.45080000
1086        44536.28150000
1087        44662.53766000
1088        44788.99740000
1089        44915.88406000
1090        45043.18202000
1091        45170.69762000
1092        45298.41845000
1093        45426.56495000
1094        45555.12550000
1095        45683.91382000
1096        45813.10924000
1097        45942.52910000
1098        46072.36586000
1099        46202.63316000
1100        46333.11386000
1101        46463.81227000
1102        46594.93466000
1103        46726.48625000
1104        46858.25290000
1105        46990.45446000
1106        47122.87195000
1107        47255.72151000
1108        47388.99989000
1109        47522.50004000
1110        47656.21782000
1111        47790.36199000
1112        47924.95930000
1113        48059.75863000
1114        48195.01261000
1115        48330.46936000
1116        48466.38230000
1117        48602.71780000
1118        48739.29229000
1119        48876.07117000
1120        49013.52907000
1121        49150.97701000
1122        49289.09732000
1123        49427.43299000
1124        49566.00598000
1125        49705.01596000
1126        49844.47262000
1127        49984.15512000
1128        50124.28579000
1129        50264.64314000
1130        50405.45012000
1131        50546.48907000
1132        50687.97914000
1133        50829.91692000
1134        50972.08384000
1135        51114.70435000
1136        51257.55489000
1137        51400.86940000
1138        51544.62216000
1139        51688.62443000
1140        51833.06637000
1141        51977.75421000
1142        52122.89664000
1143        52268.27240000
1144        52414.10870000
1145        52560.41109000
1146        52706.93489000
1147        52853.93526000
1148        53001.16700000
1149        53148.86324000
1150        53296.78711000
1151        53445.19063000
1152        53594.05207000
1153        53743.15185000
1154        53892.72473000
1155        54042.76717000
1156        54193.04502000
1157        54343.79390000
1158        54494.78363000
1159        54646.25053000
1160        54797.94993000
1161        54950.12799000
1162        55102.78576000
1163        55255.67761000
1164        55409.05534000
1165        55562.65876000
1166        55716.75882000
1167        55871.32867000
1168        56026.14913000
1169        56181.44082000
1170        56337.21885000
1171        56493.23977000
1172        56649.51773000
1173        56806.50570000
1174        56963.51620000
1175        57121.22932000
1176        57279.21143000
1177        57437.66658000
1178        57596.38217000
1179        57755.58178000
1180        57915.03328000
1181        58075.20845000
1182        58235.39852000
1183        58396.31914000
1184        58557.49886000
1185        58718.92823000
1186        58881.09168000
1187        59043.27585000
1188        59206.18658000
1189        59369.35900000
1190        59533.02459000
1191        59696.95279000
1192        59861.36597000
1193        60026.04749000
1194        60191.47221000
1195        60356.91466000
1196        60523.09270000
1197        60689.54162000
1198        60856.24204000
1199        61023.70105000
1200        61191.41312000
1201        61359.39299000
1202        61527.87082000
1203        61696.86725000
1204        61866.36370000
1205        62036.13051000
1206        62206.15792000
1207        62376.94829000
1208        62547.99585000
1209        62719.32057000
1210        62891.14985000
1211        63063.49965000
1212        63236.35612000
1213        63409.48727000
1214        63583.14161000
1215        63757.05155000
1216        63931.49121000
1217        64106.44669000
1218        64281.67448000
1219        64457.41956000
1220        64633.69312000
1221        64810.23567000
1222        64987.30826000
1223        65164.64567000
1224        65342.76102000
1225        65521.15286000
1226        65699.82138000
1227        65879.01395000
1228        66058.74189000
1229        66238.73798000
1230        66419.27098000
1231        66600.33177000
1232        66781.93680000
1233        66963.80729000
1234        67145.96910000
1235        67328.90632000
1236        67512.13643000
1237        67695.63893000
1238        67879.94108000
1239        68064.52753000
1240        68249.39326000
1241        68435.06225000
1242        68621.00166000
1243        68807.23769000
1244        68994.26493000
1245        69181.33242000
1246        69369.19329000
1247        69557.34289000
1248        69746.03499000
1249        69935.28125000
1250        70124.81268000
1251        70314.89984000
1252        70505.52273000
1253        70696.44835000
1254        70887.91123000
1255        71079.94958000
1256        71272.26060000
1257        71465.13278000
1258        71658.55654000
1259        71852.28669000
1260        72046.55929000
1261        72241.39153000
1262        72436.52118000
1263        72632.21741000
1264        72828.46523000
1265        73025.01221000
1266        73222.11771000
1267        73419.79907000
1268        73617.77597000
1269        73816.56872000
1270        74015.41992000
1271        74215.08374000
1272        74415.05651000
1273        74615.59428000
1274        74816.70909000
1275        75018.11272000
1276        75220.10051000
1277        75422.38903000
1278        75625.52071000
1279        75828.94922000
1280        76032.69672000
1281        76237.27453000
1282        76442.17301000
1283        76647.64571000
1284        76853.42342000
1285        77059.78251000
1286        77266.72409000
1287        77474.23812000
1288        77682.07650000
1289        77890.48332000
1290        78099.48208000
1291        78308.79579000
1292        78518.69187000
1293        78729.17706000
1294        78940.24683000
1295        79151.63415000
1296        79363.61331000
1297        79575.90539000
1298        79789.06567000
1299        80002.54048000
1300        80216.60530000
1301        80431.00266000
1302        80645.97460000
1303        80861.56217000
1304        81077.73220000
1305        81294.23172000
1306        81511.32678000
1307        81729.02425000
1308        81947.04153000
1309        82165.94114000
1310        82384.88933000
1311        82604.71637000
1312        82824.86582000
1313        83045.90280000
1314        83266.98973000
1315        83488.96066000
1316        83711.26241000
1317        83934.17025000
1318        84157.68524000
1319        84381.54459000
1320        84605.99520000
1321        84831.07921000
1322        85056.76844000
1323        85282.78712000
1324        85509.42440000
1325        85736.68145000
1326        85964.55942000
1327        86192.75758000
1328        86421.59608000
1329        86651.03460000
1330        86880.82477000
1331        87111.50785000
1332        87342.55028000
1333        87573.91044000
1334        87806.20313000
1335        88038.81516000
1336        88272.06965000
1337        88505.93779000
1338        88740.16909000
1339        88975.01566000
1340        89210.49669000
1341        89446.61339000
1342        89683.36080000
1343        89920.45081000
1344        90158.17930000
1345        90396.25135000
1346        90635.26601000
1347        90874.60763000
1348        91114.60390000
1349        91355.23161000
1350        91596.21249000
1351        91837.84483000
1352        92080.09907000
1353        92323.01324000
1354        92566.55771000
1355        92810.47744000
1356        93055.03533000
1357        93300.23246000
1358        93545.79442000
1359        93792.30425000
1360        94039.15572000
1361        94286.67534000
1362        94534.54379000
1363        94783.36549000
1364        95032.54396000
1365        95282.37584000
1366        95532.86863000
1367        95783.73261000
1368        96035.23400000
1369        96287.41808000
1370        96540.25444000
1371        96793.74431000
1372        97047.60897000
1373        97302.14146000
1374        97557.33661000
1375        97813.18918000
1376        98069.42575000
1377        98326.62192000
1378        98584.17825000
1379        98842.41521000
1380        99101.02615000
1381        99360.58914000
1382        99620.54708000
1383        99881.17050000
1384       100142.47987000
1385       100404.14099000
1386       100666.80620000
1387       100929.83773000
1388       101193.53992000
1389       101457.93337000
1390       101722.70805000
1391       101988.46132000
1392       102254.59095000
1393       102521.40949000
1394       102788.61857000
1395       103056.80504000
1396       103325.37718000
1397       103594.63577000
1398       103864.59513000
1399       104135.23671000
1400       104406.58147000
1401       104678.28913000
1402       104950.71497000
1403       105223.83373000
1404       105497.63993000
1405       105772.14135000
1406       106047.02916000
1407       106322.63395000
1408       106598.92353000
1409       106875.92589000
1410       107153.60865000
1411       107431.70826000
1412       107710.81553000
1413       107990.32122000
1414       108270.53160000
1415       108551.45461000
1416       108832.75091000
1417       109115.09563000
1418       109397.82214000
1419       109681.27904000
1420       109965.43353000
1421       110250.30034000
1422       110535.57209000
1423       110821.88744000
1424       111108.58894000
1425       111396.02751000
1426       111684.17012000
1427       111972.72824000
1428       112262.30260000
1429       112552.30116000
1430       112843.34664000
1431       113134.79051000
1432       113426.65369000
1433       113719.54694000
1434       114013.18078000
1435       114307.21574000
1436       114601.97912000
1437       114897.79259000
1438       115193.70997000
1439       115490.67988000
1440       115788.38304000
1441       116086.49888000
1442       116385.67896000
1443       116685.27344000
1444       116985.61245000
1445       117286.66180000
1446       117588.48643000
1447       117890.71408000
1448       118194.02182000
1449       118497.74139000
1450       118802.21933000
1451       119107.42827000
1452       119413.39804000
1453       119720.10836000
1454       120027.25576000
1455       120335.46486000
1456       120644.11279000
1457       120953.51992000
1458       121263.99339000
1459       121574.56596000
1460       121886.22177000
1461       122198.66343000
1462       122511.50511000
1463       122825.46383000
1464       123139.82425000
1465       123454.97490000
1466       123770.87322000
1467       124087.54972000
1468       124404.97633000
1469       124723.18353000
1470       125041.82630000
1471       125361.56883000
1472       125681.74869000
1473       126002.71354000
1474       126324.43506000
1475       126646.92925000
1476       126970.22706000
1477       127294.27034000
1478       127618.75552000
1479       127944.36734000
1480       128270.43787000
1481       128597.60836000
1482       128925.20937000
1483       129253.63730000
1484       129582.81837000
1485       129912.78377000
1486       130243.19759000
1487       130574.76533000
1488       130907.10606000
1489       131239.88281000
1490       131573.46458000
1491       131908.19163000
1492       132243.35731000
1493       132579.31663000
1494       132916.07083000
1495       133253.63647000
1496       133591.99947000
1497       133930.82016000
1498       134270.76599000
1499       134611.20206000
1500       134952.76647000
1501       135294.77670000
1502       135637.60653000
1503       135981.60033000
1504       136326.04266000
1505       136671.29292000
1506       137017.35242000
1507       137363.90905000
1508       137711.59030000
1509       138060.08455000
1510       138409.07881000
1511       138759.23371000
1512       139109.82790000
1513       139461.60152000
1514       139813.86336000
1515       140166.92925000
1516       140521.16381000
1517       140875.85764000
1518       141231.42256000
1519       141587.78071000
1520       141944.96498000
1521       142302.64328000
1522       142661.51512000
1523       143021.18501000
1524       143381.70206000
1525       143742.68489000
1526       144104.88384000
1527       144467.55036000
1528       144831.38812000
1529       145195.74350000
1530       145560.95320000
1531       145926.95384000
1532       146294.16440000
1533       146661.86410000
1534       147030.43943000
1535       147399.82682000
1536       147770.07618000
1537       148141.18890000
1538       148513.11730000
1539       148885.89524000
1540       149259.52399000
1541       149633.68137000
1542       150009.04813000
1543       150385.23671000
1544       150762.29767000
1545       151139.87469000
1546       151518.65108000
1547       151897.91234000
1548       152278.42583000
1549       152659.44262000
1550       153041.66517000
1551       153424.39286000
1552       153808.34622000
1553       154192.82323000
1554       154578.52923000
1555       154964.72733000
1556       155351.81291000
1557       155739.77041000
1558       156128.94656000
1559       156518.66907000
1560       156909.23365000
1561       157300.70912000
1562       157693.39282000
1563       158086.59288000
1564       158480.72481000
1565       158875.70510000
1566       159271.55194000
1567       159668.28355000
1568       160066.31832000
1569       160464.84100000
1570       160864.23523000
1571       161264.53667000
1572       161665.74662000
1573       162067.84921000
1574       162470.81133000
1575       162874.68589000
1576       163279.47424000
1577       163685.52942000
1578       164092.09786000
1579       164499.56669000
1580       164907.95467000
1581       165317.24573000
1582       165727.42371000
1583       166138.48981000
1584       166550.51536000
1585       166963.80349000
1586       167377.61226000
1587       167792.31423000
1588       168207.99887000
1589       168624.54415000
1590       169042.37778000
1591       169460.77197000
1592       169880.08367000
1593       170300.29631000
1594       170721.80402000
1595       171143.89399000
1596       171566.88892000
1597       171991.16604000
1598       172415.99274000
1599       172842.15868000
1600       173268.84025000
1601       173696.82858000
1602       174125.38830000
1603       174555.27618000
1604       174985.68336000
1605       175417.40396000
1606       175850.07922000
1607       176283.33088000
1608       176717.86472000
1609       177153.35733000
1610       177589.77352000
1611       178027.15114000
1612       178465.47328000
1613       178904.34116000
1614       179344.91974000
1615       179786.12006000
1616       180228.21517000
1617       180671.26132000
1618       181115.29684000
1619       181560.24930000
1620       182006.54110000
1621       182453.42389000
1622       182901.64955000
1623       183350.43110000
1624       183800.57739000
1625       184251.28149000
1626       184703.35379000
1627       185156.39129000
1628       185609.98940000
1629       186064.94219000
1630       186520.90165000
1631       186977.79410000
1632       187435.65833000
1633       187894.88476000
1634       188354.73487000
1635       188815.52306000
1636       189277.28844000
1637       189740.40383000
1638       190204.18501000
1639       190669.26254000
1640       191135.34240000
1641       191602.40684000
1642       192070.08422000
1643       192539.14078000
1644       193009.14775000
1645       193480.57644000
1646       193952.60360000
1647       194425.58496000
1648       194899.56034000
1649       195374.98386000
1650       195850.95178000
1651       196328.33263000
1652       196806.69430000
1653       197286.09632000
1654       197766.48187000
1655       198247.85221000
1656       198730.24759000
1657       199213.66960000
1658       199698.47839000
1659       200183.87961000
1660       200670.67094000
1661       201158.15489000
1662       201646.97340000
1663       202136.84715000
1664       202627.71835000
1665       203119.62791000
1666       203612.55739000
1667       204106.86980000
1668       204601.82375000
1669       205098.22365000
1670       205595.24728000
1671       206093.66054000
1672       206593.14255000
1673       207093.63480000
1674       207595.13858000
1675       208098.09952000
1676       208601.71110000
1677       209106.74317000
1678       209612.79286000
1679       210119.49614000
1680       210627.64531000
1681       211137.22258000
1682       211647.45724000
1683       212158.69592000
1684       212671.46958000
1685       213184.80192000
1686       213699.61168000
1687       214215.47225000
1688       214732.42610000
1689       215250.37206000
1690       215769.80324000
1691       216289.86085000
1692       216811.44850000
1693       217334.03415000
1694       217857.70172000
1695       218382.41119000
1696       218908.22613000
1697       219435.47733000
1698       219963.40409000
1699       220492.81212000
1700       221023.24873000
1701       221554.79873000
1702       222087.37991000
1703       222621.51299000
1704       223156.24477000
1705       223692.49004000
1706       224229.79357000
1707       224768.24104000
1708       225307.70742000
1709       225848.69516000
1710       226390.30906000
1711       226933.51156000
1712       227477.71763000
1713       228023.05601000
1714       228569.46431000
1715       229117.40552000
1716       229666.44159000
1717       230216.11126000
1718       230767.31918000
1719       231320.04658000
1720       231873.47567000
1721       232428.36318000
1722       232983.97605000
1723       233541.11544000
1724       234099.78387000
1725       234659.09508000
1726       235220.00397000
1727       235781.55759000
1728       236344.64737000
1729       236908.82975000
1730       237474.61798000
1731       238041.05574000
1732       238608.99361000
1733       239178.09608000
1734       239748.32075000
1735       240320.09556000
1736       240892.52534000
1737       241466.55275000
1738       242041.68676000
1739       242617.97290000
1740       243195.77448000
1741       243774.30314000
1742       244354.41737000
1743       244935.62358000
1744       245518.41964000
1745       246101.88087000
1746       246686.98042000
1747       247273.15562000
1748       247860.51990000
1749       248449.43911000
1750       249039.07417000
1751       249630.29010000
1752       250223.06696000
1753       250816.60873000
1754       251411.69230000
1755       252007.49773000
1756       252605.35074000
1757       253203.92848000
1758       253803.64341000
1759       254404.93241000
1760       255007.40777000
1761       255611.50716000
1762       256216.29150000
1763       256822.68051000
1764       257430.23962000
1765       258039.01625000
1766       258649.35777000
1767       259260.85134000
1768       259873.54448000
1769       260487.41560000
1770       261102.90569000
1771       261719.57734000
1772       262337.38559000
1773       262956.44810000
1774       263577.06763000
1775       264198.89858000
1776       264821.91902000
1777       265446.15391000
1778       266072.00036000
1779       266698.99441000
1780       267327.25510000
1781       267957.13346000
1782       268588.16428000
1783       269220.41985000
1784       269853.92544000
1785       270488.98539000
1786       271125.29903000
1787       271762.82032000
1788       272401.55078000
1789       273041.91473000
1790       273683.46752000
1791       274326.70583000
1792       274970.76076000
1793       275616.38509000
1794       276263.27675000
1795       276911.81410000
1796       277561.59859000
1797       278212.60753000
1798       278864.81829000
1799       279518.65846000
1800       280173.82515000
1801       280830.17439000
1802       281488.15913000
1803       282147.40290000
1804       282807.93164000
1805       283470.07751000
1806       284133.48775000
1807       284798.13926000
1808       285464.03358000
1809       286131.62649000
1810       286800.41658000
1811       287470.98363000
1812       288142.75157000
1813       288815.72166000
1814       289489.99421000
1815       290166.02764000
1816       290843.24346000
1817       291522.14995000
1818       292201.88400000
1819       292883.38737000
1820       293566.53780000
1821       294250.97885000
1822       294936.66198000
1823       295623.63883000
1824       296312.32069000
1825       297002.27486000
1826       297693.47759000
1827       298386.46732000
1828       299080.70928000
1829       299776.64161000
1830       300473.90578000
1831       301172.45275000
1832       301872.25857000
1833       302573.78806000
1834       303277.12029000
1835       303981.25303000
1836       304687.09014000
1837       305394.71094000
1838       306103.21318000
1839       306813.37453000
1840       307525.35176000
1841       308238.13739000
1842       308953.20984000
1843       309669.04181000
1844       310386.67246000
1845       311105.61047000
1846       311826.32577000
1847       312548.35220000
1848       313271.66525000
1849       313996.76201000
1850       314723.17505000
1851       315451.37636000
1852       316180.89781000
1853       316911.71467000
1854       317644.35239000
1855       318378.28930000
1856       319113.55302000
1857       319850.56494000
1858       320588.98685000
1859       321329.18793000
1860       322070.69697000
1861       322813.54192000
1862       323558.19896000
1863       324304.19565000
1864       325051.98233000
1865       325801.13917000
1866       326552.09052000
1867       327303.91247000
1868       328058.03640000
1869       328813.03403000
1870       329569.83435000
1871       330328.46680000
1872       331088.45559000
1873       331849.80226000
1874       332612.98764000
1875       333377.50754000
1876       334143.89790000
1877       334911.62655000
1878       335680.72211000
1879       336451.64017000
1880       337223.95635000
1881       337998.09944000
1882       338773.64464000
1883       339550.99385000
1884       340329.74888000
1885       341109.91147000
1886       341891.85682000
1887       342675.21342000
1888       343460.49547000
1889       344247.10978000
1890       345035.54326000
1891       345825.39580000
1892       346617.18322000
1893       347410.31030000
1894       348204.83417000
1895       349001.18785000
1896       349799.02612000
1897       350598.69879000
1898       351399.77582000
1899       352202.69172000
1900       353007.10022000
1901       353813.35209000
1902       354621.01601000
1903       355430.58427000
1904       356241.56846000
1905       357053.97020000
1906       357868.25445000
1907       358683.95998000
1908       359501.63807000
1909       360321.12031000
1910       361142.05851000
1911       361964.42578000
1912       362788.77522000
1913       363614.50030000
1914       364442.09725000
1915       365271.21740000
1916       366102.21402000
1917       366934.65127000
1918       367769.02735000
1919       368604.87697000
1920       369442.58313000
1921       370281.76667000
1922       371122.89820000
1923       371965.51127000
1924       372810.01886000
1925       373655.95337000
1926       374503.87445000
1927       375353.31435000
1928       376204.62846000
1929       377057.40646000
1930       377912.15131000
1931       378768.39343000
1932       379626.54816000
1933       380486.20418000
1934       381347.80678000
1935       382210.91478000
1936       383075.97401000
1937       383942.95737000
1938       384811.45234000
1939       385681.49049000
1940       386553.45934000
1941       387427.42122000
1942       388302.90289000
1943       389179.75594000
1944       390058.66869000
1945       390939.58390000
1946       391822.02691000
1947       392706.41684000
1948       393592.30826000
1949       394480.21165000
1950       395369.62050000
1951       396261.01568000
1952       397153.92021000
1953       398048.84616000
1954       398945.82670000
1955       399844.26196000
1956       400744.72611000
1957       401646.67919000
1958       402550.21493000
1959       403456.23752000
1960       404363.78610000
1961       405272.86234000
1962       406184.04332000
1963       407097.17761000
1964       408011.81487000
1965       408928.01849000
1966       409846.82121000
1967       410767.10214000
1968       411688.95606000
1969       412612.87011000
1970       413538.81597000
1971       414466.27874000
1972       415395.77779000
1973       416326.92306000
1974       417260.04668000
1975       418194.75789000
1976       419131.51483000
1977       420070.41479000
1978       421010.78270000
1979       421953.26704000
1980       422897.74382000
1981       423843.91634000
1982       424791.59589000
1983       425741.86034000
1984       426693.69995000
1985       427647.18037000
1986       428602.69893000
1987       429560.29030000
1988       430519.46485000
1989       431480.81326000
1990       432444.14551000
1991       433409.09948000
1992       434375.64470000
1993       435344.90008000
1994       436315.68698000
1995       437288.56630000
1996       438263.11059000
1997       439239.71971000
1998       440217.90041000
1999       441198.21550000
2000       442180.70050000
2001       443165.26023000
2002       444151.46565000
2003       445139.25290000
2004       446129.78342000
2005       447121.86782000
2006       448115.54034000
2007       449111.36741000
2008       450109.41790000
2009       451109.56262000
2010       452111.30423000
2011       453115.21089000
2012       454120.75153000
2013       455128.96314000
2014       456138.31206000
2015       457150.33767000
2016       458164.03953000
2017       459179.88847000
2018       460197.35094000
2019       461216.99863000
2020       462238.86812000
2021       463262.89506000
2022       464288.54426000
2023       465316.42304000
2024       466345.92803000
2025       467377.60000000
2026       468411.44159000
2027       469447.55733000
2028       470485.27418000
2029       471525.23631000
2030       472566.80320000
2031       473611.23041000
2032       474657.23298000
2033       475704.91511000
2034       476755.36393000
2035       477807.53147000
2036       478861.31648000
2037       479917.87714000
2038       480976.12875000
2039       482036.65233000
2040       483098.80190000
2041       484163.73948000
2042       485230.34228000
2043       486298.71621000
2044       487369.74803000
2045       488442.55587000
2046       489517.58464000
2047       490594.39391000
2048       491673.39414000
2049       492754.62294000
2050       493838.18842000
2051       494923.95317000
2052       496011.44005000
2053       497101.16599000
2054       498192.68877000
2055       499286.97166000
2056       500382.95031000
2057       501481.21385000
2058       502581.28381000
2059       503683.53721000
2060       504788.63682000
2061       505894.92533000
2062       507004.13732000
2063       508114.98906000
2064       509228.14435000
2065       510343.60601000
2066       511461.41304000
2067       512580.90424000
2068       513702.70976000
2069       514826.83242000
2070       515952.75393000
2071       517081.48333000
2072       518211.94405000
2073       519344.73268000
2074       520479.36564000
2075       521616.81861000
2076       522756.01183000
2077       523897.61671000
2078       525041.49043000
2079       526187.14748000
2080       527335.67622000
2081       528486.06677000
2082       529638.69957000
2083       530793.12496000
2084       531950.47104000
2085       533109.68847000
2086       534271.15855000
2087       535434.99471000
2088       536600.63522000
2089       537769.24939000
2090       538939.59850000
2091       540112.32467000
2092       541287.39358000
2093       542464.92009000
2094       543644.19034000
2095       544825.84865000
2096       546009.86019000
2097       547196.34075000
2098       548385.10520000
2099       549575.73755000
2100       550769.26606000
2101       551964.74319000
2102       553162.51447000
2103       554362.69636000
2104       555564.79607000
2105       556769.76942000
2106       557976.58987000
2107       559185.83168000
2108       560397.53614000
2109       561611.59156000
2110       562828.07734000
2111       564046.38351000
2112       565267.20188000
2113       566490.95691000
2114       567716.53987000
2115       568944.56704000
2116       570174.54204000
2117       571407.46602000
2118       572642.22714000
2119       573880.02096000
2120       575119.73454000
2121       576361.83143000
2122       577606.39232000
2123       578852.80189000
2124       580102.33830000
2125       581353.68947000
2126       582608.09615000
2127       583864.36140000
2128       585123.18627000
2129       586384.37707000
2130       587648.05477000
2131       588914.30112000
2132       590182.37839000
2133       591453.49461000
2134       592726.52553000
2135       594002.17649000
2136       595280.17258000
2137       596560.67547000
2138       597843.64835000
2139       599129.21380000
2140       600417.21514000
2141       601707.73522000
2142       603000.14968000
2143       604295.71584000
2144       605593.18145000
2145       606893.13673000
2146       608196.21359000
2147       609501.27821000
2148       610808.80078000
2149       612118.86510000
2150       613430.88360000
2151       614746.04018000
2152       616063.70676000
2153       617383.33525000
2154       618706.07109000
2155       620031.48924000
2156       621358.71375000
2157       622688.50297000
2158       624021.53614000
2159       625356.42351000
2160       626693.88481000
2161       628033.92287000
2162       629376.58216000
2163       630721.74177000
2164       632069.48725000
2165       633419.78028000
2166       634772.74806000
2167       636128.18637000
2168       637485.62429000
2169       638846.26091000
2170       640209.62665000
2171       641574.83307000
2172       642943.24851000
2173       644313.67662000
2174       645687.32059000
2175       647062.94064000
2176       648441.78328000
2177       649822.60694000
2178       651206.70243000
2179       652592.74188000
2180       653982.01774000
2181       655373.32706000
2182       656767.31828000
2183       658164.55650000
2184       659563.70846000
2185       660965.59417000
2186       662370.65184000
2187       663777.71582000
2188       665187.43739000
2189       666600.51222000
2190       668015.51550000
2191       669433.18525000
2192       670854.13300000
2193       672277.18879000
2194       673702.92042000
2195       675131.81089000
2196       676562.77405000
2197       677997.11917000
2198       679433.41220000
2199       680872.39615000
2200       682314.68559000
2201       683759.10466000
2202       685206.74911000
2203       686656.48473000
2204       688109.58367000
2205       689565.39296000
2206       691023.16969000
2207       692484.27632000
2208       693948.10223000
2209       695414.07919000
2210       696883.30838000
2211       698355.26594000
2212       699829.99958000
2213       701307.37917000
2214       702787.54084000
2215       704270.35443000
2216       705756.00094000
2217       707244.26067000
2218       708735.88952000
2219       710229.65259000
2220       711726.21656000
2221       713226.07065000
2222       714728.02203000
2223       716233.44993000
2224       717741.64731000
2225       719251.85962000
2226       720765.46919000
2227       722281.85712000
2228       723801.07195000
2229       725322.98087000
2230       726847.63214000
2231       728375.78987000
2232       729906.11754000
2233       731439.10537000
2234       732975.51928000
2235       734514.69151000
2236       736056.13548000
2237       737600.92455000
2238       739148.48104000
2239       740699.03807000
2240       742252.23057000
2241       743808.82863000
2242       745367.62365000
2243       746929.29386000
2244       748494.33363000
2245       750062.20937000
2246       751632.97058000
2247       753206.57396000
2248       754782.88296000
2249       756362.08682000
2250       757944.04867000
2251       759529.63880000
2252       761117.90004000
2253       762708.43550000
2254       764302.51654000
2255       765899.46566000
2256       767499.77990000
2257       769102.33314000
2258       770708.39986000
2259       772316.75837000
2260       773928.54271000
2261       775543.26217000
2262       777160.77711000
2263       778781.87173000
2264       780405.17766000
2265       782031.92724000
2266       783661.08445000
2267       785293.74038000
2268       786929.80335000
2269       788568.18746000
2270       790209.48811000
2271       791854.30214000
2272       793501.99149000
2273       795152.55917000
2274       796806.25024000
2275       798463.32450000
2276       800122.69173000
2277       801785.59412000
2278       803451.48850000
2279       805120.23192000
2280       806792.66833000
2281       808467.26567000
2282       810145.56341000
2283       811826.72318000
2284       813510.79704000
2285       815198.48484000
2286       816888.64218000
2287       818582.22421000
2288       820278.78263000
2289       821978.27143000
2290       823681.44253000
2291       825387.55104000
2292       827096.69933000
2293       828808.79135000
2294       830523.78039000
2295       832242.42104000
2296       833964.01543000
2297       835688.71643000
2298       837416.37763000
2299       839147.60559000
2300       840881.85076000
2301       842619.16642000
2302       844359.40512000
2303       846103.27584000
2304       847849.62182000
2305       849600.26358000
2306       851353.23589000
2307       853109.85520000
2308       854868.81012000
2309       856632.17904000
2310       858397.99167000
2311       860167.36483000
2312       861939.74460000
2313       863715.33868000
2314       865493.84395000
2315       867276.12861000
2316       869061.33111000
2317       870850.42401000
2318       872641.77949000
2319       874436.82706000
2320       876235.21761000
2321       878037.10239000
2322       879842.02777000
2323       881650.10045000
2324       883461.22011000
2325       885276.05521000
2326       887094.15254000
2327       888915.09889000
2328       890739.98073000
2329       892567.92713000
2330       894398.83650000
2331       896233.69386000
2332       898071.62625000
2333       899912.53135000
2334       901757.29173000
2335       903604.46744000
2336       905456.28146000
2337       907310.41196000
2338       909168.20197000
2339       911029.19603000
2340       912894.17571000
2341       914762.15506000
2342       916633.24327000
2343       918507.54971000
2344       920385.64500000
2345       922267.53352000
2346       924151.97755000
2347       926040.22212000
2348       927932.27150000
2349       929826.77872000
2350       931725.20538000
2351       933627.44857000
2352       935532.83574000
2353       937441.36986000
2354       939353.05385000
2355       941268.89469000
2356       943188.35527000
2357       945110.29792000
2358       947036.19275000
2359       948965.93550000
2360       950898.27857000
2361       952835.15794000
2362       954774.42569000
2363       956717.77552000
2364       958664.99328000
2365       960614.60813000
2366       962568.89091000
2367       964525.79703000
2368       966486.47594000
2369       968451.26335000
2370       970418.46273000
2371       972390.35295000
2372       974364.66103000
2373       976343.09405000
2374       978325.43499000
2375       980310.88954000
2376       982299.57192000
2377       984292.28501000
2378       986288.45738000
2379       988288.33343000
2380       990291.56401000
2381       992298.04050000
2382       994308.68112000
2383       996322.35006000
2384       998340.07894000
2385      1000361.75955000
2386      1002386.23899000
2387      1004414.56476000
2388      1006446.74086000
2389      1008482.30509000
2390      1010522.06875000
2391      1012565.00112000
2392      1014611.21892000
2393      1016661.42053000
2394      1018715.14348000
2395      1020772.74422000
2396      1022834.34158000
2397      1024899.35784000
2398      1026967.68159000
2399      1029040.12907000
2400      1031115.77618000
2401      1033195.55523000
2402      1035278.65640000
2403      1037365.89835000
2404      1039456.35393000
2405      1041550.95865000
2406      1043648.90016000
2407      1045750.99936000
2408      1047856.32622000
2409      1049965.81932000
2410      1052078.66387000
2411      1054195.68322000
2412      1056316.06169000
2413      1058440.50625000
2414      1060568.31696000
2415      1062700.31975000
2416      1064835.57831000
2417      1066975.15527000
2418      1069117.99534000
2419      1071265.04450000
2420      1073416.18916000
2421      1075570.72627000
2422      1077728.65915000
2423      1079891.64592000
2424      1082057.08961000
2425      1084226.88753000
2426      1086400.68638000
2427      1088578.01937000
2428      1090759.60114000
2429      1092945.19599000
2430      1095134.21721000
2431      1097326.78802000
2432      1099523.62454000
2433      1101724.49038000
2434      1103928.79709000
2435      1106137.38296000
2436      1108349.53831000
2437      1110565.73893000
2438      1112786.23206000
2439      1115010.18544000
2440      1117238.31798000
2441      1119469.91803000
2442      1121705.95009000
2443      1123945.21257000
2444      1126188.91589000
2445      1128436.69733000
2446      1130688.08796000
2447      1132943.68774000
2448      1135203.62425000
2449      1137466.93575000
2450      1139734.59266000
2451      1142005.75521000
2452      1144281.27204000
2453      1146560.30213000
2454      1148844.29312000
2455      1151131.08316000
2456      1153422.84318000
2457      1155718.25686000
2458      1158017.92709000
2459      1160321.25866000
2460      1162628.85532000
2461      1164940.59608000
2462      1167255.88483000
2463      1169575.70247000
2464      1171899.07595000
2465      1174226.60960000
2466      1176558.56020000
2467      1178894.93265000
2468      1181234.87700000
2469      1183578.99838000
2470      1185926.82562000
2471      1188279.21953000
2472      1190635.67613000
2473      1192996.45426000
2474      1195360.95471000
2475      1197730.04097000
2476      1200102.47427000
2477      1202479.24577000
2478      1204860.61697000
2479      1207246.33624000
2480      1209635.54549000
2481      1212029.11072000
2482      1214427.42390000
2483      1216829.10948000
2484      1219235.16426000
2485      1221645.72261000
2486      1224060.05277000
2487      1226478.63594000
2488      1228901.73626000
2489      1231329.22855000
2490      1233760.37893000
2491      1236195.92959000
2492      1238636.01611000
2493      1241079.77262000
2494      1243528.68313000
2495      1245981.53466000
2496      1248437.80536000
2497      1250899.24416000
2498      1253364.76887000
2499      1255834.46599000
2500      1258307.86073000
2501      1260786.44347000
2502      1263269.13002000
2503      1265756.00564000
2504      1268246.59515000
2505      1270742.65857000
2506      1273242.44495000
2507      1275746.56988000
2508      1278254.55855000
2509      1280767.77493000
2510      1283284.73006000
2511      1285806.17487000
2512      1288332.24895000
2513      1290862.20821000
2514      1293396.40128000
2515      1295936.25695000
2516      1298478.85568000
2517      1301026.85672000
2518      1303579.51577000
2519      1306135.81442000
2520      1308696.64359000
2521      1311262.41651000
2522      1313831.56836000
2523      1316406.15384000
2524      1318984.80814000
2525      1321567.87957000
2526      1324155.50942000
2527      1326747.56479000
2528      1329343.84407000
2529      1331945.31385000
2530      1334550.60439000
2531      1337160.61385000
2532      1339775.07121000
2533      1342393.49934000
2534      1345017.41889000
2535      1347645.04139000
2536      1350277.40635000
2537      1352914.51955000
2538      1355555.96777000
2539      1358202.17357000
2540      1360853.28145000
2541      1363508.11612000
2542      1366167.44262000
2543      1368832.44805000
2544      1371501.33274000
2545      1374174.10001000
2546      1376852.28127000
2547      1379535.11797000
2548      1382221.99126000
2549      1384914.43549000
2550      1387610.50100000
2551      1390311.38187000
2552      1393017.22490000
2553      1395727.46758000
2554      1398442.54030000
2555      1401161.68024000
2556      1403886.28610000
2557      1406615.45136000
2558      1409348.69751000
2559      1412086.65479000
2560      1414829.47131000
2561      1417577.77958000
2562      1420330.04329000
2563      1423087.03732000
2564      1425848.28279000
2565      1428614.75174000
2566      1431385.96499000
2567      1434162.36216000
2568      1436942.45020000
2569      1439728.07104000
2570      1442517.82601000
2571      1445313.27011000
2572      1448112.56652000
2573      1450916.78628000
2574      1453725.64237000
2575      1456540.35566000
2576      1459359.08431000
2577      1462182.31655000
2578      1465010.64390000
2579      1467843.92495000
2580      1470681.87035000
2581      1473524.63178000
2582      1476372.36210000
2583      1479225.06607000
2584      1482081.52342000
2585      1484943.89357000
2586      1487811.10426000
2587      1490683.16044000
2588      1493560.21558000
2589      1496441.04394000
2590      1499327.96268000
2591      1502219.59718000
2592      1505116.10114000
2593      1508017.47932000
2594      1510923.10075000
2595      1513834.39189000
2596      1516750.57211000
2597      1519671.64580000
2598      1522597.76904000
2599      1525528.00753000
2600      1528463.94246000
2601      1531404.63880000
2602      1534350.70824000
2603      1537301.39710000
2604      1540257.16574000
2605      1543217.86703000
2606      1546183.65828000
2607      1549154.23957000
2608      1552130.07375000
2609      1555111.34716000
2610      1558097.24489000
2611      1561087.79803000
2612      1564084.11207000
2613      1567084.91147000
2614      1570090.53380000
2615      1573101.93320000
2616      1576118.62902000
2617      1579139.36600000
2618      1582165.74121000
2619      1585197.42828000
2620      1588233.96696000
2621      1591275.98437000
2622      1594322.55154000
2623      1597374.29579000
2624      1600432.02269000
2625      1603493.98180000
2626      1606560.97700000
2627      1609633.81485000
2628      1612711.69954000
2629      1615793.99092000
2630      1618882.29871000
2631      1621975.35319000
2632      1625074.59351000
2633      1628178.10240000
2634      1631286.52934000
2635      1634401.15985000
2636      1637519.91347000
2637      1640644.72333000
2638      1643774.63065000
2639      1646909.48046000
2640      1650049.75618000
2641      1653195.14408000
2642      1656346.29728000
2643      1659501.92450000
2644      1662663.64813000
2645      1665830.18329000
2646      1669002.17730000
2647      1672179.31389000
2648      1675362.57034000
2649      1678550.00749000
2650      1681743.41381000
2651      1684942.14499000
2652      1688146.04434000
2653      1691355.11692000
2654      1694570.18133000
2655      1697790.42961000
2656      1701015.54064000
2657      1704246.17103000
2658      1707482.97893000
2659      1710724.33872000
2660      1713971.72451000
2661      1717223.50752000
2662      1720481.32679000
2663      1723745.02425000
2664      1727013.79191000
2665      1730288.11935000
2666      1733567.68650000
2667      1736852.82952000
2668      1740143.22331000
2669      1743438.87253000
2670      1746740.43744000
2671      1750047.60063000
2672      1753360.69114000
2673      1756678.23587000
2674      1760002.21883000
2675      1763331.32190000
2676      1766665.71714000
2677      1770005.57683000
2678      1773351.39606000
2679      1776702.85941000
2680      1780059.29912000
2681      1783422.05173000
2682      1786790.29650000
2683      1790163.87048000
2684      1793542.77857000
2685      1796927.85373000
2686      1800317.44479000
2687      1803714.38302000
2688      1807115.50773000
2689      1810522.99226000
2690      1813936.01341000
2691      1817354.40539000
2692      1820779.00533000
2693      1824208.81590000
2694      1827644.18417000
2695      1831085.28760000
2696      1834532.10636000
2697      1837984.84384000
2698      1841443.65167000
2699      1844907.87341000
2700      1848377.68655000
2701      1851852.75071000
2702      1855334.42653000
2703      1858821.36417000
2704      1862314.40534000
2705      1865812.40180000
2706      1869316.68675000
2707      1872827.44113000
2708      1876343.30842000
2709      1879864.81710000
2710      1883392.14764000
2711      1886925.44621000
2712      1890465.41941000
2713      1894009.68905000
2714      1897560.82151000
2715      1901117.10111000
2716      1904679.90431000
2717      1908248.21791000
2718      1911823.06762000
2719      1915403.43861000
2720      1918989.15915000
2721      1922580.41044000
2722      1926178.57732000
2723      1929782.77779000
2724      1933392.70500000
2725      1937008.18564000
2726      1940629.04639000
2727      1944256.67662000
2728      1947890.54666000
2729      1951530.35109000
2730      1955175.37750000
2731      1958826.83958000
2732      1962484.25379000
2733      1966147.26505000
2734      1969816.73023000
2735      1973492.47512000
2736      1977174.19588000
2737      1980861.53624000
2738      1984554.99183000
2739      1988254.62247000
2740      1991959.52499000
2741      1995671.46969000
2742      1999389.36946000
2743      2003113.28719000
2744      2006842.67957000
2745      2010578.95803000
2746      2014321.76322000
2747      2018069.87626000
2748      2021824.03682000
2749      2025584.74151000
2750      2029351.13750000
2751      2033124.27447000
2752      2036902.92927000
2753      2040688.52241000
2754      2044479.45896000
2755      2048277.16135000
2756      2052080.77436000
2757      2055890.79436000
2758      2059706.73647000
2759      2063529.09656000
2760      2067357.76446000
2761      2071192.48858000
2762      2075033.34541000
2763      2078880.64391000
2764      2082733.89976000
2765      2086593.98495000
2766      2090460.53003000
2767      2094333.05046000
2768      2098211.36346000
2769      2102096.34219000
2770      2105987.99314000
2771      2109885.26415000
2772      2113789.78828000
2773      2117699.75374000
2774      2121616.79626000
2775      2125539.28994000
2776      2129469.06473000
2777      2133405.17346000
2778      2137347.13125000
2779      2141295.51824000
2780      2145250.93763000
2781      2149211.73311000
2782      2153179.95704000
2783      2157154.44402000
2784      2161135.30460000
2785      2165122.44033000
2786      2169116.15424000
2787      2173115.96213000
2788      2177122.55379000
2789      2181135.74146000
2790      2185155.23530000
2791      2189181.33749000
2792      2193213.75847000
2793      2197252.60461000
2794      2201298.27149000
2795      2205350.47189000
2796      2209408.91878000
2797      2213474.59763000
2798      2217546.04480000
2799      2221624.93361000
2800      2225709.20880000
2801      2229801.62621000
2802      2233899.83471000
2803      2238004.23377000
2804      2242115.71446000
2805      2246233.69010000
2806      2250358.27098000
2807      2254490.24508000
2808      2258627.55380000
2809      2262772.46592000
2810      2266924.01070000
2811      2271082.08529000
2812      2275247.09498000
2813      2279418.35667000
2814      2283596.56614000
2815      2287781.03985000
2816      2291972.96293000
2817      2296171.36360000
2818      2300375.84595000
2819      2304588.40138000
2820      2308806.64705000
2821      2313032.28900000
2822      2317264.93019000
2823      2321503.48012000
2824      2325749.24422000
2825      2330002.02610000
2826      2334261.34432000
2827      2338527.08227000
2828      2342800.26461000
2829      2347080.49118000
2830      2351367.97314000
2831      2355661.40974000
2832      2359962.11397000
2833      2364269.88867000
2834      2368583.63434000
2835      2372904.66782000
2836      2377233.69075000
2837      2381568.42085000
2838      2385910.74109000
2839      2390259.47506000
2840      2394615.11666000
2841      2398978.50183000
2842      2403348.60068000
2843      2407726.04222000
2844      2412109.51281000
2845      2416500.33918000
2846      2420898.52850000
2847      2425303.46100000
2848      2429715.07283000
2849      2434134.76525000
2850      2438560.94159000
2851      2442993.88482000
2852      2447433.53370000
2853      2451881.29127000
2854      2456336.25648000
2855      2460797.31433000
2856      2465266.01460000
2857      2469741.73029000
2858      2474224.89074000
2859      2478714.16755000
2860      2483211.81461000
2861      2487716.01552000
2862      2492227.04996000
2863      2496746.69032000
2864      2501272.69049000
2865      2505805.05594000
2866      2510345.40791000
2867      2514893.48142000
2868      2519447.93933000
2869      2524009.70329000
2870      2528579.48188000
2871      2533155.87847000
2872      2537739.60088000
2873      2542330.87277000
2874      2546928.34883000
2875      2551534.08972000
2876      2556147.61767000
2877      2560767.15117000
2878      2565395.40637000
2879      2570029.89621000
2880      2574672.20170000
2881      2579321.45724000
2882      2583979.24710000
2883      2588643.51455000
2884      2593315.62725000
2885      2597993.57143000
2886      2602680.51836000
2887      2607374.67312000
2888      2612076.26217000
2889      2616785.29166000
2890      2621501.06305000
2891      2626225.21538000
2892      2630956.82946000
2893      2635694.76156000
2894      2640441.53996000
2895      2645194.87141000
2896      2649956.17536000
2897      2654724.71252000
2898      2659501.23608000
2899      2664284.78391000
2900      2669075.62353000
2901      2673875.14118000
2902      2678681.03193000
2903      2683495.84028000
2904      2688316.80915000
2905      2693146.71153000
2906      2697983.01119000
2907      2702828.26029000
2908      2707679.69324000
2909      2712539.86530000
2910      2717406.45856000
2911      2722282.25969000
2912      2727164.26774000
2913      2732055.04565000
2914      2736953.43606000
2915      2741859.67314000
2916      2746772.14053000
2917      2751693.63627000
2918      2756622.77220000
2919      2761559.55449000
2920      2766503.76110000
2921      2771456.08680000
2922      2776416.79312000
2923      2781384.46131000
2924      2786359.58009000
2925      2791343.79253000
2926      2796334.52544000
2927      2801334.13658000
2928      2806340.04844000
2929      2811354.85311000
2930      2816377.84603000
2931      2821408.10430000
2932      2826446.56501000
2933      2831492.30410000
2934      2836547.44261000
2935      2841608.92438000
2936      2846679.35401000
2937      2851756.37219000
2938      2856842.82346000
2939      2861936.59204000
2940      2867038.38948000
2941      2872148.93971000
2942      2877266.34614000
2943      2882392.28381000
2944      2887525.56244000
2945      2892667.38696000
2946      2897817.52179000
2947      2902974.78833000
2948      2908141.57240000
2949      2913314.78297000
2950      2918497.29018000
2951      2923687.90850000
2952      2928886.16731000
2953      2934092.07317000
2954      2939306.11069000
2955      2944528.76711000
2956      2949759.81090000
2957      2954998.52893000
2958      2960245.40949000
2959      2965501.42043000
2960      2970764.40729000
2961      2976035.81597000
2962      2981315.65845000
2963      2986604.17916000
2964      2991899.94419000
2965      2997204.40191000
2966      3002517.81120000
2967      3007838.23484000
2968      3013168.10398000
2969      3018504.76469000
2970      3023850.64346000
2971      3029204.29297000
2972      3034567.42157000
2973      3039938.09072000
2974      3045317.77864000
2975      3050704.77472000
2976      3056101.03764000
2977      3061504.14314000
2978      3066916.77773000
2979      3072337.96284000
2980      3077767.72360000
2981      3083205.82072000
2982      3088652.01431000
2983      3094106.06227000
2984      3099569.19337000
2985      3105040.44175000
2986      3110520.78878000
2987      3116009.51785000
2988      3121506.13666000
2989      3127011.40189000
2990      3132525.79804000
2991      3138048.35626000
2992      3143579.80976000
2993      3149118.71342000
2994      3154666.52629000
2995      3160223.76073000
2996      3165789.19393000
2997      3171363.59138000
2998      3176945.19111000
2999      3182536.75089000
3000      3188136.03240000
3001      3193744.78437000
3002      3199361.77908000
3003      3204987.27912000
3004      3210621.50998000
3005      3216265.28222000
3006      3221917.29064000
3007      3227576.84989000
3008      3233246.41063000
3009      3238923.79333000
3010      3244610.20800000
3011      3250306.17589000
3012      3256010.20459000
3013      3261723.58934000
3014      3267445.26346000
3015      3273175.79418000
3016      3278915.66194000
3017      3284663.62647000
3018      3290420.47181000
3019      3296186.15876000
3020      3301961.26299000
3021      3307744.70432000
3022      3313537.05902000
3023      3319338.54581000
3024      3325148.70153000
3025      3330968.00503000
3026      3336796.25516000
3027      3342632.67378000
3028      3348479.31386000
3029      3354334.60738000
3030      3360197.62167000
3031      3366070.82585000
3032      3371953.02667000
3033      3377843.17508000
3034      3383743.33434000
3035      3389652.71928000
3036      3395570.66501000
3037      3401498.32155000
3038      3407434.49318000
3039      3413379.18661000
3040      3419333.41040000
3041      3425297.44008000
3042      3431269.74837000
3043      3437251.14389000
3044      3443242.10363000
3045      3449242.63547000
3046      3455251.20683000
3047      3461270.17230000
3048      3467296.92210000
3049      3473334.08447000
3050      3479379.31426000
3051      3485435.24572000
3052      3491499.99634000
3053      3497573.64813000
3054      3503655.93788000
3055      3509747.60942000
3056      3515849.48695000
3057      3521960.49147000
3058      3528080.70953000
3059      3534209.87759000
3060      3540348.46837000
3061      3546496.48947000
3062      3552654.77081000
3063      3558821.21218000
3064      3564996.91733000
3065      3571181.80950000
3066      3577377.27236000
3067      3583582.49016000
3068      3589796.17981000
3069      3596019.91666000
3070      3602251.86316000
3071      3608494.14980000
3072      3614745.95505000
3073      3621006.82413000
3074      3627277.78355000
3075      3633558.56454000
3076      3639847.59882000
3077      3646147.02777000
3078      3652455.00298000
3079      3658774.13266000
3080      3665101.82453000
3081      3671438.92580000
3082      3677787.49158000
3083      3684143.79975000
3084      3690510.56695000
3085      3696885.93364000
3086      3703271.49553000
3087      3709666.69645000
3088      3716072.39351000
3089      3722486.43769000
3090      3728911.84692000
3091      3735345.79401000
3092      3741789.53050000
3093      3748242.95567000
3094      3754706.07679000
3095      3761179.75830000
3096      3767661.83788000
3097      3774154.78166000
3098      3780657.45547000
3099      3787170.44085000
3100      3793691.85352000
3101      3800224.91404000
3102      3806766.41719000
3103      3813317.52072000
3104      3819879.72518000
3105      3826451.26036000
3106      3833032.88062000
3107      3839624.01474000
3108      3846225.82984000
3109      3852836.13866000
3110      3859457.14593000
3111      3866089.02736000
3112      3872729.26035000
3113      3879380.96733000
3114      3886042.82884000
3115      3892713.81365000
3116      3899394.67625000
3117      3906086.01063000
3118      3912786.94641000
3119      3919498.95921000
3120      3926219.54765000
3121      3932951.52743000
3122      3939693.59470000
3123      3946445.44002000
3124      3953207.82164000
3125      3959978.81582000
3126      3966761.40799000
3127      3973553.96992000
3128      3980356.94906000
3129      3987169.32092000
3130      3993993.32967000
3131      4000826.29512000
3132      4007669.86847000
3133      4014523.01082000
3134      4021386.93114000
3135      4028261.78686000
3136      4035145.93814000
3137      4042041.79433000
3138      4048946.06103000
3139      4055862.65318000
3140      4062787.97171000
3141      4069724.28208000
3142      4076670.99118000
3143      4083627.50182000
3144      4090595.94301000
3145      4097573.29363000
3146      4104561.98751000
3147      4111560.51670000
3148      4118570.10565000
3149      4125589.54528000
3150      4132619.00627000
3151      4139660.30821000
3152      4146712.09848000
3153      4153773.02015000
3154      4160845.19852000
3155      4167928.50395000
3156      4175020.96499000
3157      4182125.32528000
3158      4189239.91830000
3159      4196364.92430000
3160      4203501.24308000
3161      4210647.51106000
3162      4217803.91107000
3163      4224971.33963000
3164      4232150.29356000
3165      4239338.91861000
3166      4246539.08900000
3167      4253750.50502000
3168      4260970.23812000
3169      4268202.30124000
3170      4275444.38722000
3171      4282698.82413000
3172      4289962.54619000
3173      4297237.57089000
3174      4304522.96590000
3175      4311820.75437000
3176      4319127.86144000
3177      4326446.12037000
3178      4333774.65925000
3179      4341114.68381000
3180      4348466.08034000
3181      4355827.59160000
3182      4363201.12914000
3183      4370584.79922000
3184      4377978.60883000
3185      4385383.83876000
3186      4392800.61939000
3187      4400228.52227000
3188      4407665.84079000
3189      4415115.69632000
3190      4422577.34431000
3191      4430048.23026000
3192      4437531.68531000
3193      4445024.59787000
3194      4452529.77883000
3195      4460045.51366000
3196      4467572.77904000
3197      4475110.94009000
3198      4482660.32879000
3199      4490221.39032000
3200      4497791.96738000
3201      4505374.88316000
3202      4512968.41529000
3203      4520573.54747000
3204      4528190.72514000
3205      4535818.21962000
3206      4543458.32509000
3207      4551108.11205000
3208      4558769.22220000
3209      4566441.66611000
3210      4574125.55740000
3211      4581821.13002000
3212      4589528.16806000
3213      4597246.80650000
3214      4604975.94039000
3215      4612717.12632000
3216      4620469.05370000
3217      4628231.73034000
3218      4636007.25078000
3219      4643793.53950000
3220      4651592.36274000
3221      4659401.54383000
3222      4667222.61452000
3223      4675055.15524000
3224      4682899.27149000
3225      4690754.11555000
3226      4698620.55175000
3227      4706499.92902000
3228      4714389.39343000
3229      4722291.48542000
3230      4730205.88016000
3231      4738129.71624000
3232      4746066.54653000
3233      4754013.93444000
3234      4761974.33831000
3235      4769945.99328000
3236      4777929.24697000
3237      4785924.87405000
3238      4793931.10147000
3239      4801948.95706000
3240      4809979.55390000
3241      4818021.11877000
3242      4826074.34117000
3243      4834139.65457000
3244      4842217.32921000
3245      4850306.43087000
3246      4858407.57271000
3247      4866520.08049000
3248      4874644.38365000
3249      4882780.75814000
3250      4890929.29181000
3251      4899089.57329000
3252      4907262.30318000
3253      4915446.18620000
3254      4923642.19296000
3255      4931850.06095000
3256      4940070.07311000
3257      4948301.19933000
3258      4956545.25672000
3259      4964801.90868000
3260      4973070.74872000
3261      4981350.39196000
3262      4989642.66014000
3263      4997946.79708000
3264      5006263.58011000
3265      5014591.20070000
3266      5022932.53895000
3267      5031285.43646000
3268      5039649.90279000
3269      5048027.83294000
3270      5056416.23116000
3271      5064817.69873000
3272      5073231.18759000
3273      5081656.99976000
3274      5090095.91446000
3275      5098546.46694000
3276      5107009.78883000
3277      5115484.05616000
3278      5123971.82366000
3279      5132470.55470000
3280      5140983.16489000
3281      5149508.23956000
3282      5158044.66205000
3283      5166594.23196000
3284      5175155.22067000
3285      5183729.78832000
3286      5192316.10159000
3287      5200914.57774000
3288      5209527.02780000
3289      5218150.17087000
3290      5226786.90240000
3291      5235435.83732000
3292      5244096.98383000
3293      5252771.80032000
3294      5261457.71578000
3295      5270156.19002000
3296      5278868.00502000
3297      5287591.71527000
3298      5296330.24583000
3299      5305079.19225000
3300      5313841.88782000
3301      5322616.47711000
3302      5331403.74102000
3303      5340204.42118000
3304      5349016.29086000
3305      5357842.33352000
3306      5366682.19630000
3307      5375532.54041000
3308      5384396.72472000
3309      5393273.28466000
3310      5402162.56685000
3311      5411064.98448000
3312      5419980.17673000
3313      5428908.12549000
3314      5437850.38448000
3315      5446803.53562000
3316      5455770.64619000
3317      5464749.81108000
3318      5473742.55844000
3319      5482747.77814000
3320      5491767.35089000
3321      5500799.76925000
3322      5509843.94122000
3323      5518900.60379000
3324      5527971.31016000
3325      5537055.28154000
3326      5546152.17204000
3327      5555261.61384000
3328      5564384.35413000
3329      5573521.95107000
3330      5582670.60094000
3331      5591832.20457000
3332      5601007.56116000
3333      5610195.89400000
3334      5619399.14171000
3335      5628613.48633000
3336      5637840.84039000
3337      5647083.52566000
3338      5656337.71748000
3339      5665606.88247000
3340      5674887.57106000
3341      5684182.48252000
3342      5693490.47830000
3343      5702811.17766000
3344      5712147.68040000
3345      5721494.59951000
3346      5730856.18490000
3347      5740230.52045000
3348      5749619.16097000
3349      5759021.34614000
3350      5768435.14849000
3351      5777864.45335000
3352      5787307.33837000
3353      5796762.25624000
3354      5806231.16099000
3355      5815714.44920000
3356      5825209.80763000
3357      5834719.96281000
3358      5844243.36913000
3359      5853780.81981000
3360      5863331.16032000
3361      5872895.95123000
3362      5882473.65325000
3363      5892065.43410000
3364      5901670.54106000
3365      5911289.74851000
3366      5920922.30481000
3367      5930568.60269000
3368      5940229.04862000
3369      5949902.86209000
3370      5959590.84651000
3371      5969291.82217000
3372      5979008.56337000
3373      5988737.14169000
3374      5998480.33566000
3375      6008238.15808000
3376      6018008.62424000
3377      6027793.34163000
3378      6037592.32317000
3379      6047404.37695000
3380      6057230.71692000
3381      6067070.55091000
3382      6076925.09659000
3383      6086794.77082000
3384      6096677.54032000
3385      6106574.28122000
3386      6116483.76201000
3387      6126408.41979000
3388      6136348.23455000
3389      6146300.04213000
3390      6156267.84160000
3391      6166250.46455000
3392      6176244.29591000
3393      6186254.56451000
3394      6196277.65205000
3395      6206316.01737000
3396      6216368.03974000
3397      6226433.72775000
3398      6236515.55327000
3399      6246611.43699000
3400      6256719.42038000
3401      6266843.53580000
3402      6276981.37241000
3403      6287133.76488000
3404      6297300.72627000
3405      6307481.02818000
3406      6317677.16307000
3407      6327887.85315000
3408      6338110.72168000
3409      6348349.82558000
3410      6358602.73711000
3411      6368870.29974000
3412      6379153.72068000
3413      6389448.95334000
3414      6399761.73848000
3415      6410087.97064000
3416      6420427.65803000
3417      6430782.90581000
3418      6441152.40819000
3419      6451535.87805000
3420      6461935.30549000
3421      6472347.81977000
3422      6482778.00309000
3423      6493220.51625000
3424      6503677.76961000
3425      6514150.26420000
3426      6524637.52094000
3427      6535139.26577000
3428      6545656.21986000
3429      6556188.04164000
3430      6566735.52293000
3431      6577295.83851000
3432      6587871.40885000
3433      6598462.32079000
3434      6609068.08435000
3435      6619689.21440000
3436      6630325.29700000
3437      6640975.91516000
3438      6651641.86015000
3439      6662322.79330000
3440      6673017.00424000
3441      6683728.29833000
3442      6694453.32288000
3443      6705195.02703000
3444      6715950.13601000
3445      6726721.51840000
3446      6737508.75549000
3447      6748308.99739000
3448      6759125.89587000
3449      6769957.12402000
3450      6780803.81881000
3451      6791664.77598000
3452      6802543.84185000
3453      6813435.44694000
3454      6824342.65966000
3455      6835266.27389000
3456      6846203.33046000
3457      6857157.69057000
3458      6868126.83374000
3459      6879109.88861000
3460      6890110.73090000
3461      6901125.50962000
3462      6912155.45510000
3463      6923201.12345000
3464      6934261.20077000
3465      6945337.80763000
3466      6956430.95790000
3467      6967538.10836000
3468      6978661.93653000
3469      6989801.01338000
3470      7000954.12229000
3471      7012124.28437000
3472      7023310.62080000
3473      7034510.24213000
3474      7045727.73753000
3475      7056958.53940000
3476      7068208.58898000
3477      7079472.74999000
3478      7090751.03062000
3479      7102046.47287000
3480      7113356.95836000
3481      7124682.82786000
3482      7136024.66631000
3483      7147384.17537000
3484      7158758.19896000
3485      7170147.77942000
3486      7181553.25484000
3487      7192974.76600000
3488      7204411.41650000
3489      7215864.77988000
3490      7227334.21836000
3491      7238820.20316000
3492      7250320.32905000
3493      7261838.26565000
3494      7273370.95684000
3495      7284919.65246000
3496      7296485.74197000
3497      7308067.08126000
3498      7319662.76031000
3499      7331278.49828000
3500      7342907.21763000
