   1            4.70551000
   2            5.56221000
   3            7.35810000
   4            9.23533000
   5           11.13906000
   6           13.05490000
   7           14.97732000
   8           16.90373000
   9           18.83275000
  10           20.76356000
  11           22.69569000
  12           24.62880000
  13           26.56266000
  14           28.49713000
  15           30.43208000
  16           32.36743000
  17           34.30312000
  18           36.23909000
  19           38.17532000
  20           40.11176000
  21           42.04840000
  22           43.98521000
  23           45.92217000
  24           47.85927000
  25           49.79651000
  26           51.73386000
  27           53.67132000
  28           55.60890000
  29           57.54656000
  30           59.48433000
  31           61.42218000
  32           63.36012000
  33           65.29812000
  34           67.23622000
  35           69.17438000
  36           71.11263000
  37           73.05095000
  38           74.98932000
  39           76.92778000
  40           78.86627000
  41           80.80486000
  42           82.74350000
  43           84.68219000
  44           86.62094000
  45           88.55978000
  46           90.49864000
  47           92.43758000
  48           94.37656000
  49           96.31563000
  50           98.25473000
  51          100.19387000
  52          102.13309000
  53          104.07235000
  54          106.01167000
  55          107.95105000
  56          109.89047000
  57          111.82995000
  58          113.76948000
  59          115.70907000
  60          117.64870000
  61          119.58840000
  62          121.52812000
  63          123.46792000
  64          125.40776000
  65          127.34765000
  66          129.28759000
  67          131.22759000
  68          133.16764000
  69          135.10775000
  70          137.04792000
  71          138.98812000
  72          140.92841000
  73          142.86871000
  74          144.80911000
  75          146.74953000
  76          148.69004000
  77          150.63057000
  78          152.57123000
  79          154.51192000
  80          156.45268000
  81          158.39350000
  82          160.33439000
  83          162.27538000
  84          164.21642000
  85          166.15756000
  86          168.09880000
  87          170.04011000
  88          171.98151000
  89          173.92304000
  90          175.86464000
  91          177.80636000
  92          179.74823000
  93          181.69019000
  94          183.63227000
  95          185.57450000
  96          187.51690000
  97          189.45941000
  98          191.40216000
  99          193.34502000
 100          195.28807000
 101          197.23131000
 102          199.17473000
 103          201.11846000
 104          203.06229000
 105          205.00645000
 106          206.95079000
 107          208.89544000
 108          210.84034000
 109          212.78558000
 110          214.73112000
 111          216.67693000
 112          218.62315000
 113          220.56965000
 114          222.51658000
 115          224.46388000
 116          226.41158000
 117          228.35970000
 118          230.30832000
 119          232.25736000
 120          234.20692000
 121          236.15697000
 122          238.10756000
 123          240.05870000
 124          242.01039000
 125          243.96274000
 126          245.91565000
 127          247.86925000
 128          249.82350000
 129          251.77849000
 130          253.73413000
 131          255.69059000
 132          257.64780000
 133          259.60581000
 134          261.56467000
 135          263.52438000
 136          265.48498000
 137          267.44645000
 138          269.40890000
 139          271.37237000
 140          273.33682000
 141          275.30229000
 142          277.26886000
 143          279.23652000
 144          281.20524000
 145          283.17522000
 146          285.14635000
 147          287.11870000
 148          289.09231000
 149          291.06730000
 150          293.04358000
 151          295.02122000
 152          297.00024000
 153          298.98070000
 154          300.96258000
 155          302.94605000
 156          304.93103000
 157          306.91753000
 158          308.90571000
 159          310.89548000
 160          312.88697000
 161          314.88013000
 162          316.87511000
 163          318.87189000
 164          320.87044000
 165          322.87094000
 166          324.87321000
 167          326.87751000
 168          328.88381000
 169          330.89205000
 170          332.90240000
 171          334.91481000
 172          336.92933000
 173          338.94608000
 174          340.96499000
 175          342.98617000
 176          345.00959000
 177          347.03536000
 178          349.06357000
 179          351.09398000
 180          353.12697000
 181          355.16234000
 182          357.20033000
 183          359.24087000
 184          361.28392000
 185          363.32966000
 186          365.37799000
 187          367.42905000
 188          369.48288000
 189          371.53947000
 190          373.59885000
 191          375.66118000
 192          377.72629000
 193          379.79440000
 194          381.86554000
 195          383.93955000
 196          386.01676000
 197          388.09689000
 198          390.18027000
 199          392.26677000
 200          394.35652000
 201          396.44942000
 202          398.54568000
 203          400.64515000
 204          402.74815000
 205          404.85442000
 206          406.96410000
 207          409.07727000
 208          411.19393000
 209          413.31419000
 210          415.43799000
 211          417.56536000
 212          419.69644000
 213          421.83123000
 214          423.96971000
 215          426.11197000
 216          428.25796000
 217          430.40774000
 218          432.56152000
 219          434.71922000
 220          436.88080000
 221          439.04629000
 222          441.21590000
 223          443.38957000
 224          445.56731000
 225          447.74917000
 226          449.93514000
 227          452.12534000
 228          454.31978000
 229          456.51848000
 230          458.72147000
 231          460.92870000
 232          463.14038000
 233          465.35646000
 234          467.57699000
 235          469.80206000
 236          472.03159000
 237          474.26556000
 238          476.50423000
 239          478.74743000
 240          480.99539000
 241          483.24780000
 242          485.50514000
 243          487.76711000
 244          490.03392000
 245          492.30544000
 246          494.58195000
 247          496.86330000
 248          499.14939000
 249          501.44057000
 250          503.73666000
 251          506.03784000
 252          508.34402000
 253          510.65533000
 254          512.97164000
 255          515.29311000
 256          517.61981000
 257          519.95167000
 258          522.28884000
 259          524.63118000
 260          526.97883000
 261          529.33168000
 262          531.69013000
 263          534.05387000
 264          536.42299000
 265          538.79749000
 266          541.17758000
 267          543.56332000
 268          545.95439000
 269          548.35116000
 270          550.75327000
 271          553.16126000
 272          555.57485000
 273          557.99419000
 274          560.41918000
 275          562.84992000
 276          565.28649000
 277          567.72894000
 278          570.17716000
 279          572.63125000
 280          575.09130000
 281          577.55720000
 282          580.02913000
 283          582.50697000
 284          584.99083000
 285          587.48079000
 286          589.97688000
 287          592.47901000
 288          594.98733000
 289          597.50174000
 290          600.02240000
 291          602.54927000
 292          605.08238000
 293          607.62176000
 294          610.16738000
 295          612.71938000
 296          615.27774000
 297          617.84261000
 298          620.41362000
 299          622.99127000
 300          625.57531000
 301          628.16592000
 302          630.76317000
 303          633.36671000
 304          635.97695000
 305          638.59379000
 306          641.21739000
 307          643.84745000
 308          646.48432000
 309          649.12791000
 310          651.77822000
 311          654.43537000
 312          657.09917000
 313          659.76986000
 314          662.44739000
 315          665.13192000
 316          667.82321000
 317          670.52149000
 318          673.22658000
 319          675.93885000
 320          678.65812000
 321          681.38428000
 322          684.11756000
 323          686.85798000
 324          689.60544000
 325          692.36004000
 326          695.12192000
 327          697.89091000
 328          700.66711000
 329          703.45048000
 330          706.24131000
 331          709.03929000
 332          711.84457000
 333          714.65726000
 334          717.47724000
 335          720.30473000
 336          723.13951000
 337          725.98178000
 338          728.83145000
 339          731.68867000
 340          734.55347000
 341          737.42573000
 342          740.30569000
 343          743.19303000
 344          746.08818000
 345          748.99084000
 346          751.90128000
 347          754.81934000
 348          757.74518000
 349          760.67861000
 350          763.62007000
 351          766.56911000
 352          769.52595000
 353          772.49069000
 354          775.46329000
 355          778.44383000
 356          781.43214000
 357          784.42851000
 358          787.43262000
 359          790.44505000
 360          793.46541000
 361          796.49366000
 362          799.53009000
 363          802.57445000
 364          805.62698000
 365          808.68763000
 366          811.75655000
 367          814.83343000
 368          817.91864000
 369          821.01206000
 370          824.11372000
 371          827.22364000
 372          830.34191000
 373          833.46849000
 374          836.60326000
 375          839.74653000
 376          842.89810000
 377          846.05821000
 378          849.22646000
 379          852.40344000
 380          855.58890000
 381          858.78284000
 382          861.98524000
 383          865.19617000
 384          868.41560000
 385          871.64375000
 386          874.88066000
 387          878.12599000
 388          881.38004000
 389          884.64277000
 390          887.91435000
 391          891.19443000
 392          894.48348000
 393          897.78108000
 394          901.08755000
 395          904.40305000
 396          907.72725000
 397          911.06031000
 398          914.40232000
 399          917.75310000
 400          921.11281000
 401          924.48169000
 402          927.85939000
 403          931.24610000
 404          934.64197000
 405          938.04667000
 406          941.46065000
 407          944.88365000
 408          948.31583000
 409          951.75715000
 410          955.20754000
 411          958.66727000
 412          962.13612000
 413          965.61405000
 414          969.10145000
 415          972.59811000
 416          976.10399000
 417          979.61919000
 418          983.14379000
 419          986.67775000
 420          990.22102000
 421          993.77399000
 422          997.33579000
 423         1000.90763000
 424         1004.48872000
 425         1008.07930000
 426         1011.67940000
 427         1015.28918000
 428         1018.90844000
 429         1022.53714000
 430         1026.17574000
 431         1029.82381000
 432         1033.48153000
 433         1037.14885000
 434         1040.82601000
 435         1044.51288000
 436         1048.20949000
 437         1051.91593000
 438         1055.63193000
 439         1059.35795000
 440         1063.09373000
 441         1066.83943000
 442         1070.59484000
 443         1074.36030000
 444         1078.13567000
 445         1081.92097000
 446         1085.71631000
 447         1089.52155000
 448         1093.33679000
 449         1097.16198000
 450         1100.99737000
 451         1104.84274000
 452         1108.69821000
 453         1112.56387000
 454         1116.43965000
 455         1120.32559000
 456         1124.22171000
 457         1128.12803000
 458         1132.04457000
 459         1135.97151000
 460         1139.90855000
 461         1143.85596000
 462         1147.81361000
 463         1151.78174000
 464         1155.76014000
 465         1159.74899000
 466         1163.74817000
 467         1167.75768000
 468         1171.77787000
 469         1175.80845000
 470         1179.84943000
 471         1183.90083000
 472         1187.96300000
 473         1192.03557000
 474         1196.11894000
 475         1200.21267000
 476         1204.31725000
 477         1208.43239000
 478         1212.55819000
 479         1216.69459000
 480         1220.84178000
 481         1224.99953000
 482         1229.16818000
 483         1233.34769000
 484         1237.53807000
 485         1241.73918000
 486         1245.95080000
 487         1250.17384000
 488         1254.40761000
 489         1258.65202000
 490         1262.90745000
 491         1267.17381000
 492         1271.45147000
 493         1275.73971000
 494         1280.03945000
 495         1284.34973000
 496         1288.67148000
 497         1293.00389000
 498         1297.34781000
 499         1301.70276000
 500         1306.06861000
 501         1310.44596000
 502         1314.83424000
 503         1319.23390000
 504         1323.64487000
 505         1328.06701000
 506         1332.50042000
 507         1336.94529000
 508         1341.40115000
 509         1345.86860000
 510         1350.34733000
 511         1354.83727000
 512         1359.33904000
 513         1363.85182000
 514         1368.37646000
 515         1372.91233000
 516         1377.45994000
 517         1382.01873000
 518         1386.58931000
 519         1391.17137000
 520         1395.76509000
 521         1400.37026000
 522         1404.98730000
 523         1409.61607000
 524         1414.25617000
 525         1418.90831000
 526         1423.57200000
 527         1428.24742000
 528         1432.93451000
 529         1437.63347000
 530         1442.34440000
 531         1447.06699000
 532         1451.80160000
 533         1456.54791000
 534         1461.30645000
 535         1466.07657000
 536         1470.85896000
 537         1475.65297000
 538         1480.45914000
 539         1485.27713000
 540         1490.10732000
 541         1494.94957000
 542         1499.80388000
 543         1504.67046000
 544         1509.54880000
 545         1514.43963000
 546         1519.34245000
 547         1524.25780000
 548         1529.18465000
 549         1534.12425000
 550         1539.07611000
 551         1544.04024000
 552         1549.01666000
 553         1554.00539000
 554         1559.00647000
 555         1564.01973000
 556         1569.04573000
 557         1574.08378000
 558         1579.13443000
 559         1584.19754000
 560         1589.27312000
 561         1594.36138000
 562         1599.46197000
 563         1604.57529000
 564         1609.70081000
 565         1614.83946000
 566         1619.99036000
 567         1625.15407000
 568         1630.33007000
 569         1635.51911000
 570         1640.72067000
 571         1645.93514000
 572         1651.16271000
 573         1656.40250000
 574         1661.65545000
 575         1666.92085000
 576         1672.19945000
 577         1677.49036000
 578         1682.79470000
 579         1688.11177000
 580         1693.44194000
 581         1698.78469000
 582         1704.14097000
 583         1709.51007000
 584         1714.89199000
 585         1720.28696000
 586         1725.69518000
 587         1731.11649000
 588         1736.55072000
 589         1741.99826000
 590         1747.45878000
 591         1752.93304000
 592         1758.42013000
 593         1763.92044000
 594         1769.43419000
 595         1774.96084000
 596         1780.50116000
 597         1786.05460000
 598         1791.62139000
 599         1797.20154000
 600         1802.79527000
 601         1808.40241000
 602         1814.02298000
 603         1819.65682000
 604         1825.30433000
 605         1830.96553000
 606         1836.63988000
 607         1842.32797000
 608         1848.02944000
 609         1853.74490000
 610         1859.47358000
 611         1865.21649000
 612         1870.97249000
 613         1876.74256000
 614         1882.52616000
 615         1888.32368000
 616         1894.13458000
 617         1899.95945000
 618         1905.79852000
 619         1911.65084000
 620         1917.51760000
 621         1923.39785000
 622         1929.29219000
 623         1935.20046000
 624         1941.12307000
 625         1947.05907000
 626         1953.00906000
 627         1958.97346000
 628         1964.95171000
 629         1970.94403000
 630         1976.95025000
 631         1982.97117000
 632         1989.00564000
 633         1995.05486000
 634         2001.11768000
 635         2007.19530000
 636         2013.28696000
 637         2019.39267000
 638         2025.51267000
 639         2031.64718000
 640         2037.79601000
 641         2043.95920000
 642         2050.13697000
 643         2056.32874000
 644         2062.53534000
 645         2068.75599000
 646         2074.99131000
 647         2081.24133000
 648         2087.50547000
 649         2093.78477000
 650         2100.07823000
 651         2106.38629000
 652         2112.70917000
 653         2119.04669000
 654         2125.39888000
 655         2131.76557000
 656         2138.14737000
 657         2144.54331000
 658         2150.95462000
 659         2157.38052000
 660         2163.82144000
 661         2170.27679000
 662         2176.74741000
 663         2183.23293000
 664         2189.73314000
 665         2196.24768000
 666         2202.77821000
 667         2209.32352000
 668         2215.88363000
 669         2222.45899000
 670         2229.04941000
 671         2235.65491000
 672         2242.27531000
 673         2248.91106000
 674         2255.56176000
 675         2262.22806000
 676         2268.90957000
 677         2275.60568000
 678         2282.31789000
 679         2289.04475000
 680         2295.78756000
 681         2302.54485000
 682         2309.31835000
 683         2316.10660000
 684         2322.91068000
 685         2329.72998000
 686         2336.56473000
 687         2343.41561000
 688         2350.28115000
 689         2357.16286000
 690         2364.05970000
 691         2370.97234000
 692         2377.90037000
 693         2384.84447000
 694         2391.80380000
 695         2398.77903000
 696         2405.76975000
 697         2412.77686000
 698         2419.79973000
 699         2426.83774000
 700         2433.89221000
 701         2440.96164000
 702         2448.04759000
 703         2455.14965000
 704         2462.26719000
 705         2469.40022000
 706         2476.55033000
 707         2483.71553000
 708         2490.89764000
 709         2498.09557000
 710         2505.30935000
 711         2512.53900000
 712         2519.78499000
 713         2527.04713000
 714         2534.32543000
 715         2541.62016000
 716         2548.93043000
 717         2556.25808000
 718         2563.60155000
 719         2570.96087000
 720         2578.33719000
 721         2585.72941000
 722         2593.13801000
 723         2600.56279000
 724         2608.00490000
 725         2615.46257000
 726         2622.93762000
 727         2630.42850000
 728         2637.93592000
 729         2645.46057000
 730         2653.00136000
 731         2660.55900000
 732         2668.13304000
 733         2675.72352000
 734         2683.33092000
 735         2690.95550000
 736         2698.59636000
 737         2706.25423000
 738         2713.92889000
 739         2721.61992000
 740         2729.32872000
 741         2737.05347000
 742         2744.79606000
 743         2752.55464000
 744         2760.33112000
 745         2768.12341000
 746         2775.93411000
 747         2783.76068000
 748         2791.60478000
 749         2799.46621000
 750         2807.34429000
 751         2815.24045000
 752         2823.15307000
 753         2831.08337000
 754         2839.03018000
 755         2846.99448000
 756         2854.97606000
 757         2862.97518000
 758         2870.99163000
 759         2879.02545000
 760         2887.07688000
 761         2895.14502000
 762         2903.23179000
 763         2911.33484000
 764         2919.45610000
 765         2927.59416000
 766         2935.75073000
 767         2943.92440000
 768         2952.11567000
 769         2960.32481000
 770         2968.55137000
 771         2976.79635000
 772         2985.05807000
 773         2993.33826000
 774         3001.63549000
 775         3009.95124000
 776         3018.28409000
 777         3026.63552000
 778         3035.00434000
 779         3043.39181000
 780         3051.79647000
 781         3060.21933000
 782         3068.66069000
 783         3077.11931000
 784         3085.59648000
 785         3094.09123000
 786         3102.60432000
 787         3111.13579000
 788         3119.68542000
 789         3128.25323000
 790         3136.83900000
 791         3145.44327000
 792         3154.06580000
 793         3162.70713000
 794         3171.36579000
 795         3180.04380000
 796         3188.73943000
 797         3197.45348000
 798         3206.18646000
 799         3214.93766000
 800         3223.70735000
 801         3232.49607000
 802         3241.30309000
 803         3250.12818000
 804         3258.97264000
 805         3267.83522000
 806         3276.71647000
 807         3285.61641000
 808         3294.53506000
 809         3303.47273000
 810         3312.42942000
 811         3321.40467000
 812         3330.39850000
 813         3339.41196000
 814         3348.44354000
 815         3357.49456000
 816         3366.56375000
 817         3375.65243000
 818         3384.76064000
 819         3393.88737000
 820         3403.03343000
 821         3412.19832000
 822         3421.38259000
 823         3430.58601000
 824         3439.80861000
 825         3449.04990000
 826         3458.31095000
 827         3467.59127000
 828         3476.89141000
 829         3486.21009000
 830         3495.54839000
 831         3504.90580000
 832         3514.28316000
 833         3523.67969000
 834         3533.09570000
 835         3542.53148000
 836         3551.98679000
 837         3561.46112000
 838         3570.95557000
 839         3580.46965000
 840         3590.00337000
 841         3599.55677000
 842         3609.12934000
 843         3618.72219000
 844         3628.33480000
 845         3637.96748000
 846         3647.61944000
 847         3657.29181000
 848         3666.98405000
 849         3676.69567000
 850         3686.42751000
 851         3696.17986000
 852         3705.95113000
 853         3715.74352000
 854         3725.55516000
 855         3735.38799000
 856         3745.24012000
 857         3755.11267000
 858         3765.00487000
 859         3774.91865000
 860         3784.85158000
 861         3794.80478000
 862         3804.77828000
 863         3814.77267000
 864         3824.78687000
 865         3834.82203000
 866         3844.87733000
 867         3854.95337000
 868         3865.04961000
 869         3875.16637000
 870         3885.30424000
 871         3895.46212000
 872         3905.64005000
 873         3915.83974000
 874         3926.05982000
 875         3936.30004000
 876         3946.56212000
 877         3956.84467000
 878         3967.14717000
 879         3977.47134000
 880         3987.81608000
 881         3998.18170000
 882         4008.56767000
 883         4018.97572000
 884         4029.40360000
 885         4039.85364000
 886         4050.32472000
 887         4060.81601000
 888         4071.32897000
 889         4081.86277000
 890         4092.41773000
 891         4102.99418000
 892         4113.59127000
 893         4124.21020000
 894         4134.85012000
 895         4145.51136000
 896         4156.19453000
 897         4166.89909000
 898         4177.62417000
 899         4188.37158000
 900         4199.14017000
 901         4209.93056000
 902         4220.74190000
 903         4231.57569000
 904         4242.43020000
 905         4253.30722000
 906         4264.20502000
 907         4275.12541000
 908         4286.06693000
 909         4297.03050000
 910         4308.01616000
 911         4319.02335000
 912         4330.05179000
 913         4341.10242000
 914         4352.17586000
 915         4363.27005000
 916         4374.38712000
 917         4385.52561000
 918         4396.68704000
 919         4407.86964000
 920         4419.07556000
 921         4430.30272000
 922         4441.55145000
 923         4452.82329000
 924         4464.11645000
 925         4475.43401000
 926         4486.77205000
 927         4498.13273000
 928         4509.51638000
 929         4520.92243000
 930         4532.35031000
 931         4543.80003000
 932         4555.27440000
 933         4566.76914000
 934         4578.28829000
 935         4589.82881000
 936         4601.39225000
 937         4612.97867000
 938         4624.58809000
 939         4636.21992000
 940         4647.87420000
 941         4659.55095000
 942         4671.25053000
 943         4682.97421000
 944         4694.71984000
 945         4706.48870000
 946         4718.28021000
 947         4730.09595000
 948         4741.93252000
 949         4753.79434000
 950         4765.67799000
 951         4777.58507000
 952         4789.51530000
 953         4801.46840000
 954         4813.44599000
 955         4825.44492000
 956         4837.46905000
 957         4849.51553000
 958         4861.58537000
 959         4873.67859000
 960         4885.79651000
 961         4897.93660000
 962         4910.09922000
 963         4922.28791000
 964         4934.49824000
 965         4946.73311000
 966         4958.99096000
 967         4971.27310000
 968         4983.57828000
 969         4995.90816000
 970         5008.26146000
 971         5020.63790000
 972         5033.03881000
 973         5045.46260000
 974         5057.91191000
 975         5070.38384000
 976         5082.88037000
 977         5095.40024000
 978         5107.94577000
 979         5120.51339000
 980         5133.10642000
 981         5145.72357000
 982         5158.36390000
 983         5171.03007000
 984         5183.71915000
 985         5196.43315000
 986         5209.17013000
 987         5221.93309000
 988         5234.71942000
 989         5247.53115000
 990         5260.36665000
 991         5273.22695000
 992         5286.11243000
 993         5299.02043000
 994         5311.95468000
 995         5324.91253000
 996         5337.89603000
 997         5350.90455000
 998         5363.93710000
 999         5376.99372000
1000         5390.07614000
1001         5403.18201000
1002         5416.31511000
1003         5429.47174000
1004         5442.65294000
1005         5455.85978000
1006         5469.09127000
1007         5482.34846000
1008         5495.62935000
1009         5508.93704000
1010         5522.26849000
1011         5535.62579000
1012         5549.00933000
1013         5562.41603000
1014         5575.84938000
1015         5589.30734000
1016         5602.79100000
1017         5616.30037000
1018         5629.83481000
1019         5643.39365000
1020         5656.97971000
1021         5670.59059000
1022         5684.22737000
1023         5697.89009000
1024         5711.57739000
1025         5725.29069000
1026         5739.02969000
1027         5752.79548000
1028         5766.58527000
1029         5780.40157000
1030         5794.24476000
1031         5808.11206000
1032         5822.00739000
1033         5835.92796000
1034         5849.87416000
1035         5863.84602000
1036         5877.84464000
1037         5891.86864000
1038         5905.91948000
1039         5919.99576000
1040         5934.09932000
1041         5948.22839000
1042         5962.38337000
1043         5976.56501000
1044         5990.77408000
1045         6005.00881000
1046         6019.26958000
1047         6033.55754000
1048         6047.87089000
1049         6062.21113000
1050         6076.57865000
1051         6090.97278000
1052         6105.39353000
1053         6119.84023000
1054         6134.31436000
1055         6148.81487000
1056         6163.34216000
1057         6177.89627000
1058         6192.47722000
1059         6207.08507000
1060         6221.71984000
1061         6236.38231000
1062         6251.07105000
1063         6265.78756000
1064         6280.53115000
1065         6295.30185000
1066         6310.09746000
1067         6324.92250000
1068         6339.77475000
1069         6354.65427000
1070         6369.56033000
1071         6384.49447000
1072         6399.45524000
1073         6414.44491000
1074         6429.46053000
1075         6444.50439000
1076         6459.57576000
1077         6474.67393000
1078         6489.80046000
1079         6504.95462000
1080         6520.13644000
1081         6535.34598000
1082         6550.58250000
1083         6565.84756000
1084         6581.14044000
1085         6596.46118000
1086         6611.81058000
1087         6627.18791000
1088         6642.59169000
1089         6658.02500000
1090         6673.48483000
1091         6688.97428000
1092         6704.49030000
1093         6720.03604000
1094         6735.60919000
1095         6751.21059000
1096         6766.84103000
1097         6782.49824000
1098         6798.18534000
1099         6813.90162000
1100         6829.64477000
1101         6845.41638000
1102         6861.21649000
1103         6877.04593000
1104         6892.90394000
1105         6908.78979000
1106         6924.70509000
1107         6940.64908000
1108         6956.62180000
1109         6972.62251000
1110         6988.65282000
1111         7004.71119000
1112         7020.80003000
1113         7036.91780000
1114         7053.06294000
1115         7069.23709000
1116         7085.44028000
1117         7101.67495000
1118         7117.93634000
1119         7134.22769000
1120         7150.54904000
1121         7166.89802000
1122         7183.27789000
1123         7199.68546000
1124         7216.12480000
1125         7232.59031000
1126         7249.08849000
1127         7265.61290000
1128         7282.17006000
1129         7298.75515000
1130         7315.36983000
1131         7332.01495000
1132         7348.68893000
1133         7365.39261000
1134         7382.12686000
1135         7398.89089000
1136         7415.68311000
1137         7432.50766000
1138         7449.36047000
1139         7466.24487000
1140         7483.15844000
1141         7500.10037000
1142         7517.07485000
1143         7534.07778000
1144         7551.11168000
1145         7568.17410000
1146         7585.26924000
1147         7602.39380000
1148         7619.54784000
1149         7636.73473000
1150         7653.95032000
1151         7671.19467000
1152         7688.47199000
1153         7705.77897000
1154         7723.11566000
1155         7740.48546000
1156         7757.88250000
1157         7775.31274000
1158         7792.77285000
1159         7810.26369000
1160         7827.78617000
1161         7845.33862000
1162         7862.92279000
1163         7880.53616000
1164         7898.18219000
1165         7915.85749000
1166         7933.56638000
1167         7951.30463000
1168         7969.07399000
1169         7986.87450000
1170         8004.70791000
1171         8022.57084000
1172         8040.46504000
1173         8058.39228000
1174         8076.34914000
1175         8094.33913000
1176         8112.35708000
1177         8130.40998000
1178         8148.49266000
1179         8166.60864000
1180         8184.75535000
1181         8202.93283000
1182         8221.14461000
1183         8239.38461000
1184         8257.65813000
1185         8275.96257000
1186         8294.30062000
1187         8312.66879000
1188         8331.07066000
1189         8349.50362000
1190         8367.96947000
1191         8386.46649000
1192         8404.99472000
1193         8423.55686000
1194         8442.14940000
1195         8460.77594000
1196         8479.43385000
1197         8498.12495000
1198         8516.84662000
1199         8535.60335000
1200         8554.38982000
1201         8573.21146000
1202         8592.06471000
1203         8610.94872000
1204         8629.86712000
1205         8648.81635000
1206         8667.80098000
1207         8686.81651000
1208         8705.86663000
1209         8724.94683000
1210         8744.06260000
1211         8763.20944000
1212         8782.39104000
1213         8801.60562000
1214         8820.85048000
1215         8840.13022000
1216         8859.44215000
1217         8878.78905000
1218         8898.16731000
1219         8917.58063000
1220         8937.02539000
1221         8956.50438000
1222         8976.01858000
1223         8995.56248000
1224         9015.14352000
1225         9034.75435000
1226         9054.40241000
1227         9074.08033000
1228         9093.79558000
1229         9113.54262000
1230         9133.32430000
1231         9153.13692000
1232         9172.98613000
1233         9192.87104000
1234         9212.78702000
1235         9232.73784000
1236         9252.72075000
1237         9272.73954000
1238         9292.79143000
1239         9312.87929000
1240         9332.99940000
1241         9353.15463000
1242         9373.34312000
1243         9393.56683000
1244         9413.82484000
1245         9434.11625000
1246         9454.44300000
1247         9474.80418000
1248         9495.19985000
1249         9515.62812000
1250         9536.09575000
1251         9556.59319000
1252         9577.12720000
1253         9597.69688000
1254         9618.29937000
1255         9638.93857000
1256         9659.61067000
1257         9680.32054000
1258         9701.06146000
1259         9721.84121000
1260         9742.65208000
1261         9763.50092000
1262         9784.38388000
1263         9805.30197000
1264         9826.25622000
1265         9847.24472000
1266         9868.26946000
1267         9889.32854000
1268         9910.42298000
1269         9931.55282000
1270         9952.72007000
1271         9973.91986000
1272         9995.15716000
1273        10016.42904000
1274        10037.73853000
1275        10059.08172000
1276        10080.46061000
1277        10101.87724000
1278        10123.32670000
1279        10144.81499000
1280        10166.33619000
1281        10187.89631000
1282        10209.49042000
1283        10231.12356000
1284        10252.78876000
1285        10274.49208000
1286        10296.23358000
1287        10318.00827000
1288        10339.82021000
1289        10361.66745000
1290        10383.55203000
1291        10405.47401000
1292        10427.43142000
1293        10449.42530000
1294        10471.45571000
1295        10493.52370000
1296        10515.62831000
1297        10537.76753000
1298        10559.94551000
1299        10582.16023000
1300        10604.40970000
1301        10626.69704000
1302        10649.02229000
1303        10671.38345000
1304        10693.78158000
1305        10716.21777000
1306        10738.69102000
1307        10761.20140000
1308        10783.74894000
1309        10806.33264000
1310        10828.95464000
1311        10851.61290000
1312        10874.30954000
1313        10897.04254000
1314        10919.81296000
1315        10942.62296000
1316        10965.46945000
1317        10988.35246000
1318        11011.27414000
1319        11034.23454000
1320        11057.23160000
1321        11080.26537000
1322        11103.33800000
1323        11126.44955000
1324        11149.59581000
1325        11172.78426000
1326        11196.00858000
1327        11219.26882000
1328        11242.57139000
1329        11265.90891000
1330        11289.28780000
1331        11312.70171000
1332        11336.15604000
1333        11359.64868000
1334        11383.17862000
1335        11406.74590000
1336        11430.35379000
1337        11454.00126000
1338        11477.68513000
1339        11501.40760000
1340        11525.16872000
1341        11548.96961000
1342        11572.80925000
1343        11596.68659000
1344        11620.60276000
1345        11644.55891000
1346        11668.55398000
1347        11692.58804000
1348        11716.66112000
1349        11740.77218000
1350        11764.92346000
1351        11789.11280000
1352        11813.34355000
1353        11837.61248000
1354        11861.92071000
1355        11886.26609000
1356        11910.65419000
1357        11935.08063000
1358        11959.54769000
1359        11984.05318000
1360        12008.59828000
1361        12033.18302000
1362        12057.80744000
1363        12082.47161000
1364        12107.17445000
1365        12131.91936000
1366        12156.70415000
1367        12181.52776000
1368        12206.39135000
1369        12231.29721000
1370        12256.24202000
1371        12281.22584000
1372        12306.24983000
1373        12331.31517000
1374        12356.42078000
1375        12381.56331000
1376        12406.74960000
1377        12431.97518000
1378        12457.24235000
1379        12482.55003000
1380        12507.89828000
1381        12533.28827000
1382        12558.71665000
1383        12584.18687000
1384        12609.69785000
1385        12635.24848000
1386        12660.84112000
1387        12686.47465000
1388        12712.14799000
1389        12737.86463000
1390        12763.62116000
1391        12789.41879000
1392        12815.25757000
1393        12841.13638000
1394        12867.05992000
1395        12893.02127000
1396        12919.02629000
1397        12945.06921000
1398        12971.15823000
1399        12997.28407000
1400        13023.45729000
1401        13049.66860000
1402        13075.92272000
1403        13102.21852000
1404        13128.55490000
1405        13154.93423000
1406        13181.35305000
1407        13207.81611000
1408        13234.31992000
1409        13260.86691000
1410        13287.45356000
1411        13314.08585000
1412        13340.75909000
1413        13367.47333000
1414        13394.23218000
1415        13421.03094000
1416        13447.87322000
1417        13474.75670000
1418        13501.68380000
1419        13528.65219000
1420        13555.66551000
1421        13582.72022000
1422        13609.81757000
1423        13636.95760000
1424        13664.14037000
1425        13691.36592000
1426        13718.63311000
1427        13745.94559000
1428        13773.29981000
1429        13800.69822000
1430        13828.13725000
1431        13855.62180000
1432        13883.14705000
1433        13910.71793000
1434        13938.33327000
1435        13965.98824000
1436        13993.68900000
1437        14021.42947000
1438        14049.21707000
1439        14077.04816000
1440        14104.92403000
1441        14132.83857000
1442        14160.80169000
1443        14188.80604000
1444        14216.85537000
1445        14244.94851000
1446        14273.08302000
1447        14301.26391000
1448        14329.49000000
1449        14357.75761000
1450        14386.06803000
1451        14414.42629000
1452        14442.82747000
1453        14471.27411000
1454        14499.76377000
1455        14528.29523000
1456        14556.87607000
1457        14585.49757000
1458        14614.16479000
1459        14642.87653000
1460        14671.63410000
1461        14700.43378000
1462        14729.28192000
1463        14758.17480000
1464        14787.10865000
1465        14816.08861000
1466        14845.11344000
1467        14874.18448000
1468        14903.29669000
1469        14932.45904000
1470        14961.66137000
1471        14990.91395000
1472        15020.21046000
1473        15049.55221000
1474        15078.93926000
1475        15108.36910000
1476        15137.84691000
1477        15167.36889000
1478        15196.93767000
1479        15226.55072000
1480        15256.21068000
1481        15285.91630000
1482        15315.66634000
1483        15345.46216000
1484        15375.30640000
1485        15405.19392000
1486        15435.12997000
1487        15465.11201000
1488        15495.13616000
1489        15525.21033000
1490        15555.32670000
1491        15585.49452000
1492        15615.70464000
1493        15645.96106000
1494        15676.26515000
1495        15706.61697000
1496        15737.01657000
1497        15767.45739000
1498        15797.94743000
1499        15828.48673000
1500        15859.06873000
1501        15889.69878000
1502        15920.37694000
1503        15951.10193000
1504        15981.87114000
1505        16012.69130000
1506        16043.55443000
1507        16074.46595000
1508        16105.42591000
1509        16136.43303000
1510        16167.48735000
1511        16198.58759000
1512        16229.73514000
1513        16260.93006000
1514        16292.17239000
1515        16323.46356000
1516        16354.80497000
1517        16386.18989000
1518        16417.62381000
1519        16449.10407000
1520        16480.63479000
1521        16512.21059000
1522        16543.83560000
1523        16575.50715000
1524        16607.23077000
1525        16638.99557000
1526        16670.81528000
1527        16702.68038000
1528        16734.59366000
1529        16766.55380000
1530        16798.56498000
1531        16830.62174000
1532        16862.73104000
1533        16894.88327000
1534        16927.08954000
1535        16959.34299000
1536        16991.64089000
1537        17023.99302000
1538        17056.39110000
1539        17088.83935000
1540        17121.33364000
1541        17153.87822000
1542        17186.47314000
1543        17219.11566000
1544        17251.81005000
1545        17284.55074000
1546        17317.34340000
1547        17350.18107000
1548        17383.07083000
1549        17416.01274000
1550        17448.99840000
1551        17482.03632000
1552        17515.12090000
1553        17548.26071000
1554        17581.44445000
1555        17614.68070000
1556        17647.96666000
1557        17681.30240000
1558        17714.68939000
1559        17748.12342000
1560        17781.61025000
1561        17815.14421000
1562        17848.72966000
1563        17882.36521000
1564        17916.05237000
1565        17949.78543000
1566        17983.57309000
1567        18017.40964000
1568        18051.29802000
1569        18085.23685000
1570        18119.22473000
1571        18153.26317000
1572        18187.35222000
1573        18221.49485000
1574        18255.68238000
1575        18289.92652000
1576        18324.21858000
1577        18358.56300000
1578        18392.95544000
1579        18427.40328000
1580        18461.89925000
1581        18496.44781000
1582        18531.04756000
1583        18565.69558000
1584        18600.39785000
1585        18635.15293000
1586        18669.95647000
1587        18704.81147000
1588        18739.72242000
1589        18774.68348000
1590        18809.69171000
1591        18844.75311000
1592        18879.86923000
1593        18915.03417000
1594        18950.25097000
1595        18985.52417000
1596        19020.84635000
1597        19056.22056000
1598        19091.64386000
1599        19127.12531000
1600        19162.65896000
1601        19198.23735000
1602        19233.87558000
1603        19269.56167000
1604        19305.30472000
1605        19341.09420000
1606        19376.94229000
1607        19412.83996000
1608        19448.79332000
1609        19484.79180000
1610        19520.85067000
1611        19556.96237000
1612        19593.12392000
1613        19629.33994000
1614        19665.60745000
1615        19701.92955000
1616        19738.30171000
1617        19774.73319000
1618        19811.21023000
1619        19847.74825000
1620        19884.33194000
1621        19920.97674000
1622        19957.67349000
1623        19994.41757000
1624        20031.22144000
1625        20068.07585000
1626        20104.98863000
1627        20141.95051000
1628        20178.96932000
1629        20216.03891000
1630        20253.16399000
1631        20290.34463000
1632        20327.57621000
1633        20364.86816000
1634        20402.20488000
1635        20439.60368000
1636        20477.05521000
1637        20514.56109000
1638        20552.11823000
1639        20589.73457000
1640        20627.40070000
1641        20665.12300000
1642        20702.90152000
1643        20740.73158000
1644        20778.62275000
1645        20816.56239000
1646        20854.56009000
1647        20892.61274000
1648        20930.71879000
1649        20968.87830000
1650        21007.09773000
1651        21045.36914000
1652        21083.69738000
1653        21122.08253000
1654        21160.51982000
1655        21199.01736000
1656        21237.56394000
1657        21276.16766000
1658        21314.82859000
1659        21353.54517000
1660        21392.31747000
1661        21431.14555000
1662        21470.02783000
1663        21508.96926000
1664        21547.96665000
1665        21587.01842000
1666        21626.12627000
1667        21665.29025000
1668        21704.50880000
1669        21743.78359000
1670        21783.11961000
1671        21822.50709000
1672        21861.95593000
1673        21901.45963000
1674        21941.01659000
1675        21980.63511000
1676        22020.30702000
1677        22060.03731000
1678        22099.82109000
1679        22139.66670000
1680        22179.56591000
1681        22219.52044000
1682        22259.53533000
1683        22299.60899000
1684        22339.73981000
1685        22379.92286000
1686        22420.16319000
1687        22460.46420000
1688        22500.82094000
1689        22541.23682000
1690        22581.71358000
1691        22622.24122000
1692        22662.82987000
1693        22703.47623000
1694        22744.18037000
1695        22784.94571000
1696        22825.76388000
1697        22866.64001000
1698        22907.57754000
1699        22948.56975000
1700        22989.62180000
1701        23030.73376000
1702        23071.90228000
1703        23113.12912000
1704        23154.41264000
1705        23195.75972000
1706        23237.16533000
1707        23278.62095000
1708        23320.14205000
1709        23361.72356000
1710        23403.36040000
1711        23445.05261000
1712        23486.81059000
1713        23528.62579000
1714        23570.50172000
1715        23612.43500000
1716        23654.42394000
1717        23696.47727000
1718        23738.58639000
1719        23780.75656000
1720        23822.98436000
1721        23865.27161000
1722        23907.61835000
1723        23950.02989000
1724        23992.49582000
1725        24035.02319000
1726        24077.61207000
1727        24120.25550000
1728        24162.96231000
1729        24205.72730000
1730        24248.55758000
1731        24291.44440000
1732        24334.38782000
1733        24377.39673000
1734        24420.46589000
1735        24463.59360000
1736        24506.78169000
1737        24550.03199000
1738        24593.34103000
1739        24636.70886000
1740        24680.14088000
1741        24723.63181000
1742        24767.18528000
1743        24810.79600000
1744        24854.47118000
1745        24898.20910000
1746        24942.00266000
1747        24985.85908000
1748        25029.78024000
1749        25073.75900000
1750        25117.79902000
1751        25161.90038000
1752        25206.06673000
1753        25250.29274000
1754        25294.58027000
1755        25338.92575000
1756        25383.33833000
1757        25427.80898000
1758        25472.34141000
1759        25516.94113000
1760        25561.59912000
1761        25606.31908000
1762        25651.09924000
1763        25695.94516000
1764        25740.84957000
1765        25785.81620000
1766        25830.84511000
1767        25875.94189000
1768        25921.09925000
1769        25966.31725000
1770        26011.59964000
1771        26056.94095000
1772        26102.34678000
1773        26147.81349000
1774        26193.35042000
1775        26238.93909000
1776        26284.60182000
1777        26330.31826000
1778        26376.10893000
1779        26421.95342000
1780        26467.86669000
1781        26513.84322000
1782        26559.87747000
1783        26605.97697000
1784        26652.13991000
1785        26698.36637000
1786        26744.66017000
1787        26791.01574000
1788        26837.43314000
1789        26883.91619000
1790        26930.46120000
1791        26977.07390000
1792        27023.75057000
1793        27070.48559000
1794        27117.28851000
1795        27164.15560000
1796        27211.08882000
1797        27258.08063000
1798        27305.14252000
1799        27352.26885000
1800        27399.45585000
1801        27446.70932000
1802        27494.02742000
1803        27541.41213000
1804        27588.85584000
1805        27636.37398000
1806        27683.94740000
1807        27731.59348000
1808        27779.29686000
1809        27827.07306000
1810        27874.91248000
1811        27922.81712000
1812        27970.78512000
1813        28018.81459000
1814        28066.91917000
1815        28115.08148000
1816        28163.31323000
1817        28211.60670000
1818        28259.97560000
1819        28308.39660000
1820        28356.89318000
1821        28405.45565000
1822        28454.08211000
1823        28502.77263000
1824        28551.52727000
1825        28600.35789000
1826        28649.24292000
1827        28698.20212000
1828        28747.22372000
1829        28796.31964000
1830        28845.47019000
1831        28894.69322000
1832        28943.98486000
1833        28993.34120000
1834        29042.76429000
1835        29092.25222000
1836        29141.81500000
1837        29191.43477000
1838        29241.12355000
1839        29290.88342000
1840        29340.71245000
1841        29390.60470000
1842        29440.56224000
1843        29490.59316000
1844        29540.68347000
1845        29590.84730000
1846        29641.07870000
1847        29691.37773000
1848        29741.73841000
1849        29792.17290000
1850        29842.67726000
1851        29893.24749000
1852        29943.88367000
1853        29994.58992000
1854        30045.36224000
1855        30096.20068000
1856        30147.11757000
1857        30198.09460000
1858        30249.14002000
1859        30300.25592000
1860        30351.43829000
1861        30402.69128000
1862        30454.01293000
1863        30505.40536000
1864        30556.86040000
1865        30608.39459000
1866        30659.98534000
1867        30711.65127000
1868        30763.39039000
1869        30815.19659000
1870        30867.06162000
1871        30919.01043000
1872        30971.02027000
1873        31023.09952000
1874        31075.25656000
1875        31127.47691000
1876        31179.76686000
1877        31232.12650000
1878        31284.55588000
1879        31337.05717000
1880        31389.63046000
1881        31442.26321000
1882        31494.97858000
1883        31547.75985000
1884        31600.60496000
1885        31653.53085000
1886        31706.51860000
1887        31759.58517000
1888        31812.71162000
1889        31865.91704000
1890        31919.18880000
1891        31972.53758000
1892        32025.94435000
1893        32079.43465000
1894        32132.99369000
1895        32186.61726000
1896        32240.31610000
1897        32294.08174000
1898        32347.92920000
1899        32401.83717000
1900        32455.82285000
1901        32509.88203000
1902        32564.00619000
1903        32618.20399000
1904        32672.47550000
1905        32726.82080000
1906        32781.22917000
1907        32835.71362000
1908        32890.27208000
1909        32944.90245000
1910        32999.60047000
1911        33054.37271000
1912        33109.21924000
1913        33164.13361000
1914        33219.12242000
1915        33274.19011000
1916        33329.32366000
1917        33384.52969000
1918        33439.81044000
1919        33495.15944000
1920        33550.58988000
1921        33606.08212000
1922        33661.65817000
1923        33717.29833000
1924        33773.01585000
1925        33828.80863000
1926        33884.67452000
1927        33940.60919000
1928        33996.61268000
1929        34052.70278000
1930        34108.85298000
1931        34165.08553000
1932        34221.38717000
1933        34277.76687000
1934        34334.21580000
1935        34390.74518000
1936        34447.34393000
1937        34504.01658000
1938        34560.76767000
1939        34617.58161000
1940        34674.48087000
1941        34731.44309000
1942        34788.49305000
1943        34845.60834000
1944        34902.80479000
1945        34960.06895000
1946        35017.41217000
1947        35074.83001000
1948        35132.32254000
1949        35189.88757000
1950        35247.52743000
1951        35305.24219000
1952        35363.03193000
1953        35420.89899000
1954        35478.83890000
1955        35536.85857000
1956        35594.95122000
1957        35653.11465000
1958        35711.36263000
1959        35769.67694000
1960        35828.07140000
1961        35886.53918000
1962        35945.08957000
1963        36003.70653000
1964        36062.40394000
1965        36121.17496000
1966        36180.03122000
1967        36238.95430000
1968        36297.95584000
1969        36357.03127000
1970        36416.18995000
1971        36475.41570000
1972        36534.72020000
1973        36594.10818000
1974        36653.56576000
1975        36713.09998000
1976        36772.71560000
1977        36832.40802000
1978        36892.17965000
1979        36952.02121000
1980        37011.94682000
1981        37071.94249000
1982        37132.02001000
1983        37192.16772000
1984        37252.40216000
1985        37312.70690000
1986        37373.09383000
1987        37433.55593000
1988        37494.10038000
1989        37554.72251000
1990        37615.41291000
1991        37676.19538000
1992        37737.04151000
1993        37797.97512000
1994        37858.98203000
1995        37920.07183000
1996        37981.23506000
1997        38042.47656000
1998        38103.80119000
1999        38165.19946000
2000        38226.68342000
2001        38288.23396000
2002        38349.87514000
2003        38411.58784000
2004        38473.38656000
2005        38535.25451000
2006        38597.20864000
2007        38659.23938000
2008        38721.34921000
2009        38783.54063000
2010        38845.81130000
2011        38908.16129000
2012        38970.58339000
2013        39033.09712000
2014        39095.68553000
2015        39158.34868000
2016        39221.09640000
2017        39283.92145000
2018        39346.82635000
2019        39409.81361000
2020        39472.88087000
2021        39536.02574000
2022        39599.25568000
2023        39662.55846000
2024        39725.94892000
2025        39789.41729000
2026        39852.96364000
2027        39916.58804000
2028        39980.30293000
2029        40044.08611000
2030        40107.96491000
2031        40171.91214000
2032        40235.94524000
2033        40300.06180000
2034        40364.25194000
2035        40428.53318000
2036        40492.89314000
2037        40557.32689000
2038        40621.84448000
2039        40686.44852000
2040        40751.12905000
2041        40815.89618000
2042        40880.74749000
2043        40945.67552000
2044        41010.68033000
2045        41075.77458000
2046        41140.95584000
2047        41206.19895000
2048        41271.54692000
2049        41336.96698000
2050        41402.46931000
2051        41468.05652000
2052        41533.71854000
2053        41599.47577000
2054        41665.31305000
2055        41731.22534000
2056        41797.22037000
2057        41863.31096000
2058        41929.46401000
2059        41995.72303000
2060        42062.04462000
2061        42128.46470000
2062        42194.96028000
2063        42261.54170000
2064        42328.21163000
2065        42394.95984000
2066        42461.78639000
2067        42528.69910000
2068        42595.70581000
2069        42662.77816000
2070        42729.95243000
2071        42797.20024000
2072        42864.53461000
2073        42931.95563000
2074        42999.45817000
2075        43067.04492000
2076        43134.71334000
2077        43202.47394000
2078        43270.30854000
2079        43338.23810000
2080        43406.24179000
2081        43474.34063000
2082        43542.52159000
2083        43610.78477000
2084        43679.13284000
2085        43747.56853000
2086        43816.08928000
2087        43884.68462000
2088        43953.38100000
2089        44022.15741000
2090        44091.01655000
2091        44159.95848000
2092        44228.99921000
2093        44298.11494000
2094        44367.31369000
2095        44436.60619000
2096        44505.97655000
2097        44575.44349000
2098        44644.98309000
2099        44714.62213000
2100        44784.33931000
2101        44854.15077000
2102        44924.03514000
2103        44994.01395000
2104        45064.08999000
2105        45134.23377000
2106        45204.47495000
2107        45274.80014000
2108        45345.21753000
2109        45415.71100000
2110        45486.30222000
2111        45556.96965000
2112        45627.73503000
2113        45698.58218000
2114        45769.52203000
2115        45840.54923000
2116        45911.64754000
2117        45982.85514000
2118        46054.13398000
2119        46125.51140000
2120        46196.96016000
2121        46268.51863000
2122        46340.15954000
2123        46411.87747000
2124        46483.69445000
2125        46555.59957000
2126        46627.58743000
2127        46699.65808000
2128        46771.82813000
2129        46844.08666000
2130        46916.43375000
2131        46988.85840000
2132        47061.38282000
2133        47133.98494000
2134        47206.68703000
2135        47279.48362000
2136        47352.35257000
2137        47425.32176000
2138        47498.37456000
2139        47571.52221000
2140        47644.75922000
2141        47718.08008000
2142        47791.49044000
2143        47865.00160000
2144        47938.59123000
2145        48012.27060000
2146        48086.05106000
2147        48159.91019000
2148        48233.87058000
2149        48307.89850000
2150        48382.03914000
2151        48456.25874000
2152        48530.57996000
2153        48604.97461000
2154        48679.47107000
2155        48754.05810000
2156        48828.73578000
2157        48903.50420000
2158        48978.36342000
2159        49053.31355000
2160        49128.35465000
2161        49203.48109000
2162        49278.70439000
2163        49354.01317000
2164        49429.41899000
2165        49504.92192000
2166        49580.51059000
2167        49656.18506000
2168        49731.96265000
2169        49807.82621000
2170        49883.77579000
2171        49959.82301000
2172        50035.96219000
2173        50112.19920000
2174        50188.51675000
2175        50264.92649000
2176        50341.44592000
2177        50418.04612000
2178        50494.73877000
2179        50571.51813000
2180        50648.40175000
2181        50725.37225000
2182        50802.43552000
2183        50879.59165000
2184        50956.84073000
2185        51034.18870000
2186        51111.61805000
2187        51189.15820000
2188        51266.77401000
2189        51344.48906000
2190        51422.30343000
2191        51500.20544000
2192        51578.20697000
2193        51656.29037000
2194        51734.47344000
2195        51812.75630000
2196        51891.13310000
2197        51969.59800000
2198        52048.16889000
2199        52126.82210000
2200        52205.56957000
2201        52284.41736000
2202        52363.35960000
2203        52442.39039000
2204        52521.50981000
2205        52600.74186000
2206        52680.05672000
2207        52759.47243000
2208        52838.98310000
2209        52918.58278000
2210        52998.28359000
2211        53078.07357000
2212        53157.96486000
2213        53237.95151000
2214        53318.02153000
2215        53398.19916000
2216        53478.47847000
2217        53558.84136000
2218        53639.30611000
2219        53719.86672000
2220        53800.51112000
2221        53881.26372000
2222        53962.10635000
2223        54043.06348000
2224        54124.09860000
2225        54205.23620000
2226        54286.46414000
2227        54367.79475000
2228        54449.22198000
2229        54530.74593000
2230        54612.37282000
2231        54694.08431000
2232        54775.89276000
2233        54857.80441000
2234        54939.81937000
2235        55021.91921000
2236        55104.12253000
2237        55186.42324000
2238        55268.82144000
2239        55351.31719000
2240        55433.91060000
2241        55516.60795000
2242        55599.39691000
2243        55682.27755000
2244        55765.26863000
2245        55848.34532000
2246        55931.53265000
2247        56014.80572000
2248        56098.18338000
2249        56181.66572000
2250        56265.24030000
2251        56348.91346000
2252        56432.68530000
2253        56516.56219000
2254        56600.52534000
2255        56684.60002000
2256        56768.76740000
2257        56853.04022000
2258        56937.40590000
2259        57021.86452000
2260        57106.43517000
2261        57191.10528000
2262        57275.86222000
2263        57360.73785000
2264        57445.70047000
2265        57530.76926000
2266        57615.92517000
2267        57701.18742000
2268        57786.55611000
2269        57872.02495000
2270        57957.58761000
2271        58043.25700000
2272        58129.02037000
2273        58214.88422000
2274        58300.86151000
2275        58386.92015000
2276        58473.09241000
2277        58559.35906000
2278        58645.73955000
2279        58732.20166000
2280        58818.77779000
2281        58905.46159000
2282        58992.24019000
2283        59079.12015000
2284        59166.08856000
2285        59253.17150000
2286        59340.35605000
2287        59427.63580000
2288        59515.02385000
2289        59602.52033000
2290        59690.09916000
2291        59777.79967000
2292        59865.60235000
2293        59953.49414000
2294        60041.48825000
2295        60129.58475000
2296        60217.80348000
2297        60306.10505000
2298        60394.51588000
2299        60483.02287000
2300        60571.64590000
2301        60660.35866000
2302        60749.18105000
2303        60838.10655000
2304        60927.14188000
2305        61016.26059000
2306        61105.49594000
2307        61194.84142000
2308        61284.27713000
2309        61373.82981000
2310        61463.47955000
2311        61553.23980000
2312        61643.08389000
2313        61733.05204000
2314        61823.12428000
2315        61913.29400000
2316        62003.56797000
2317        62093.93957000
2318        62184.42905000
2319        62275.00286000
2320        62365.70823000
2321        62456.50483000
2322        62547.40622000
2323        62638.41249000
2324        62729.52372000
2325        62820.75358000
2326        62912.07503000
2327        63003.50172000
2328        63095.03373000
2329        63186.68478000
2330        63278.42091000
2331        63370.26261000
2332        63462.21682000
2333        63554.29046000
2334        63646.46315000
2335        63738.72811000
2336        63831.11280000
2337        63923.60363000
2338        64016.19383000
2339        64108.89033000
2340        64201.70700000
2341        64294.60951000
2342        64387.63238000
2343        64480.75503000
2344        64573.99134000
2345        64667.33451000
2346        64760.77771000
2347        64854.34180000
2348        64947.99221000
2349        65041.75676000
2350        65135.63556000
2351        65229.62176000
2352        65323.70849000
2353        65417.90975000
2354        65512.21170000
2355        65606.63538000
2356        65701.15294000
2357        65795.78542000
2358        65890.53996000
2359        65985.37458000
2360        66080.33846000
2361        66175.39659000
2362        66270.57014000
2363        66365.84513000
2364        66461.24279000
2365        66556.73501000
2366        66652.35011000
2367        66748.06700000
2368        66843.88575000
2369        66939.82769000
2370        67035.85748000
2371        67132.02486000
2372        67228.28025000
2373        67324.65926000
2374        67421.13351000
2375        67517.73159000
2376        67614.43222000
2377        67711.23546000
2378        67808.15569000
2379        67905.17870000
2380        68002.32607000
2381        68099.57641000
2382        68196.93696000
2383        68294.40063000
2384        68391.98909000
2385        68489.67364000
2386        68587.48319000
2387        68685.40342000
2388        68783.41999000
2389        68881.56187000
2390        68979.80023000
2391        69078.17137000
2392        69176.63191000
2393        69275.21819000
2394        69373.90853000
2395        69472.71756000
2396        69571.62354000
2397        69670.65569000
2398        69769.79955000
2399        69869.04058000
2400        69968.40810000
2401        70067.88761000
2402        70167.47919000
2403        70267.16092000
2404        70366.98425000
2405        70466.90524000
2406        70566.93866000
2407        70667.08460000
2408        70767.35790000
2409        70867.73656000
2410        70968.20588000
2411        71068.81764000
2412        71169.52760000
2413        71270.36547000
2414        71371.29429000
2415        71472.35121000
2416        71573.52151000
2417        71674.79783000
2418        71776.19515000
2419        71877.69866000
2420        71979.33083000
2421        72081.05445000
2422        72182.91440000
2423        72284.87343000
2424        72386.95405000
2425        72489.13389000
2426        72591.45804000
2427        72693.87407000
2428        72796.41211000
2429        72899.07226000
2430        73001.83204000
2431        73104.72922000
2432        73207.71864000
2433        73310.83057000
2434        73414.04999000
2435        73517.39970000
2436        73620.84951000
2437        73724.42223000
2438        73828.11039000
2439        73931.91408000
2440        74035.84100000
2441        74139.86080000
2442        74244.02690000
2443        74348.27838000
2444        74452.67641000
2445        74557.16762000
2446        74661.77500000
2447        74766.50632000
2448        74871.36169000
2449        74976.32587000
2450        75081.39893000
2451        75186.61172000
2452        75291.91820000
2453        75397.35694000
2454        75502.89720000
2455        75608.56994000
2456        75714.34438000
2457        75820.24377000
2458        75926.26049000
2459        76032.41014000
2460        76138.66959000
2461        76245.03112000
2462        76351.52590000
2463        76458.13072000
2464        76564.85343000
2465        76671.69415000
2466        76778.66076000
2467        76885.73776000
2468        76992.92522000
2469        77100.24671000
2470        77207.68668000
2471        77315.24525000
2472        77422.90678000
2473        77530.70278000
2474        77638.60978000
2475        77746.64362000
2476        77854.78864000
2477        77963.06069000
2478        78071.43620000
2479        78179.95476000
2480        78288.57695000
2481        78397.32659000
2482        78506.20381000
2483        78615.17696000
2484        78724.28581000
2485        78833.50663000
2486        78942.85543000
2487        79052.31638000
2488        79161.90551000
2489        79271.60697000
2490        79381.43683000
2491        79491.37919000
2492        79601.45816000
2493        79711.64984000
2494        79821.96231000
2495        79932.40372000
2496        80042.95005000
2497        80153.61746000
2498        80264.40603000
2499        80375.34008000
2500        80486.37132000
2501        80597.53210000
2502        80708.82255000
2503        80820.21849000
2504        80931.74429000
2505        81043.38384000
2506        81155.16159000
2507        81267.06142000
2508        81379.06715000
2509        81491.20326000
2510        81603.46174000
2511        81715.83450000
2512        81828.34613000
2513        81940.97226000
2514        82053.72112000
2515        82166.59283000
2516        82279.57928000
2517        82392.70518000
2518        82505.93779000
2519        82619.31830000
2520        82732.79747000
2521        82846.41655000
2522        82960.14266000
2523        83074.00891000
2524        83187.99890000
2525        83302.09617000
2526        83416.32564000
2527        83530.67084000
2528        83645.16503000
2529        83759.76687000
2530        83874.49302000
2531        83989.35190000
2532        84104.33532000
2533        84219.41834000
2534        84334.65109000
2535        84450.01702000
2536        84565.48279000
2537        84681.08193000
2538        84796.80617000
2539        84912.66401000
2540        85028.65556000
2541        85144.75574000
2542        85260.97301000
2543        85377.33270000
2544        85493.81811000
2545        85610.42089000
2546        85727.15802000
2547        85844.01271000
2548        85961.00196000
2549        86078.11742000
2550        86195.35920000
2551        86312.70192000
2552        86430.19659000
2553        86547.81787000
2554        86665.56586000
2555        86783.44066000
2556        86901.43385000
2557        87019.57109000
2558        87137.82692000
2559        87256.20140000
2560        87374.70318000
2561        87493.34949000
2562        87612.09759000
2563        87730.99043000
2564        87850.01099000
2565        87969.16795000
2566        88088.45284000
2567        88207.84852000
2568        88327.38092000
2569        88447.04153000
2570        88566.82181000
2571        88686.73913000
2572        88806.78496000
2573        88926.95074000
2574        89047.27124000
2575        89167.69453000
2576        89288.25541000
2577        89408.94531000
2578        89529.75561000
2579        89650.71254000
2580        89771.78136000
2581        89892.99704000
2582        90014.33352000
2583        90135.79962000
2584        90257.39544000
2585        90379.11231000
2586        90500.98541000
2587        90622.96222000
2588        90745.07793000
2589        90867.33266000
2590        90989.71774000
2591        91112.20681000
2592        91234.85286000
2593        91357.61188000
2594        91480.51931000
2595        91603.53988000
2596        91726.71796000
2597        91850.01824000
2598        91973.44079000
2599        92096.99459000
2600        92220.67083000
2601        92344.49631000
2602        92468.43553000
2603        92592.53314000
2604        92716.74467000
2605        92841.09700000
2606        92965.56341000
2607        93090.17976000
2608        93214.92829000
2609        93339.80012000
2610        93464.82229000
2611        93589.94997000
2612        93715.22821000
2613        93840.62112000
2614        93966.17383000
2615        94091.84141000
2616        94217.66002000
2617        94343.58463000
2618        94469.66050000
2619        94595.86967000
2620        94722.20318000
2621        94848.67925000
2622        94975.27986000
2623        95102.03234000
2624        95228.89135000
2625        95355.91158000
2626        95483.04761000
2627        95610.32687000
2628        95737.74950000
2629        95865.28819000
2630        95992.98875000
2631        96120.78724000
2632        96248.72951000
2633        96376.81568000
2634        96505.02751000
2635        96633.38348000
2636        96761.88370000
2637        96890.50988000
2638        97019.26211000
2639        97148.16814000
2640        97277.19118000
2641        97406.36827000
2642        97535.66254000
2643        97665.11111000
2644        97794.67702000
2645        97924.38819000
2646        98054.23546000
2647        98184.22821000
2648        98314.32936000
2649        98444.59483000
2650        98574.98750000
2651        98705.51678000
2652        98836.19212000
2653        98966.98560000
2654        99097.92534000
2655        99229.00211000
2656        99360.21601000
2657        99491.56715000
2658        99623.06504000
2659        99754.69098000
2660        99886.44505000
2661       100018.35561000
2662       100150.38509000
2663       100282.59018000
2664       100414.89549000
2665       100547.34832000
2666       100679.93933000
2667       100812.66862000
2668       100945.53630000
2669       101078.56147000
2670       101211.71577000
2671       101344.98025000
2672       101478.41207000
2673       101611.97329000
2674       101745.69262000
2675       101879.52246000
2676       102013.51063000
2677       102147.62858000
2678       102281.88598000
2679       102416.29251000
2680       102550.84830000
2681       102685.52468000
2682       102820.33132000
2683       102955.30677000
2684       103090.40306000
2685       103225.66846000
2686       103361.02596000
2687       103496.56245000
2688       103632.21046000
2689       103768.02809000
2690       103903.96710000
2691       104040.04693000
2692       104176.29678000
2693       104312.64887000
2694       104449.17125000
2695       104585.82517000
2696       104722.61071000
2697       104859.53770000
2698       104996.61602000
2699       105133.83602000
2700       105271.19781000
2701       105408.71128000
2702       105546.33739000
2703       105684.13499000
2704       105822.05520000
2705       105960.12753000
2706       106098.34230000
2707       106236.68976000
2708       106375.18969000
2709       106513.84224000
2710       106652.61793000
2711       106791.53656000
2712       106930.62791000
2713       107069.84268000
2714       107209.20074000
2715       107348.68236000
2716       107488.33722000
2717       107628.11583000
2718       107768.06797000
2719       107908.12417000
2720       108048.36410000
2721       108188.70822000
2722       108329.23637000
2723       108469.88883000
2724       108610.68565000
2725       108751.62693000
2726       108892.70278000
2727       109033.94334000
2728       109175.31868000
2729       109316.83891000
2730       109458.50415000
2731       109600.33463000
2732       109742.28016000
2733       109884.39115000
2734       110026.63751000
2735       110169.01932000
2736       110311.57710000
2737       110454.25031000
2738       110597.08964000
2739       110740.06482000
2740       110883.19624000
2741       111026.45357000
2742       111169.90800000
2743       111313.44787000
2744       111457.16478000
2745       111601.02834000
2746       111745.02845000
2747       111889.18562000
2748       112033.46932000
2749       112177.93076000
2750       112322.51893000
2751       112467.25439000
2752       112612.13723000
2753       112757.19838000
2754       112902.37636000
2755       113047.69177000
2756       113193.18588000
2757       113338.81766000
2758       113484.58718000
2759       113630.50486000
2760       113776.58114000
2761       113922.81615000
2762       114069.16862000
2763       114215.68003000
2764       114362.36089000
2765       114509.19059000
2766       114656.14847000
2767       114803.26578000
2768       114950.52183000
2769       115097.93756000
2770       115245.49223000
2771       115393.20681000
2772       115541.06054000
2773       115689.09534000
2774       115837.23811000
2775       115985.56221000
2776       116134.02588000
2777       116282.63970000
2778       116431.40377000
2779       116580.30769000
2780       116729.37260000
2781       116878.58810000
2782       117027.96484000
2783       117177.47129000
2784       117327.12865000
2785       117476.97932000
2786       117626.92826000
2787       117777.06019000
2788       117927.32230000
2789       118077.76770000
2790       118228.33285000
2791       118379.06031000
2792       118529.92893000
2793       118680.98140000
2794       118832.14329000
2795       118983.48929000
2796       119134.99824000
2797       119286.64890000
2798       119438.43064000
2799       119590.37565000
2800       119742.48408000
2801       119894.74532000
2802       120047.13802000
2803       120199.69448000
2804       120352.42559000
2805       120505.26691000
2806       120658.30467000
2807       120811.47435000
2808       120964.79763000
2809       121118.27459000
2810       121271.91618000
2811       121425.70087000
2812       121579.66128000
2813       121733.75417000
2814       121887.99044000
2815       122042.40280000
2816       122196.95878000
2817       122351.68023000
2818       122506.55641000
2819       122661.58741000
2820       122816.76244000
2821       122972.08158000
2822       123127.58866000
2823       123283.21819000
2824       123439.03596000
2825       123594.98731000
2826       123751.10523000
2827       123907.38988000
2828       124063.78639000
2829       124220.39384000
2830       124377.12434000
2831       124534.02203000
2832       124691.06497000
2833       124848.27534000
2834       125005.63118000
2835       125163.15469000
2836       125320.82387000
2837       125478.68315000
2838       125636.67724000
2839       125794.80619000
2840       125953.12566000
2841       126111.59132000
2842       126270.21441000
2843       126428.98388000
2844       126587.93330000
2845       126747.00699000
2846       126906.27205000
2847       127065.66155000
2848       127225.27630000
2849       127384.99331000
2850       127544.86862000
2851       127704.93604000
2852       127865.11710000
2853       128025.49053000
2854       128186.00025000
2855       128346.70265000
2856       128507.53026000
2857       128668.52826000
2858       128829.69680000
2859       128991.01341000
2860       129152.48947000
2861       129314.11378000
2862       129475.93179000
2863       129637.86425000
2864       129799.97930000
2865       129962.27713000
2866       130124.71239000
2867       130287.29652000
2868       130450.07522000
2869       130612.99162000
2870       130776.06863000
2871       130939.30636000
2872       131102.70492000
2873       131266.27589000
2874       131429.99648000
2875       131593.87825000
2876       131757.92132000
2877       131922.13728000
2878       132086.50329000
2879       132251.04245000
2880       132415.74338000
2881       132580.58313000
2882       132745.61948000
2883       132910.79485000
2884       133076.14401000
2885       133241.63236000
2886       133407.30631000
2887       133573.11964000
2888       133739.13045000
2889       133905.28085000
2890       134071.60578000
2891       134238.10540000
2892       134404.73324000
2893       134571.53597000
2894       134738.51374000
2895       134905.66669000
2896       135072.94820000
2897       135240.40511000
2898       135408.04927000
2899       135575.86915000
2900       135743.80621000
2901       135911.95440000
2902       136080.23168000
2903       136248.66160000
2904       136417.30313000
2905       136586.06222000
2906       136755.02143000
2907       136924.13375000
2908       137093.41107000
2909       137262.82987000
2910       137432.43754000
2911       137602.22242000
2912       137772.14907000
2913       137942.26504000
2914       138112.53485000
2915       138282.95859000
2916       138453.54826000
2917       138624.33969000
2918       138795.26157000
2919       138966.36165000
2920       139137.62814000
2921       139309.06116000
2922       139480.67277000
2923       139652.43919000
2924       139824.38447000
2925       139996.44878000
2926       140168.75217000
2927       140341.17478000
2928       140513.78877000
2929       140686.54616000
2930       140859.49521000
2931       141032.57578000
2932       141205.87242000
2933       141379.31285000
2934       141552.90924000
2935       141726.72219000
2936       141900.64291000
2937       142074.76836000
2938       142249.03807000
2939       142423.50069000
2940       142598.10777000
2941       142772.93237000
2942       142947.87730000
2943       143123.00350000
2944       143298.32333000
2945       143473.77590000
2946       143649.42235000
2947       143825.23841000
2948       144001.23642000
2949       144177.35526000
2950       144353.69306000
2951       144530.17639000
2952       144706.84218000
2953       144883.69057000
2954       145060.67248000
2955       145237.83721000
2956       145415.17257000
2957       145592.69104000
2958       145770.36805000
2959       145948.24079000
2960       146126.24755000
2961       146304.45030000
2962       146482.82442000
2963       146661.37003000
2964       146840.07484000
2965       147018.96378000
2966       147198.02456000
2967       147377.24486000
2968       147556.67461000
2969       147736.23919000
2970       147915.96359000
2971       148095.88538000
2972       148275.97972000
2973       148456.23424000
2974       148636.68658000
2975       148817.31186000
2976       148998.08511000
2977       149179.04406000
2978       149360.15113000
2979       149541.48189000
2980       149722.94843000
2981       149904.60119000
2982       150086.42771000
2983       150268.44072000
2984       150450.58984000
2985       150632.93833000
2986       150815.47371000
2987       150998.15813000
2988       151181.05504000
2989       151364.08851000
2990       151547.30938000
2991       151730.70508000
2992       151914.26302000
2993       152097.99600000
2994       152281.95514000
2995       152466.06415000
2996       152650.34861000
2997       152834.78309000
2998       153019.41881000
2999       153204.20474000
3000       153389.17938000
3001       153574.33005000
3002       153759.65688000
3003       153945.18569000
3004       154130.85235000
3005       154316.73413000
3006       154502.77971000
3007       154688.93761000
3008       154875.36262000
3009       155061.91305000
3010       155248.67935000
3011       155435.58414000
3012       155622.69215000
3013       155809.97768000
3014       155997.41490000
3015       156185.02982000
3016       156372.87454000
3017       156560.87129000
3018       156749.02012000
3019       156937.38622000
3020       157125.89159000
3021       157314.58844000
3022       157503.47693000
3023       157692.53106000
3024       157881.77710000
3025       158071.21520000
3026       158260.77998000
3027       158450.58949000
3028       158640.52586000
3029       158830.66791000
3030       159020.98954000
3031       159211.47769000
3032       159402.17199000
3033       159593.00669000
3034       159784.06101000
3035       159975.28231000
3036       160166.65748000
3037       160358.25273000
3038       160550.00206000
3039       160741.95855000
3040       160934.09585000
3041       161126.41410000
3042       161318.86024000
3043       161511.54069000
3044       161704.36250000
3045       161897.40564000
3046       162090.61700000
3047       162284.02335000
3048       162477.61150000
3049       162671.34146000
3050       162865.26677000
3051       163059.40099000
3052       163253.70409000
3053       163448.18957000
3054       163642.85757000
3055       163837.69476000
3056       164032.75503000
3057       164227.93092000
3058       164423.34364000
3059       164618.93950000
3060       164814.69164000
3061       165010.66766000
3062       165206.77313000
3063       165403.10277000
3064       165599.60263000
3065       165796.28636000
3066       165993.15408000
3067       166190.21948000
3068       166387.44197000
3069       166584.87599000
3070       166782.49452000
3071       166980.27043000
3072       167178.24468000
3073       167376.41743000
3074       167574.77518000
3075       167773.30439000
3076       167972.00514000
3077       168170.91860000
3078       168370.01756000
3079       168569.28842000
3080       168768.74501000
3081       168968.40118000
3082       169168.22959000
3083       169368.25786000
3084       169568.45859000
3085       169768.87325000
3086       169969.43301000
3087       170170.22079000
3088       170371.15384000
3089       170572.30139000
3090       170773.66363000
3091       170975.14372000
3092       171176.88034000
3093       171378.74884000
3094       171580.80477000
3095       171783.07608000
3096       171985.53513000
3097       172188.18204000
3098       172391.01694000
3099       172594.02599000
3100       172797.25119000
3101       173000.62284000
3102       173204.22490000
3103       173407.98759000
3104       173611.93899000
3105       173816.12131000
3106       174020.45055000
3107       174224.98293000
3108       174429.67642000
3109       174634.57330000
3110       174839.68782000
3111       175044.99198000
3112       175250.47179000
3113       175456.12735000
3114       175661.98700000
3115       175868.02263000
3116       176074.26263000
3117       176280.69300000
3118       176487.32805000
3119       176694.12535000
3120       176901.14179000
3121       177108.33491000
3122       177315.71902000
3123       177523.28002000
3124       177731.04649000
3125       177939.00434000
3126       178147.13942000
3127       178355.52326000
3128       178564.05603000
3129       178772.79498000
3130       178981.68299000
3131       179190.79177000
3132       179400.12150000
3133       179609.60058000
3134       179819.31528000
3135       180029.17950000
3136       180239.26527000
3137       180449.50071000
3138       180659.97240000
3139       180870.63726000
3140       181081.48098000
3141       181292.51809000
3142       181503.76320000
3143       181715.20199000
3144       181926.80559000
3145       182138.61759000
3146       182350.63814000
3147       182562.83835000
3148       182775.21830000
3149       182987.83632000
3150       183200.60522000
3151       183413.61251000
3152       183626.75627000
3153       183840.16796000
3154       184053.74552000
3155       184267.48903000
3156       184481.47176000
3157       184695.60599000
3158       184909.96511000
3159       185124.50527000
3160       185339.24124000
3161       185554.17316000
3162       185769.33059000
3163       185984.66955000
3164       186200.19011000
3165       186415.93665000
3166       186631.83552000
3167       186847.94586000
3168       187064.26783000
3169       187280.78681000
3170       187497.54736000
3171       187714.44591000
3172       187931.55667000
3173       188148.83521000
3174       188366.34109000
3175       188584.02985000
3176       188801.96116000
3177       189020.06073000
3178       189238.34353000
3179       189456.83951000
3180       189675.53391000
3181       189894.38197000
3182       190113.50347000
3183       190332.77887000
3184       190552.28316000
3185       190771.98652000
3186       190991.85905000
3187       191211.94590000
3188       191432.18705000
3189       191652.71804000
3190       191873.37345000
3191       192094.30405000
3192       192315.35920000
3193       192536.67482000
3194       192758.14535000
3195       192979.80105000
3196       193201.71777000
3197       193423.78966000
3198       193646.10777000
3199       193868.58124000
3200       194091.28606000
3201       194314.16162000
3202       194537.23840000
3203       194760.53176000
3204       194984.05713000
3205       195207.76893000
3206       195431.63671000
3207       195655.78276000
3208       195880.05442000
3209       196104.60474000
3210       196329.28082000
3211       196554.22060000
3212       196779.33229000
3213       197004.64665000
3214       197230.17919000
3215       197455.89932000
3216       197681.86871000
3217       197907.94890000
3218       198134.30947000
3219       198360.84267000
3220       198587.59492000
3221       198814.51999000
3222       199041.67983000
3223       199269.04368000
3224       199496.59617000
3225       199724.36842000
3226       199952.32953000
3227       200180.52623000
3228       200408.89652000
3229       200637.47156000
3230       200866.25151000
3231       201095.23648000
3232       201324.44222000
3233       201553.85327000
3234       201783.46977000
3235       202013.29184000
3236       202243.30397000
3237       202473.55325000
3238       202703.99285000
3239       202934.60715000
3240       203165.44335000
3241       203396.50161000
3242       203627.76636000
3243       203859.23775000
3244       204090.93165000
3245       204322.80092000
3246       204554.87719000
3247       204787.16059000
3248       205019.66706000
3249       205252.39678000
3250       205485.33407000
3251       205718.47906000
3252       205951.81603000
3253       206185.32919000
3254       206419.08216000
3255       206653.05924000
3256       206887.22877000
3257       207121.60677000
3258       207356.19338000
3259       207590.98873000
3260       207825.99294000
3261       208061.19018000
3262       208296.62851000
3263       208532.26013000
3264       208768.08512000
3265       209004.16773000
3266       209240.42795000
3267       209476.91404000
3268       209713.54577000
3269       209950.46793000
3270       210187.55204000
3271       210424.86255000
3272       210662.38353000
3273       210900.13124000
3274       211138.10586000
3275       211376.21055000
3276       211614.59088000
3277       211853.18235000
3278       212091.96890000
3279       212330.98307000
3280       212570.22501000
3281       212809.61368000
3282       213049.27912000
3283       213289.09144000
3284       213529.16463000
3285       213769.45004000
3286       214009.91516000
3287       214250.64170000
3288       214491.56454000
3289       214732.70012000
3290       214974.03223000
3291       215215.61008000
3292       215457.35193000
3293       215699.35623000
3294       215941.52472000
3295       216183.95600000
3296       216426.55165000
3297       216669.39399000
3298       216912.43381000
3299       217155.70418000
3300       217399.18877000
3301       217642.85468000
3302       217886.80115000
3303       218130.89612000
3304       218375.23890000
3305       218619.78001000
3306       218864.56928000
3307       219109.52395000
3308       219354.76030000
3309       219600.12902000
3310       219845.81304000
3311       220091.62958000
3312       220337.69524000
3313       220583.97685000
3314       220830.47458000
3315       221077.18853000
3316       221324.10214000
3317       221571.26569000
3318       221818.59567000
3319       222066.19265000
3320       222313.97302000
3321       222562.00398000
3322       222810.23535000
3323       223058.68403000
3324       223307.33333000
3325       223556.21704000
3326       223805.31846000
3327       224054.68834000
3328       224304.20877000
3329       224553.96419000
3330       224803.93787000
3331       225054.16379000
3332       225304.54056000
3333       225555.18678000
3334       225806.01791000
3335       226057.13586000
3336       226308.37102000
3337       226559.91033000
3338       226811.60096000
3339       227063.57915000
3340       227315.72587000
3341       227568.10938000
3342       227820.74692000
3343       228073.53619000
3344       228326.63107000
3345       228579.84364000
3346       228833.36220000
3347       229087.04996000
3348       229340.99270000
3349       229595.12197000
3350       229849.54093000
3351       230104.09509000
3352       230358.95651000
3353       230613.97049000
3354       230869.25768000
3355       231124.71483000
3356       231380.41100000
3357       231636.34639000
3358       231892.48658000
3359       232148.84897000
3360       232405.46835000
3361       232662.29293000
3362       232919.28809000
3363       233176.57540000
3364       233434.08566000
3365       233691.78422000
3366       233949.75815000
3367       234207.88578000
3368       234466.28913000
3369       234724.84630000
3370       234983.69698000
3371       235242.71913000
3372       235502.01770000
3373       235761.54046000
3374       236021.25248000
3375       236281.20644000
3376       236541.34986000
3377       236801.77060000
3378       237062.36348000
3379       237323.23405000
3380       237584.32975000
3381       237845.59788000
3382       238107.10896000
3383       238368.88083000
3384       238630.84307000
3385       238893.04875000
3386       239155.48037000
3387       239418.13806000
3388       239681.03968000
3389       239944.14994000
3390       240207.46894000
3391       240471.01454000
3392       240734.82242000
3393       240998.82166000
3394       241263.08351000
3395       241527.57256000
3396       241792.23547000
3397       242057.21500000
3398       242322.29719000
3399       242587.73211000
3400       242853.30554000
3401       243119.19644000
3402       243385.24389000
3403       243651.57340000
3404       243918.09550000
3405       244184.81023000
3406       244451.82551000
3407       244719.01571000
3408       244986.45286000
3409       245254.13715000
3410       245522.03269000
3411       245790.17567000
3412       246058.54820000
3413       246327.09621000
3414       246595.91016000
3415       246865.00836000
3416       247134.24614000
3417       247403.78663000
3418       247673.55753000
3419       247943.50452000
3420       248213.70030000
3421       248484.12686000
3422       248754.76613000
3423       249025.69110000
3424       249296.81086000
3425       249568.18021000
3426       249839.79933000
3427       250111.57702000
3428       250383.65958000
3429       250655.90087000
3430       250928.48406000
3431       251201.17120000
3432       251474.18232000
3433       251747.38923000
3434       252020.84711000
3435       252294.51937000
3436       252568.46132000
3437       252842.63635000
3438       253117.02615000
3439       253391.64928000
3440       253666.50588000
3441       253941.57760000
3442       254216.86454000
3443       254492.42233000
3444       254768.21415000
3445       255044.22160000
3446       255320.48188000
3447       255596.99517000
3448       255873.74309000
3449       256150.65137000
3450       256427.86888000
3451       256705.28418000
3452       256982.99052000
3453       257260.85759000
3454       257539.01604000
3455       257817.37272000
3456       258095.98379000
3457       258374.83071000
3458       258653.89490000
3459       258933.21394000
3460       259212.78801000
3461       259492.61731000
3462       259772.60807000
3463       260052.87307000
3464       260333.33728000
3465       260614.11375000
3466       260895.07085000
3467       261176.32178000
3468       261457.75354000
3469       261739.46060000
3470       262021.38647000
3471       262303.55017000
3472       262585.97078000
3473       262868.59163000
3474       263151.48864000
3475       263434.62407000
3476       263717.97907000
3477       264001.55374000
3478       264285.36720000
3479       264569.47672000
3480       264853.78729000
3481       265138.35617000
3482       265423.12630000
3483       265708.21234000
3484       265993.48079000
3485       266278.95079000
3486       266564.71812000
3487       266850.70642000
3488       267136.95414000
3489       267423.44227000
3490       267710.17095000
3491       267997.10189000
3492       268284.31207000
3493       268571.72474000
3494       268859.43627000
3495       269147.35053000
3496       269435.52547000
3497       269723.90333000
3498       270012.56148000
3499       270301.48081000
3500       270590.58407000
