   1           23.20610000
   2           52.76567000
   3           86.28955000
   4          122.94494000
   5          162.44830000
   6          204.60235000
   7          249.23427000
   8          296.19908000
   9          345.38477000
  10          396.71071000
  11          450.12197000
  12          505.58212000
  13          563.06683000
  14          622.55854000
  15          684.04272000
  16          747.50524000
  17          812.93087000
  18          880.30237000
  19          949.60019000
  20         1020.80241000
  21         1093.88499000
  22         1168.82202000
  23         1245.58608000
  24         1324.14858000
  25         1404.48016000
  26         1486.55097000
  27         1570.33093000
  28         1655.79003000
  29         1742.89851000
  30         1831.62703000
  31         1921.94681000
  32         2013.82975000
  33         2107.24849000
  34         2202.17650000
  35         2298.58812000
  36         2396.45853000
  37         2495.76384000
  38         2596.48105000
  39         2698.58804000
  40         2802.06353000
  41         2906.88715000
  42         3013.03929000
  43         3120.50117000
  44         3229.25476000
  45         3339.28276000
  46         3450.56857000
  47         3563.09625000
  48         3676.85049000
  49         3791.81659000
  50         3907.98040000
  51         4025.32833000
  52         4143.84727000
  53         4263.52462000
  54         4384.34821000
  55         4506.30631000
  56         4629.38759000
  57         4753.58112000
  58         4878.87631000
  59         5005.26292000
  60         5132.73103000
  61         5261.27103000
  62         5390.87360000
  63         5521.52970000
  64         5653.23054000
  65         5785.96757000
  66         5919.73250000
  67         6054.51723000
  68         6190.31391000
  69         6327.11487000
  70         6464.91263000
  71         6603.69990000
  72         6743.46958000
  73         6884.21472000
  74         7025.92855000
  75         7168.60443000
  76         7312.23591000
  77         7456.81664000
  78         7602.34044000
  79         7748.80126000
  80         7896.19317000
  81         8044.51037000
  82         8193.74718000
  83         8343.89805000
  84         8494.95753000
  85         8646.92029000
  86         8799.78111000
  87         8953.53486000
  88         9108.17654000
  89         9263.70124000
  90         9420.10414000
  91         9577.38052000
  92         9735.52577000
  93         9894.53535000
  94        10054.40484000
  95        10215.12988000
  96        10376.70623000
  97        10539.12970000
  98        10702.39622000
  99        10866.50179000
 100        11031.44249000
 101        11197.21450000
 102        11363.81406000
 103        11531.23751000
 104        11699.48126000
 105        11868.54180000
 106        12038.41570000
 107        12209.09962000
 108        12380.59027000
 109        12552.88447000
 110        12725.97909000
 111        12899.87109000
 112        13074.55750000
 113        13250.03543000
 114        13426.30207000
 115        13603.35466000
 116        13781.19054000
 117        13959.80712000
 118        14139.20186000
 119        14319.37233000
 120        14500.31614000
 121        14682.03099000
 122        14864.51465000
 123        15047.76495000
 124        15231.77982000
 125        15416.55723000
 126        15602.09523000
 127        15788.39195000
 128        15975.44559000
 129        16163.25441000
 130        16351.81675000
 131        16541.13102000
 132        16731.19569000
 133        16922.00931000
 134        17113.57050000
 135        17305.87793000
 136        17498.93038000
 137        17692.72664000
 138        17887.26563000
 139        18082.54630000
 140        18278.56768000
 141        18475.32886000
 142        18672.82902000
 143        18871.06737000
 144        19070.04323000
 145        19269.75595000
 146        19470.20498000
 147        19671.38981000
 148        19873.31001000
 149        20075.96521000
 150        20279.35512000
 151        20483.47949000
 152        20688.33816000
 153        20893.93102000
 154        21100.25804000
 155        21307.31924000
 156        21515.11472000
 157        21723.64462000
 158        21932.90916000
 159        22142.90864000
 160        22353.64338000
 161        22565.11382000
 162        22777.32041000
 163        22990.26369000
 164        23203.94426000
 165        23418.36278000
 166        23633.51998000
 167        23849.41662000
 168        24066.05357000
 169        24283.43172000
 170        24501.55204000
 171        24720.41556000
 172        24940.02336000
 173        25160.37659000
 174        25381.47646000
 175        25603.32423000
 176        25825.92122000
 177        26049.26882000
 178        26273.36848000
 179        26498.22168000
 180        26723.82998000
 181        26950.19500000
 182        27177.31841000
 183        27405.20194000
 184        27633.84737000
 185        27863.25654000
 186        28093.43134000
 187        28324.37373000
 188        28556.08572000
 189        28788.56935000
 190        29021.82676000
 191        29255.86011000
 192        29490.67163000
 193        29726.26358000
 194        29962.63831000
 195        30199.79818000
 196        30437.74565000
 197        30676.48320000
 198        30916.01337000
 199        31156.33875000
 200        31397.46197000
 201        31639.38575000
 202        31882.11282000
 203        32125.64598000
 204        32369.98807000
 205        32615.14198000
 206        32861.11067000
 207        33107.89713000
 208        33355.50439000
 209        33603.93555000
 210        33853.19375000
 211        34103.28218000
 212        34354.20407000
 213        34605.96270000
 214        34858.56140000
 215        35112.00356000
 216        35366.29258000
 217        35621.43195000
 218        35877.42517000
 219        36134.27580000
 220        36391.98746000
 221        36650.56380000
 222        36910.00850000
 223        37170.32530000
 224        37431.51801000
 225        37693.59043000
 226        37956.54645000
 227        38220.38997000
 228        38485.12497000
 229        38750.75543000
 230        39017.28541000
 231        39284.71899000
 232        39553.06030000
 233        39822.31350000
 234        40092.48283000
 235        40363.57251000
 236        40635.58686000
 237        40908.53021000
 238        41182.40693000
 239        41457.22144000
 240        41732.97820000
 241        42009.68171000
 242        42287.33650000
 243        42565.94714000
 244        42845.51826000
 245        43126.05451000
 246        43407.56059000
 247        43690.04122000
 248        43973.50117000
 249        44257.94527000
 250        44543.37834000
 251        44829.80528000
 252        45117.23101000
 253        45405.66050000
 254        45695.09873000
 255        45985.55074000
 256        46277.02160000
 257        46569.51643000
 258        46863.04036000
 259        47157.59857000
 260        47453.19629000
 261        47749.83876000
 262        48047.53128000
 263        48346.27916000
 264        48646.08777000
 265        48946.96250000
 266        49248.90879000
 267        49551.93209000
 268        49856.03791000
 269        50161.23178000
 270        50467.51927000
 271        50774.90598000
 272        51083.39756000
 273        51392.99966000
 274        51703.71801000
 275        52015.55833000
 276        52328.52641000
 277        52642.62804000
 278        52957.86907000
 279        53274.25538000
 280        53591.79286000
 281        53910.48746000
 282        54230.34515000
 283        54551.37194000
 284        54873.57386000
 285        55196.95698000
 286        55521.52742000
 287        55847.29130000
 288        56174.25479000
 289        56502.42410000
 290        56831.80545000
 291        57162.40511000
 292        57494.22938000
 293        57827.28459000
 294        58161.57709000
 295        58497.11327000
 296        58833.89957000
 297        59171.94244000
 298        59511.24835000
 299        59851.82384000
 300        60193.67545000
 301        60536.80975000
 302        60881.23337000
 303        61226.95294000
 304        61573.97514000
 305        61922.30667000
 306        62271.95428000
 307        62622.92472000
 308        62975.22479000
 309        63328.86132000
 310        63683.84118000
 311        64040.17125000
 312        64397.85845000
 313        64756.90973000
 314        65117.33208000
 315        65479.13251000
 316        65842.31806000
 317        66206.89580000
 318        66572.87285000
 319        66940.25633000
 320        67309.05340000
 321        67679.27128000
 322        68050.91717000
 323        68423.99834000
 324        68798.52207000
 325        69174.49568000
 326        69551.92653000
 327        69930.82197000
 328        70311.18944000
 329        70693.03635000
 330        71076.37019000
 331        71461.19845000
 332        71847.52866000
 333        72235.36837000
 334        72624.72519000
 335        73015.60673000
 336        73408.02065000
 337        73801.97461000
 338        74197.47635000
 339        74594.53359000
 340        74993.15411000
 341        75393.34571000
 342        75795.11623000
 343        76198.47354000
 344        76603.42552000
 345        77009.98010000
 346        77418.14523000
 347        77827.92891000
 348        78239.33915000
 349        78652.38399000
 350        79067.07153000
 351        79483.40985000
 352        79901.40711000
 353        80321.07148000
 354        80742.41115000
 355        81165.43437000
 356        81590.14938000
 357        82016.56449000
 358        82444.68803000
 359        82874.52834000
 360        83306.09382000
 361        83739.39289000
 362        84174.43399000
 363        84611.22561000
 364        85049.77625000
 365        85490.09447000
 366        85932.18884000
 367        86376.06797000
 368        86821.74049000
 369        87269.21508000
 370        87718.50043000
 371        88169.60528000
 372        88622.53841000
 373        89077.30859000
 374        89533.92468000
 375        89992.39551000
 376        90452.73000000
 377        90914.93707000
 378        91379.02567000
 379        91845.00480000
 380        92312.88348000
 381        92782.67076000
 382        93254.37573000
 383        93728.00753000
 384        94203.57529000
 385        94681.08820000
 386        95160.55549000
 387        95641.98642000
 388        96125.39025000
 389        96610.77632000
 390        97098.15397000
 391        97587.53260000
 392        98078.92162000
 393        98572.33048000
 394        99067.76867000
 395        99565.24572000
 396       100064.77117000
 397       100566.35462000
 398       101070.00568000
 399       101575.73402000
 400       102083.54932000
 401       102593.46131000
 402       103105.47975000
 403       103619.61443000
 404       104135.87519000
 405       104654.27189000
 406       105174.81442000
 407       105697.51272000
 408       106222.37676000
 409       106749.41654000
 410       107278.64210000
 411       107810.06352000
 412       108343.69091000
 413       108879.53442000
 414       109417.60422000
 415       109957.91053000
 416       110500.46362000
 417       111045.27377000
 418       111592.35130000
 419       112141.70658000
 420       112693.35001000
 421       113247.29203000
 422       113803.54310000
 423       114362.11374000
 424       114923.01450000
 425       115486.25596000
 426       116051.84874000
 427       116619.80350000
 428       117190.13094000
 429       117762.84179000
 430       118337.94682000
 431       118915.45684000
 432       119495.38270000
 433       120077.73530000
 434       120662.52554000
 435       121249.76440000
 436       121839.46287000
 437       122431.63200000
 438       123026.28287000
 439       123623.42659000
 440       124223.07432000
 441       124825.23726000
 442       125429.92664000
 443       126037.15375000
 444       126646.92989000
 445       127259.26642000
 446       127874.17473000
 447       128491.66627000
 448       129111.75251000
 449       129734.44496000
 450       130359.75518000
 451       130987.69476000
 452       131618.27536000
 453       132251.50864000
 454       132887.40632000
 455       133525.98018000
 456       134167.24201000
 457       134811.20365000
 458       135457.87700000
 459       136107.27398000
 460       136759.40657000
 461       137414.28677000
 462       138071.92664000
 463       138732.33829000
 464       139395.53384000
 465       140061.52550000
 466       140730.32547000
 467       141401.94604000
 468       142076.39951000
 469       142753.69824000
 470       143433.85464000
 471       144116.88114000
 472       144802.79024000
 473       145491.59446000
 474       146183.30639000
 475       146877.93865000
 476       147575.50390000
 477       148276.01485000
 478       148979.48425000
 479       149685.92492000
 480       150395.34969000
 481       151107.77146000
 482       151823.20316000
 483       152541.65778000
 484       153263.14834000
 485       153987.68792000
 486       154715.28965000
 487       155445.96669000
 488       156179.73225000
 489       156916.59960000
 490       157656.58204000
 491       158399.69294000
 492       159145.94569000
 493       159895.35374000
 494       160647.93060000
 495       161403.68981000
 496       162162.64496000
 497       162924.80970000
 498       163690.19771000
 499       164458.82275000
 500       165230.69858000
 501       166005.83906000
 502       166784.25807000
 503       167565.96954000
 504       168350.98747000
 505       169139.32588000
 506       169930.99886000
 507       170726.02055000
 508       171524.40512000
 509       172326.16682000
 510       173131.31994000
 511       173939.87880000
 512       174751.85780000
 513       175567.27138000
 514       176386.13403000
 515       177208.46028000
 516       178034.26474000
 517       178863.56205000
 518       179696.36690000
 519       180532.69405000
 520       181372.55830000
 521       182215.97451000
 522       183062.95758000
 523       183913.52248000
 524       184767.68421000
 525       185625.45786000
 526       186486.85854000
 527       187351.90142000
 528       188220.60173000
 529       189092.97477000
 530       189969.03586000
 531       190848.80040000
 532       191732.28385000
 533       192619.50170000
 534       193510.46950000
 535       194405.20288000
 536       195303.71751000
 537       196206.02910000
 538       197112.15345000
 539       198022.10638000
 540       198935.90380000
 541       199853.56165000
 542       200775.09593000
 543       201700.52273000
 544       202629.85815000
 545       203563.11838000
 546       204500.31965000
 547       205441.47826000
 548       206386.61056000
 549       207335.73297000
 550       208288.86195000
 551       209246.01403000
 552       210207.20581000
 553       211172.45392000
 554       212141.77508000
 555       213115.18604000
 556       214092.70364000
 557       215074.34476000
 558       216060.12636000
 559       217050.06542000
 560       218044.17902000
 561       219042.48430000
 562       220044.99843000
 563       221051.73867000
 564       222062.72234000
 565       223077.96679000
 566       224097.48948000
 567       225121.30790000
 568       226149.43960000
 569       227181.90222000
 570       228218.71343000
 571       229259.89099000
 572       230305.45271000
 573       231355.41646000
 574       232409.80018000
 575       233468.62189000
 576       234531.89964000
 577       235599.65156000
 578       236671.89586000
 579       237748.65080000
 580       238829.93470000
 581       239915.76595000
 582       241006.16302000
 583       242101.14442000
 584       243200.72875000
 585       244304.93465000
 586       245413.78087000
 587       246527.28617000
 588       247645.46943000
 589       248768.34956000
 590       249895.94555000
 591       251028.27646000
 592       252165.36142000
 593       253307.21962000
 594       254453.87032000
 595       255605.33287000
 596       256761.62664000
 597       257922.77113000
 598       259088.78585000
 599       260259.69043000
 600       261435.50454000
 601       262616.24793000
 602       263801.94042000
 603       264992.60189000
 604       266188.25230000
 605       267388.91170000
 606       268594.60017000
 607       269805.33789000
 608       271021.14511000
 609       272242.04215000
 610       273468.04938000
 611       274699.18729000
 612       275935.47639000
 613       277176.93731000
 614       278423.59071000
 615       279675.45736000
 616       280932.55808000
 617       282194.91378000
 618       283462.54542000
 619       284735.47407000
 620       286013.72085000
 621       287297.30696000
 622       288586.25367000
 623       289880.58235000
 624       291180.31441000
 625       292485.47135000
 626       293796.07477000
 627       295112.14631000
 628       296433.70771000
 629       297760.78078000
 630       299093.38740000
 631       300431.54955000
 632       301775.28926000
 633       303124.62866000
 634       304479.58995000
 635       305840.19540000
 636       307206.46738000
 637       308578.42831000
 638       309956.10072000
 639       311339.50720000
 640       312728.67043000
 641       314123.61316000
 642       315524.35823000
 643       316930.92856000
 644       318343.34714000
 645       319761.63706000
 646       321185.82148000
 647       322615.92363000
 648       324051.96686000
 649       325493.97455000
 650       326941.97022000
 651       328395.97742000
 652       329856.01981000
 653       331322.12115000
 654       332794.30524000
 655       334272.59601000
 656       335757.01743000
 657       337247.59360000
 658       338744.34867000
 659       340247.30689000
 660       341756.49259000
 661       343271.93020000
 662       344793.64421000
 663       346321.65923000
 664       347855.99992000
 665       349396.69106000
 666       350943.75749000
 667       352497.22416000
 668       354057.11609000
 669       355623.45840000
 670       357196.27629000
 671       358775.59507000
 672       360361.44010000
 673       361953.83686000
 674       363552.81091000
 675       365158.38790000
 676       366770.59358000
 677       368389.45377000
 678       370014.99439000
 679       371647.24147000
 680       373286.22109000
 681       374931.95947000
 682       376584.48288000
 683       378243.81770000
 684       379909.99042000
 685       381583.02760000
 686       383262.95588000
 687       384949.80204000
 688       386643.59290000
 689       388344.35542000
 690       390052.11663000
 691       391766.90365000
 692       393488.74371000
 693       395217.66412000
 694       396953.69232000
 695       398696.85579000
 696       400447.18216000
 697       402204.69912000
 698       403969.43448000
 699       405741.41614000
 700       407520.67208000
 701       409307.23040000
 702       411101.11929000
 703       412902.36705000
 704       414711.00205000
 705       416527.05279000
 706       418350.54786000
 707       420181.51593000
 708       422019.98580000
 709       423865.98635000
 710       425719.54658000
 711       427580.69556000
 712       429449.46248000
 713       431325.87665000
 714       433209.96745000
 715       435101.76438000
 716       437001.29703000
 717       438908.59511000
 718       440823.68841000
 719       442746.60686000
 720       444677.38046000
 721       446616.03933000
 722       448562.61368000
 723       450517.13385000
 724       452479.63026000
 725       454450.13346000
 726       456428.67408000
 727       458415.28287000
 728       460409.99069000
 729       462412.82850000
 730       464423.82736000
 731       466443.01847000
 732       468470.43310000
 733       470506.10265000
 734       472550.05862000
 735       474602.33262000
 736       476662.95636000
 737       478731.96170000
 738       480809.38055000
 739       482895.24498000
 740       484989.58714000
 741       487092.43931000
 742       489203.83388000
 743       491323.80333000
 744       493452.38028000
 745       495589.59744000
 746       497735.48766000
 747       499890.08388000
 748       502053.41915000
 749       504225.52666000
 750       506406.43969000
 751       508596.19165000
 752       510794.81605000
 753       513002.34653000
 754       515218.81683000
 755       517444.26083000
 756       519678.71250000
 757       521922.20595000
 758       524174.77539000
 759       526436.45515000
 760       528707.27969000
 761       530987.28358000
 762       533276.50149000
 763       535574.96826000
 764       537882.71879000
 765       540199.78814000
 766       542526.21147000
 767       544862.02407000
 768       547207.26136000
 769       549561.95885000
 770       551926.15221000
 771       554299.87720000
 772       556683.16973000
 773       559076.06580000
 774       561478.60157000
 775       563890.81330000
 776       566312.73737000
 777       568744.41031000
 778       571185.86875000
 779       573637.14945000
 780       576098.28931000
 781       578569.32534000
 782       581050.29468000
 783       583541.23460000
 784       586042.18250000
 785       588553.17589000
 786       591074.25244000
 787       593605.44991000
 788       596146.80621000
 789       598698.35939000
 790       601260.14761000
 791       603832.20916000
 792       606414.58247000
 793       609007.30610000
 794       611610.41874000
 795       614223.95920000
 796       616847.96643000
 797       619482.47953000
 798       622127.53770000
 799       624783.18030000
 800       627449.44680000
 801       630126.37683000
 802       632814.01013000
 803       635512.38660000
 804       638221.54625000
 805       640941.52923000
 806       643672.37585000
 807       646414.12652000
 808       649166.82182000
 809       651930.50245000
 810       654705.20925000
 811       657490.98319000
 812       660287.86539000
 813       663095.89712000
 814       665915.11976000
 815       668745.57484000
 816       671587.30405000
 817       674440.34920000
 818       677304.75225000
 819       680180.55529000
 820       683067.80057000
 821       685966.53046000
 822       688876.78749000
 823       691798.61433000
 824       694732.05379000
 825       697677.14883000
 826       700633.94255000
 827       703602.47820000
 828       706582.79915000
 829       709574.94896000
 830       712578.97130000
 831       715594.91000000
 832       718622.80904000
 833       721662.71254000
 834       724714.66478000
 835       727778.71018000
 836       730854.89330000
 837       733943.25887000
 838       737043.85175000
 839       740156.71696000
 840       743281.89968000
 841       746419.44521000
 842       749569.39905000
 843       752731.80680000
 844       755906.71426000
 845       759094.16734000
 846       762294.21213000
 847       765506.89488000
 848       768732.26196000
 849       771970.35993000
 850       775221.23550000
 851       778484.93551000
 852       781761.50699000
 853       785050.99710000
 854       788353.45318000
 855       791668.92270000
 856       794997.45332000
 857       798339.09283000
 858       801693.88919000
 859       805061.89054000
 860       808443.14514000
 861       811837.70145000
 862       815245.60806000
 863       818666.91374000
 864       822101.66742000
 865       825549.91818000
 866       829011.71527000
 867       832487.10811000
 868       835976.14629000
 869       839478.87953000
 870       842995.35776000
 871       846525.63104000
 872       850069.74961000
 873       853627.76389000
 874       857199.72443000
 875       860785.68199000
 876       864385.68747000
 877       867999.79195000
 878       871628.04666000
 879       875270.50303000
 880       878927.21264000
 881       882598.22724000
 882       886283.59877000
 883       889983.37930000
 884       893697.62113000
 885       897426.37667000
 886       901169.69856000
 887       904927.63957000
 888       908700.25267000
 889       912487.59099000
 890       916289.70784000
 891       920106.65671000
 892       923938.49126000
 893       927785.26533000
 894       931647.03293000
 895       935523.84826000
 896       939415.76569000
 897       943322.83976000
 898       947245.12520000
 899       951182.67693000
 900       955135.55002000
 901       959103.79976000
 902       963087.48158000
 903       967086.65113000
 904       971101.36421000
 905       975131.67682000
 906       979177.64514000
 907       983239.32554000
 908       987316.77456000
 909       991410.04894000
 910       995519.20559000
 911       999644.30163000
 912      1003785.39433000
 913      1007942.54119000
 914      1012115.79986000
 915      1016305.22820000
 916      1020510.88426000
 917      1024732.82627000
 918      1028971.11264000
 919      1033225.80199000
 920      1037496.95313000
 921      1041784.62505000
 922      1046088.87694000
 923      1050409.76817000
 924      1054747.35833000
 925      1059101.70717000
 926      1063472.87467000
 927      1067860.92096000
 928      1072265.90642000
 929      1076687.89158000
 930      1081126.93718000
 931      1085583.10418000
 932      1090056.45371000
 933      1094547.04710000
 934      1099054.94590000
 935      1103580.21184000
 936      1108122.90685000
 937      1112683.09307000
 938      1117260.83284000
 939      1121856.18870000
 940      1126469.22339000
 941      1131099.99985000
 942      1135748.58124000
 943      1140415.03091000
 944      1145099.41240000
 945      1149801.78949000
 946      1154522.22615000
 947      1159260.78654000
 948      1164017.53506000
 949      1168792.53628000
 950      1173585.85502000
 951      1178397.55626000
 952      1183227.70524000
 953      1188076.36738000
 954      1192943.60831000
 955      1197829.49388000
 956      1202734.09015000
 957      1207657.46340000
 958      1212599.68011000
 959      1217560.80698000
 960      1222540.91092000
 961      1227540.05907000
 962      1232558.31877000
 963      1237595.75757000
 964      1242652.44326000
 965      1247728.44383000
 966      1252823.82749000
 967      1257938.66267000
 968      1263073.01803000
 969      1268226.96244000
 970      1273400.56498000
 971      1278593.89497000
 972      1283807.02195000
 973      1289040.01566000
 974      1294292.94610000
 975      1299565.88346000
 976      1304858.89816000
 977      1310172.06088000
 978      1315505.44247000
 979      1320859.11406000
 980      1326233.14696000
 981      1331627.61274000
 982      1337042.58318000
 983      1342478.13030000
 984      1347934.32635000
 985      1353411.24381000
 986      1358908.95537000
 987      1364427.53398000
 988      1369967.05281000
 989      1375527.58526000
 990      1381109.20496000
 991      1386711.98579000
 992      1392336.00186000
 993      1397981.32750000
 994      1403648.03729000
 995      1409336.20604000
 996      1415045.90881000
 997      1420777.22088000
 998      1426530.21779000
 999      1432304.97529000
1000      1438101.56940000
1001      1443920.07636000
1002      1449760.57267000
1003      1455623.13506000
1004      1461507.84049000
1005      1467414.76620000
1006      1473343.98964000
1007      1479295.58851000
1008      1485269.64078000
1009      1491266.22464000
1010      1497285.41854000
1011      1503327.30116000
1012      1509391.95146000
1013      1515479.44863000
1014      1521589.87210000
1015      1527723.30157000
1016      1533879.81697000
1017      1540059.49851000
1018      1546262.42663000
1019      1552488.68204000
1020      1558738.34567000
1021      1565011.49876000
1022      1571308.22274000
1023      1577628.59936000
1024      1583972.71059000
1025      1590340.63866000
1026      1596732.46606000
1027      1603148.27555000
1028      1609588.15014000
1029      1616052.17310000
1030      1622540.42796000
1031      1629052.99852000
1032      1635589.96885000
1033      1642151.42325000
1034      1648737.44631000
1035      1655348.12290000
1036      1661983.53811000
1037      1668643.77733000
1038      1675328.92622000
1039      1682039.07069000
1040      1688774.29692000
1041      1695534.69137000
1042      1702320.34077000
1043      1709131.33211000
1044      1715967.75266000
1045      1722829.68995000
1046      1729717.23181000
1047      1736630.46631000
1048      1743569.48181000
1049      1750534.36696000
1050      1757525.21067000
1051      1764542.10212000
1052      1771585.13078000
1053      1778654.38640000
1054      1785749.95900000
1055      1792871.93888000
1056      1800020.41663000
1057      1807195.48312000
1058      1814397.22949000
1059      1821625.74718000
1060      1828881.12790000
1061      1836163.46365000
1062      1843472.84671000
1063      1850809.36967000
1064      1858173.12537000
1065      1865564.20696000
1066      1872982.70788000
1067      1880428.72185000
1068      1887902.34288000
1069      1895403.66528000
1070      1902932.78365000
1071      1910489.79288000
1072      1918074.78814000
1073      1925687.86492000
1074      1933329.11898000
1075      1940998.64640000
1076      1948696.54354000
1077      1956422.90705000
1078      1964177.83390000
1079      1971961.42134000
1080      1979773.76694000
1081      1987614.96856000
1082      1995485.12434000
1083      2003384.33276000
1084      2011312.69258000
1085      2019270.30288000
1086      2027257.26301000
1087      2035273.67267000
1088      2043319.63184000
1089      2051395.24082000
1090      2059500.60020000
1091      2067635.81090000
1092      2075800.97413000
1093      2083996.19143000
1094      2092221.56465000
1095      2100477.19592000
1096      2108763.18773000
1097      2117079.64285000
1098      2125426.66439000
1099      2133804.35574000
1100      2142212.82065000
1101      2150652.16316000
1102      2159122.48764000
1103      2167623.89876000
1104      2176156.50153000
1105      2184720.40128000
1106      2193315.70366000
1107      2201942.51463000
1108      2210600.94048000
1109      2219291.08784000
1110      2228013.06364000
1111      2236766.97516000
1112      2245552.92998000
1113      2254371.03604000
1114      2263221.40159000
1115      2272104.13521000
1116      2281019.34581000
1117      2289967.14263000
1118      2298947.63526000
1119      2307960.93359000
1120      2317007.14789000
1121      2326086.38872000
1122      2335198.76700000
1123      2344344.39398000
1124      2353523.38125000
1125      2362735.84075000
1126      2371981.88473000
1127      2381261.62581000
1128      2390575.17694000
1129      2399922.65140000
1130      2409304.16285000
1131      2418719.82524000
1132      2428169.75292000
1133      2437654.06054000
1134      2447172.86314000
1135      2456726.27607000
1136      2466314.41505000
1137      2475937.39615000
1138      2485595.33577000
1139      2495288.35069000
1140      2505016.55802000
1141      2514780.07524000
1142      2524579.02018000
1143      2534413.51102000
1144      2544283.66629000
1145      2554189.60490000
1146      2564131.44610000
1147      2574109.30950000
1148      2584123.31508000
1149      2594173.58317000
1150      2604260.23447000
1151      2614383.39005000
1152      2624543.17132000
1153      2634739.70007000
1154      2644973.09847000
1155      2655243.48903000
1156      2665550.99465000
1157      2675895.73858000
1158      2686277.84445000
1159      2696697.43627000
1160      2707154.63841000
1161      2717649.57560000
1162      2728182.37298000
1163      2738753.15604000
1164      2749362.05063000
1165      2760009.18302000
1166      2770694.67983000
1167      2781418.66805000
1168      2792181.27507000
1169      2802982.62866000
1170      2813822.85696000
1171      2824702.08851000
1172      2835620.45220000
1173      2846578.07734000
1174      2857575.09362000
1175      2868611.63110000
1176      2879687.82025000
1177      2890803.79190000
1178      2901959.67730000
1179      2913155.60807000
1180      2924391.71624000
1181      2935668.13422000
1182      2946984.99481000
1183      2958342.43123000
1184      2969740.57706000
1185      2981179.56631000
1186      2992659.53336000
1187      3004180.61302000
1188      3015742.94048000
1189      3027346.65133000
1190      3038991.88157000
1191      3050678.76761000
1192      3062407.44624000
1193      3074178.05469000
1194      3085990.73057000
1195      3097845.61191000
1196      3109742.83714000
1197      3121682.54512000
1198      3133664.87509000
1199      3145689.96672000
1200      3157757.96011000
1201      3169868.99574000
1202      3182023.21452000
1203      3194220.75779000
1204      3206461.76730000
1205      3218746.38519000
1206      3231074.75407000
1207      3243447.01693000
1208      3255863.31720000
1209      3268323.79873000
1210      3280828.60580000
1211      3293377.88310000
1212      3305971.77576000
1213      3318610.42934000
1214      3331293.98981000
1215      3344022.60359000
1216      3356796.41752000
1217      3369615.57887000
1218      3382480.23536000
1219      3395390.53511000
1220      3408346.62671000
1221      3421348.65918000
1222      3434396.78196000
1223      3447491.14494000
1224      3460631.89845000
1225      3473819.19326000
1226      3487053.18059000
1227      3500334.01209000
1228      3513661.83986000
1229      3527036.81645000
1230      3540459.09485000
1231      3553928.82850000
1232      3567446.17128000
1233      3581011.27754000
1234      3594624.30208000
1235      3608285.40013000
1236      3621994.72739000
1237      3635752.44001000
1238      3649558.69460000
1239      3663413.64824000
1240      3677317.45843000
1241      3691270.28317000
1242      3705272.28090000
1243      3719323.61053000
1244      3733424.43142000
1245      3747574.90341000
1246      3761775.18681000
1247      3776025.44237000
1248      3790325.83133000
1249      3804676.51539000
1250      3819077.65674000
1251      3833529.41800000
1252      3848031.96231000
1253      3862585.45326000
1254      3877190.05491000
1255      3891845.93180000
1256      3906553.24896000
1257      3921312.17189000
1258      3936122.86657000
1259      3950985.49946000
1260      3965900.23751000
1261      3980867.24815000
1262      3995886.69928000
1263      4010958.75932000
1264      4026083.59714000
1265      4041261.38212000
1266      4056492.28413000
1267      4071776.47354000
1268      4087114.12118000
1269      4102505.39840000
1270      4117950.47704000
1271      4133449.52945000
1272      4149002.72844000
1273      4164610.24736000
1274      4180272.26003000
1275      4195988.94079000
1276      4211760.46448000
1277      4227587.00643000
1278      4243468.74250000
1279      4259405.84903000
1280      4275398.50289000
1281      4291446.88144000
1282      4307551.16257000
1283      4323711.52466000
1284      4339928.14663000
1285      4356201.20788000
1286      4372530.88836000
1287      4388917.36852000
1288      4405360.82933000
1289      4421861.45227000
1290      4438419.41936000
1291      4455034.91313000
1292      4471708.11663000
1293      4488439.21346000
1294      4505228.38771000
1295      4522075.82402000
1296      4538981.70755000
1297      4555946.22400000
1298      4572969.55960000
1299      4590051.90110000
1300      4607193.43579000
1301      4624394.35151000
1302      4641654.83662000
1303      4658975.08002000
1304      4676355.27116000
1305      4693795.60002000
1306      4711296.25713000
1307      4728857.43356000
1308      4746479.32093000
1309      4764162.11139000
1310      4781905.99765000
1311      4799711.17299000
1312      4817577.83120000
1313      4835506.16666000
1314      4853496.37427000
1315      4871548.64950000
1316      4889663.18839000
1317      4907840.18751000
1318      4926079.84401000
1319      4944382.35560000
1320      4962747.92053000
1321      4981176.73765000
1322      4999669.00633000
1323      5018224.92655000
1324      5036844.69883000
1325      5055528.52426000
1326      5074276.60450000
1327      5093089.14181000
1328      5111966.33899000
1329      5130908.39942000
1330      5149915.52708000
1331      5168987.92648000
1332      5188125.80277000
1333      5207329.36162000
1334      5226598.80933000
1335      5245934.35276000
1336      5265336.19936000
1337      5284804.55716000
1338      5304339.63478000
1339      5323941.64144000
1340      5343610.78693000
1341      5363347.28166000
1342      5383151.33661000
1343      5403023.16336000
1344      5422962.97410000
1345      5442970.98159000
1346      5463047.39922000
1347      5483192.44097000
1348      5503406.32141000
1349      5523689.25574000
1350      5544041.45973000
1351      5564463.14979000
1352      5584954.54292000
1353      5605515.85674000
1354      5626147.30947000
1355      5646849.11996000
1356      5667621.50765000
1357      5688464.69263000
1358      5709378.89557000
1359      5730364.33778000
1360      5751421.24119000
1361      5772549.82836000
1362      5793750.32245000
1363      5815022.94726000
1364      5836367.92722000
1365      5857785.48739000
1366      5879275.85345000
1367      5900839.25171000
1368      5922475.90911000
1369      5944186.05326000
1370      5965969.91236000
1371      5987827.71527000
1372      6009759.69149000
1373      6031766.07115000
1374      6053847.08504000
1375      6076002.96458000
1376      6098233.94184000
1377      6120540.24952000
1378      6142922.12101000
1379      6165379.79032000
1380      6187913.49210000
1381      6210523.46169000
1382      6233209.93507000
1383      6255973.14885000
1384      6278813.34035000
1385      6301730.74750000
1386      6324725.60892000
1387      6347798.16389000
1388      6370948.65236000
1389      6394177.31492000
1390      6417484.39285000
1391      6440870.12811000
1392      6464334.76331000
1393      6487878.54173000
1394      6511501.70736000
1395      6535204.50482000
1396      6558987.17943000
1397      6582849.97721000
1398      6606793.14482000
1399      6630816.92964000
1400      6654921.57970000
1401      6679107.34376000
1402      6703374.47122000
1403      6727723.21221000
1404      6752153.81752000
1405      6776666.53866000
1406      6801261.62782000
1407      6825939.33788000
1408      6850699.92244000
1409      6875543.63578000
1410      6900470.73288000
1411      6925481.46945000
1412      6950576.10187000
1413      6975754.88725000
1414      7001018.08341000
1415      7026365.94886000
1416      7051798.74284000
1417      7077316.72529000
1418      7102920.15688000
1419      7128609.29899000
1420      7154384.41371000
1421      7180245.76388000
1422      7206193.61301000
1423      7232228.22540000
1424      7258349.86602000
1425      7284558.80058000
1426      7310855.29556000
1427      7337239.61811000
1428      7363712.03616000
1429      7390272.81834000
1430      7416922.23405000
1431      7443660.55341000
1432      7470488.04727000
1433      7497404.98724000
1434      7524411.64566000
1435      7551508.29563000
1436      7578695.21099000
1437      7605972.66633000
1438      7633340.93698000
1439      7660800.29903000
1440      7688351.02933000
1441      7715993.40549000
1442      7743727.70586000
1443      7771554.20956000
1444      7799473.19647000
1445      7827484.94724000
1446      7855589.74329000
1447      7883787.86677000
1448      7912079.60065000
1449      7940465.22864000
1450      7968945.03523000
1451      7997519.30568000
1452      8026188.32604000
1453      8054952.38312000
1454      8083811.76452000
1455      8112766.75863000
1456      8141817.65460000
1457      8170964.74240000
1458      8200208.31275000
1459      8229548.65720000
1460      8258986.06805000
1461      8288520.83842000
1462      8318153.26221000
1463      8347883.63414000
1464      8377712.24971000
1465      8407639.40522000
1466      8437665.39777000
1467      8467790.52529000
1468      8498015.08650000
1469      8528339.38091000
1470      8558763.70887000
1471      8589288.37153000
1472      8619913.67085000
1473      8650639.90962000
1474      8681467.39144000
1475      8712396.42073000
1476      8743427.30272000
1477      8774560.34349000
1478      8805795.84993000
1479      8837134.12976000
1480      8868575.49152000
1481      8900120.24461000
1482      8931768.69924000
1483      8963521.16646000
1484      8995377.95816000
1485      9027339.38708000
1486      9059405.76678000
1487      9091577.41169000
1488      9123854.63706000
1489      9156237.75900000
1490      9188727.09447000
1491      9221322.96130000
1492      9254025.67814000
1493      9286835.56451000
1494      9319752.94080000
1495      9352778.12825000
1496      9385911.44895000
1497      9419153.22587000
1498      9452503.78286000
1499      9485963.44460000
1500      9519532.53667000
1501      9553211.38551000
1502      9587000.31844000
1503      9620899.66366000
1504      9654909.75023000
1505      9689030.90811000
1506      9723263.46813000
1507      9757607.76203000
1508      9792064.12239000
1509      9826632.88272000
1510      9861314.37741000
1511      9896108.94174000
1512      9931016.91188000
1513      9966038.62490000
1514     10001174.41878000
1515     10036424.63239000
1516     10071789.60551000
1517     10107269.67882000
1518     10142865.19391000
1519     10178576.49329000
1520     10214403.92036000
1521     10250347.81945000
1522     10286408.53581000
1523     10322586.41560000
1524     10358881.80590000
1525     10395295.05472000
1526     10431826.51098000
1527     10468476.52456000
1528     10505245.44623000
1529     10542133.62771000
1530     10579141.42166000
1531     10616269.18166000
1532     10653517.26224000
1533     10690886.01888000
1534     10728375.80797000
1535     10765986.98687000
1536     10803719.91389000
1537     10841574.94827000
1538     10879552.45022000
1539     10917652.78088000
1540     10955876.30238000
1541     10994223.37777000
1542     11032694.37110000
1543     11071289.64734000
1544     11110009.57246000
1545     11148854.51338000
1546     11187824.83798000
1547     11226920.91515000
1548     11266143.11470000
1549     11305491.80746000
1550     11344967.36521000
1551     11384570.16073000
1552     11424300.56777000
1553     11464158.96108000
1554     11504145.71637000
1555     11544261.21036000
1556     11584505.82078000
1557     11624879.92630000
1558     11665383.90664000
1559     11706018.14250000
1560     11746783.01557000
1561     11787678.90855000
1562     11828706.20516000
1563     11869865.29010000
1564     11911156.54911000
1565     11952580.36893000
1566     11994137.13731000
1567     12035827.24302000
1568     12077651.07585000
1569     12119609.02663000
1570     12161701.48718000
1571     12203928.85037000
1572     12246291.51010000
1573     12288789.86129000
1574     12331424.29991000
1575     12374195.22294000
1576     12417103.02844000
1577     12460148.11546000
1578     12503330.88414000
1579     12546651.73563000
1580     12590111.07216000
1581     12633709.29698000
1582     12677446.81442000
1583     12721324.02985000
1584     12765341.34970000
1585     12809499.18146000
1586     12853797.93369000
1587     12898238.01602000
1588     12942819.83911000
1589     12987543.81475000
1590     13032410.35575000
1591     13077419.87603000
1592     13122572.79057000
1593     13167869.51542000
1594     13213310.46775000
1595     13258896.06577000
1596     13304626.72881000
1597     13350502.87728000
1598     13396524.93268000
1599     13442693.31760000
1600     13489008.45574000
1601     13535470.77190000
1602     13582080.69196000
1603     13628838.64294000
1604     13675745.05293000
1605     13722800.35117000
1606     13770004.96797000
1607     13817359.33479000
1608     13864863.88419000
1609     13912519.04985000
1610     13960325.26659000
1611     14008282.97034000
1612     14056392.59815000
1613     14104654.58821000
1614     14153069.37986000
1615     14201637.41355000
1616     14250359.13087000
1617     14299234.97457000
1618     14348265.38853000
1619     14397450.81778000
1620     14446791.70849000
1621     14496288.50799000
1622     14545941.66476000
1623     14595751.62844000
1624     14645718.84982000
1625     14695843.78087000
1626     14746126.87471000
1627     14796568.58562000
1628     14847169.36907000
1629     14897929.68168000
1630     14948849.98127000
1631     14999930.72681000
1632     15051172.37848000
1633     15102575.39761000
1634     15154140.24674000
1635     15205867.38959000
1636     15257757.29108000
1637     15309810.41729000
1638     15362027.23555000
1639     15414408.21435000
1640     15466953.82338000
1641     15519664.53355000
1642     15572540.81699000
1643     15625583.14701000
1644     15678791.99814000
1645     15732167.84615000
1646     15785711.16799000
1647     15839422.44186000
1648     15893302.14716000
1649     15947350.76455000
1650     16001568.77588000
1651     16055956.66426000
1652     16110514.91403000
1653     16165244.01075000
1654     16220144.44124000
1655     16275216.69354000
1656     16330461.25697000
1657     16385878.62208000
1658     16441469.28065000
1659     16497233.72575000
1660     16553172.45169000
1661     16609285.95404000
1662     16665574.72963000
1663     16722039.27656000
1664     16778680.09420000
1665     16835497.68319000
1666     16892492.54543000
1667     16949665.18413000
1668     17007016.10374000
1669     17064545.81001000
1670     17122254.80999000
1671     17180143.61199000
1672     17238212.72564000
1673     17296462.66183000
1674     17354893.93278000
1675     17413507.05200000
1676     17472302.53428000
1677     17531280.89575000
1678     17590442.65383000
1679     17649788.32724000
1680     17709318.43604000
1681     17769033.50159000
1682     17828934.04658000
1683     17889020.59502000
1684     17949293.67223000
1685     18009753.80489000
1686     18070401.52098000
1687     18131237.34984000
1688     18192261.82214000
1689     18253475.46988000
1690     18314878.82641000
1691     18376472.42643000
1692     18438256.80600000
1693     18500232.50251000
1694     18562400.05472000
1695     18624760.00274000
1696     18687312.88806000
1697     18750059.25352000
1698     18812999.64332000
1699     18876134.60305000
1700     18939464.67966000
1701     19002990.42148000
1702     19066712.37823000
1703     19130631.10099000
1704     19194747.14226000
1705     19259061.05590000
1706     19323573.39717000
1707     19388284.72273000
1708     19453195.59063000
1709     19518306.56033000
1710     19583618.19270000
1711     19649131.05000000
1712     19714845.69591000
1713     19780762.69553000
1714     19846882.61536000
1715     19913206.02334000
1716     19979733.48882000
1717     20046465.58258000
1718     20113402.87683000
1719     20180545.94521000
1720     20247895.36280000
1721     20315451.70612000
1722     20383215.55313000
1723     20451187.48323000
1724     20519368.07727000
1725     20587757.91755000
1726     20656357.58785000
1727     20725167.67337000
1728     20794188.76078000
1729     20863421.43825000
1730     20932866.29537000
1731     21002523.92322000
1732     21072394.91436000
1733     21142479.86283000
1734     21212779.36413000
1735     21283294.01527000
1736     21354024.41472000
1737     21424971.16246000
1738     21496134.85996000
1739     21567516.11018000
1740     21639115.51759000
1741     21710933.68815000
1742     21782971.22933000
1743     21855228.75013000
1744     21927706.86104000
1745     22000406.17407000
1746     22073327.30275000
1747     22146470.86215000
1748     22219837.46884000
1749     22293427.74094000
1750     22367242.29809000
1751     22441281.76148000
1752     22515546.75383000
1753     22590037.89940000
1754     22664755.82401000
1755     22739701.15502000
1756     22814874.52134000
1757     22890276.55344000
1758     22965907.88336000
1759     23041769.14469000
1760     23117860.97259000
1761     23194184.00380000
1762     23270738.87661000
1763     23347526.23092000
1764     23424546.70818000
1765     23501800.95144000
1766     23579289.60534000
1767     23657013.31610000
1768     23734972.73154000
1769     23813168.50107000
1770     23891601.27572000
1771     23970271.70811000
1772     24049180.45246000
1773     24128328.16462000
1774     24207715.50205000
1775     24287343.12381000
1776     24367211.69062000
1777     24447321.86478000
1778     24527674.31026000
1779     24608269.69263000
1780     24689108.67912000
1781     24770191.93859000
1782     24851520.14154000
1783     24933093.96012000
1784     25014914.06813000
1785     25096981.14102000
1786     25179295.85591000
1787     25261858.89156000
1788     25344670.92842000
1789     25427732.64858000
1790     25511044.73584000
1791     25594607.87562000
1792     25678422.75507000
1793     25762490.06300000
1794     25846810.48991000
1795     25931384.72798000
1796     26016213.47111000
1797     26101297.41485000
1798     26186637.25651000
1799     26272233.69506000
1800     26358087.43118000
1801     26444199.16730000
1802     26530569.60751000
1803     26617199.45767000
1804     26704089.42533000
1805     26791240.21978000
1806     26878652.55203000
1807     26966327.13483000
1808     27054264.68268000
1809     27142465.91180000
1810     27230931.54016000
1811     27319662.28749000
1812     27408658.87526000
1813     27497922.02670000
1814     27587452.46681000
1815     27677250.92233000
1816     27767318.12179000
1817     27857654.79547000
1818     27948261.67546000
1819     28039139.49559000
1820     28130288.99149000
1821     28221710.90058000
1822     28313405.96206000
1823     28405374.91693000
1824     28497618.50799000
1825     28590137.47983000
1826     28682932.57887000
1827     28776004.55331000
1828     28869354.15317000
1829     28962982.13031000
1830     29056889.23838000
1831     29151076.23288000
1832     29245543.87112000
1833     29340292.91225000
1834     29435324.11725000
1835     29530638.24895000
1836     29626236.07203000
1837     29722118.35300000
1838     29818285.86022000
1839     29914739.36394000
1840     30011479.63622000
1841     30108507.45103000
1842     30205823.58417000
1843     30303428.81335000
1844     30401323.91811000
1845     30499509.67991000
1846     30597986.88208000
1847     30696756.30983000
1848     30795818.75026000
1849     30895174.99239000
1850     30994825.82710000
1851     31094772.04722000
1852     31195014.44744000
1853     31295553.82440000
1854     31396390.97664000
1855     31497526.70461000
1856     31598961.81070000
1857     31700697.09923000
1858     31802733.37643000
1859     31905071.45049000
1860     32007712.13152000
1861     32110656.23159000
1862     32213904.56472000
1863     32317457.94686000
1864     32421317.19593000
1865     32525483.13183000
1866     32629956.57638000
1867     32734738.35342000
1868     32839829.28872000
1869     32945230.21006000
1870     33050941.94717000
1871     33156965.33178000
1872     33263301.19763000
1873     33369950.38042000
1874     33476913.71786000
1875     33584192.04968000
1876     33691786.21759000
1877     33799697.06532000
1878     33907925.43862000
1879     34016472.18525000
1880     34125338.15501000
1881     34234524.19970000
1882     34344031.17318000
1883     34453859.93133000
1884     34564011.33207000
1885     34674486.23537000
1886     34785285.50324000
1887     34896409.99977000
1888     35007860.59106000
1889     35119638.14531000
1890     35231743.53278000
1891     35344177.62579000
1892     35456941.29873000
1893     35570035.42809000
1894     35683460.89243000
1895     35797218.57239000
1896     35911309.35072000
1897     36025734.11225000
1898     36140493.74391000
1899     36255589.13476000
1900     36371021.17594000
1901     36486790.76071000
1902     36602898.78447000
1903     36719346.14471000
1904     36836133.74106000
1905     36953262.47530000
1906     37070733.25133000
1907     37188546.97517000
1908     37306704.55502000
1909     37425206.90121000
1910     37544054.92623000
1911     37663249.54472000
1912     37782791.67350000
1913     37902682.23153000
1914     38022922.13996000
1915     38143512.32212000
1916     38264453.70351000
1917     38385747.21182000
1918     38507393.77692000
1919     38629394.33089000
1920     38751749.80799000
1921     38874461.14471000
1922     38997529.27972000
1923     39120955.15391000
1924     39244739.71041000
1925     39368883.89453000
1926     39493388.65384000
1927     39618254.93812000
1928     39743483.69941000
1929     39869075.89196000
1930     39995032.47228000
1931     40121354.39913000
1932     40248042.63352000
1933     40375098.13872000
1934     40502521.88027000
1935     40630314.82596000
1936     40758477.94587000
1937     40887012.21235000
1938     41015918.60002000
1939     41145198.08581000
1940     41274851.64893000
1941     41404880.27088000
1942     41535284.93546000
1943     41666066.62880000
1944     41797226.33930000
1945     41928765.05771000
1946     42060683.77708000
1947     42192983.49279000
1948     42325665.20256000
1949     42458729.90641000
1950     42592178.60674000
1951     42726012.30826000
1952     42860232.01806000
1953     42994838.74556000
1954     43129833.50254000
1955     43265217.30315000
1956     43400991.16390000
1957     43537156.10368000
1958     43673713.14376000
1959     43810663.30777000
1960     43948007.62177000
1961     44085747.11416000
1962     44223882.81577000
1963     44362415.75982000
1964     44501346.98195000
1965     44640677.52019000
1966     44780408.41500000
1967     44920540.70927000
1968     45061075.44830000
1969     45202013.67982000
1970     45343356.45400000
1971     45485104.82347000
1972     45627259.84328000
1973     45769822.57094000
1974     45912794.06643000
1975     46056175.39216000
1976     46199967.61303000
1977     46344171.79641000
1978     46488789.01214000
1979     46633820.33255000
1980     46779266.83244000
1981     46925129.58911000
1982     47071409.68236000
1983     47218108.19449000
1984     47365226.21030000
1985     47512764.81711000
1986     47660725.10475000
1987     47809108.16558000
1988     47957915.09448000
1989     48107146.98886000
1990     48256804.94867000
1991     48406890.07641000
1992     48557403.47712000
1993     48708346.25839000
1994     48859719.53037000
1995     49011524.40577000
1996     49163761.99989000
1997     49316433.43056000
1998     49469539.81824000
1999     49623082.28593000
2000     49777061.95924000
2001     49931479.96638000
2002     50086337.43814000
2003     50241635.50793000
2004     50397375.31177000
2005     50553557.98827000
2006     50710184.67871000
2007     50867256.52695000
2008     51024774.67949000
2009     51182740.28549000
2010     51341154.49674000
2011     51500018.46765000
2012     51659333.35533000
2013     51819100.31950000
2014     51979320.52259000
2015     52139995.12965000
2016     52301125.30845000
2017     52462712.22941000
2018     52624757.06563000
2019     52787260.99293000
2020     52950225.18980000
2021     53113650.83744000
2022     53277539.11975000
2023     53441891.22334000
2024     53606708.33756000
2025     53771991.65445000
2026     53937742.36880000
2027     54103961.67814000
2028     54270650.78270000
2029     54437810.88549000
2030     54605443.19228000
2031     54773548.91154000
2032     54942129.25457000
2033     55111185.43538000
2034     55280718.67079000
2035     55450730.18037000
2036     55621221.18650000
2037     55792192.91432000
2038     55963646.59179000
2039     56135583.44965000
2040     56308004.72146000
2041     56480911.64359000
2042     56654305.45521000
2043     56828187.39833000
2044     57002558.71778000
2045     57177420.66123000
2046     57352774.47917000
2047     57528621.42497000
2048     57704962.75482000
2049     57881799.72778000
2050     58059133.60576000
2051     58236965.65356000
2052     58415297.13882000
2053     58594129.33209000
2054     58773463.50680000
2055     58953300.93925000
2056     59133642.90866000
2057     59314490.69713000
2058     59495845.58969000
2059     59677708.87426000
2060     59860081.84171000
2061     60042965.78581000
2062     60226362.00327000
2063     60410271.79373000
2064     60594696.45978000
2065     60779637.30696000
2066     60965095.64376000
2067     61151072.78162000
2068     61337570.03498000
2069     61524588.72120000
2070     61712130.16067000
2071     61900195.67673000
2072     62088786.59572000
2073     62277904.24698000
2074     62467549.96284000
2075     62657725.07865000
2076     62848430.93276000
2077     63039668.86655000
2078     63231440.22443000
2079     63423746.35382000
2080     63616588.60520000
2081     63809968.33208000
2082     64003886.89102000
2083     64198345.64164000
2084     64393345.94662000
2085     64588889.17170000
2086     64784976.68571000
2087     64981609.86055000
2088     65178790.07119000
2089     65376518.69572000
2090     65574797.11530000
2091     65773626.71423000
2092     65973008.87988000
2093     66172945.00275000
2094     66373436.47648000
2095     66574484.69781000
2096     66776091.06664000
2097     66978256.98599000
2098     67180983.86204000
2099     67384273.10411000
2100     67588126.12469999
2101     67792544.33945000
2102     67997529.16720000
2103     68203082.02993000
2104     68409204.35285001
2105     68615897.56431000
2106     68823163.09591000
2107     69031002.38240001
2108     69239416.86178000
2109     69448407.97524001
2110     69657977.16721000
2111     69868125.88533001
2112     70078855.58048999
2113     70290167.70682000
2114     70502063.72167000
2115     70714545.08567999
2116     70927613.26274000
2117     71141269.71998000
2118     71355515.92783000
2119     71570353.35999000
2120     71785783.49345000
2121     72001807.80847999
2122     72218427.78866000
2123     72435644.92087001
2124     72653460.69530000
2125     72871876.60545000
2126     73090894.14816999
2127     73310514.82359999
2128     73530740.13526000
2129     73751571.58996999
2130     73973010.69794001
2131     74195058.97271000
2132     74417717.93119000
2133     74640989.09366000
2134     74864873.98377000
2135     75089374.12857001
2136     75314491.05848999
2137     75540226.30734000
2138     75766581.41236000
2139     75993557.91417000
2140     76221157.35683000
2141     76449381.28781000
2142     76678231.25800000
2143     76907708.82175000
2144     77137815.53682999
2145     77368552.96448000
2146     77599922.66936000
2147     77831926.21963000
2148     78064565.18691000
2149     78297841.14627001
2150     78531755.67629001
2151     78766310.35902999
2152     79001506.78004999
2153     79237346.52840000
2154     79473831.19665000
2155     79710962.38089000
2156     79948741.68073000
2157     80187170.69929001
2158     80426251.04325999
2159     80665984.32284001
2160     80906372.15181001
2161     81147416.14749999
2162     81389117.93076999
2163     81631479.12611000
2164     81874501.36153001
2165     82118186.26866999
2166     82362535.48273000
2167     82607550.64252999
2168     82853233.39047000
2169     83099585.37260000
2170     83346608.23855001
2171     83594303.64161000
2172     83842673.23867001
2173     84091718.69029000
2174     84341441.66066000
2175     84591843.81761999
2176     84842926.83269000
2177     85094692.38105001
2178     85347142.14155000
2179     85600277.79672000
2180     85854101.03280000
2181     86108613.53969000
2182     86363817.01103000
2183     86619713.14416000
2184     86876303.64013000
2185     87133590.20371000
2186     87391574.54342000
2187     87650258.37151000
2188     87909643.40397000
2189     88169731.36056000
2190     88430523.96479000
2191     88692022.94394000
2192     88954230.02904999
2193     89217146.95498000
2194     89480775.46033999
2195     89745117.28756000
2196     90010174.18286000
2197     90275947.89629000
2198     90542440.18171000
2199     90809652.79680000
2200     91077587.50307000
2201     91346246.06588000
2202     91615630.25444999
2203     91885741.84183000
2204     92156582.60494000
2205     92428154.32458000
2206     92700458.78543000
2207     92973497.77603000
2208     93247273.08883999
2209     93521786.52021000
2210     93797039.87039000
2211     94073034.94355001
2212     94349773.54778001
2213     94627257.49511001
2214     94905488.60149001
2215     95184468.68683000
2216     95464199.57498001
2217     95744683.09375000
2218     96025921.07493000
2219     96307915.35427000
2220     96590667.77150001
2221     96874180.17037000
2222     97158454.39858000
2223     97443492.30787000
2224     97729295.75398000
2225     98015866.59668000
2226     98303206.69973999
2227     98591317.93099999
2228     98880202.16231000
2229     99169861.26961000
2230     99460297.13286000
2231     99751511.63610999
2232    100043506.66745999
2233    100336284.11912000
2234    100629845.88737001
2235    100924193.87260000
2236    101219329.97928999
2237    101515256.11602999
2238    101811974.19554999
2239    102109486.13470000
2240    102407793.85445000
2241    102706899.27993000
2242    103006804.34041999
2243    103307510.96935999
2244    103609021.10433000
2245    103911336.68714000
2246    104214459.66372000
2247    104518391.98424999
2248    104823135.60304999
2249    105128692.47869000
2250    105435064.57393999
2251    105742253.85579000
2252    106050262.29545000
2253    106359091.86839999
2254    106668744.55434000
2255    106979222.33723000
2256    107290527.20528001
2257    107602661.15098999
2258    107915626.17114000
2259    108229424.26677001
2260    108544057.44325000
2261    108859527.71021000
2262    109175837.08163001
2263    109492987.57579000
2264    109810981.21529000
2265    110129820.02707000
2266    110449506.04243000
2267    110770041.29700001
2268    111091427.83078000
2269    111413667.68811999
2270    111736762.91776000
2271    112060715.57284001
2272    112385527.71086000
2273    112711201.39372000
2274    113037738.68776999
2275    113365141.66373999
2276    113693412.39678000
2277    114022552.96650000
2278    114352565.45693000
2279    114683451.95655000
2280    115015214.55833000
2281    115347855.35966000
2282    115681376.46244000
2283    116015779.97302000
2284    116351068.00229000
2285    116687242.66558000
2286    117024306.08278000
2287    117362260.37826000
2288    117701107.68094000
2289    118040850.12425999
2290    118381489.84620000
2291    118723028.98931000
2292    119065469.70067000
2293    119408814.13195001
2294    119753064.43937001
2295    120098222.78377999
2296    120444291.33057000
2297    120791272.24977000
2298    121139167.71600001
2299    121487979.90851000
2300    121837711.01115000
2301    122188363.21246000
2302    122539938.70556000
2303    122892439.68827000
2304    123245868.36305000
2305    123600226.93704000
2306    123955517.62206000
2307    124311742.63460000
2308    124668904.19585000
2309    125027004.53173999
2310    125386045.87286000
2311    125746030.45457000
2312    126106960.51693000
2313    126468838.30474000
2314    126831666.06758000
2315    127195446.05975001
2316    127560180.54032999
2317    127925871.77319001
2318    128292522.02697000
2319    128660133.57510000
2320    129028708.69581001
2321    129398249.67215000
2322    129768758.79199000
2323    130140238.34802000
2324    130512690.63777000
2325    130886117.96360999
2326    131260522.63278000
2327    131635906.95738000
2328    132012273.25437000
2329    132389623.84560999
2330    132767961.05783001
2331    133147287.22268000
2332    133527604.67670000
2333    133908915.76137000
2334    134291222.82308999
2335    134674528.21316999
2336    135058834.28791001
2337    135444143.40853000
2338    135830457.94123000
2339    136217780.25716999
2340    136606112.73249999
2341    136995457.74836999
2342    137385817.69091001
2343    137777194.95128000
2344    138169591.92563000
2345    138563011.01517001
2346    138957454.62613001
2347    139352925.16979000
2348    139749425.06246999
2349    140146956.72558001
2350    140545522.58559999
2351    140945125.07407001
2352    141345766.62764001
2353    141747449.68807000
2354    142150176.70221001
2355    142553950.12204999
2356    142958772.40470001
2357    143364646.01240000
2358    143771573.41257000
2359    144179557.07775000
2360    144588599.48568001
2361    144998703.11925000
2362    145409870.46654999
2363    145822104.02087000
2364    146235406.28071001
2365    146649779.74974999
2366    147065226.93695000
2367    147481750.35644999
2368    147899352.52766001
2369    148318035.97525999
2370    148737803.22916001
2371    149158656.82455000
2372    149580599.30191001
2373    150003633.20702001
2374    150427761.09094000
2375    150852985.51006001
2376    151279309.02608001
2377    151706734.20602000
2378    152135263.62226000
2379    152564899.85253000
2380    152995645.47990000
2381    153427503.09283000
2382    153860475.28514001
2383    154294564.65604001
2384    154729773.81016999
2385    155166105.35753000
2386    155603561.91358000
2387    156042146.09918001
2388    156481860.54065001
2389    156922707.86973000
2390    157364690.72363999
2391    157807811.74506000
2392    158252073.58215001
2393    158697478.88855001
2394    159144030.32341000
2395    159591730.55138001
2396    160040582.24261001
2397    160490588.07282001
2398    160941750.72321999
2399    161394072.88058999
2400    161847557.23727000
2401    162302206.49116999
2402    162758023.34575999
2403    163215010.51010999
2404    163673170.69887999
2405    164132506.63235000
2406    164593021.03639999
2407    165054716.64254999
2408    165517596.18797001
2409    165981662.41545001
2410    166446918.07346001
2411    166913365.91611999
2412    167381008.70324999
2413    167849849.20034000
2414    168319890.17860001
2415    168791134.41492999
2416    169263584.69196001
2417    169737243.79804000
2418    170212114.52728999
2419    170688199.67954001
2420    171165502.06040001
2421    171644024.48126999
2422    172123769.75929001
2423    172604740.71744001
2424    173086940.18446001
2425    173570370.99494001
2426    174055035.98925999
2427    174540938.01366001
2428    175028079.92021000
2429    175516464.56683999
2430    176006094.81735000
2431    176496973.54141000
2432    176989103.61458001
2433    177482487.91830999
2434    177977129.33996001
2435    178473030.77282000
2436    178970195.11610001
2437    179468625.27495000
2438    179968324.16047001
2439    180469294.68972000
2440    180971539.78573000
2441    181475062.37751999
2442    181979865.40009001
2443    182485951.79447001
2444    182993324.50766999
2445    183501986.49274999
2446    184011940.70879999
2447    184523190.12095001
2448    185035737.70038000
2449    185549586.42436999
2450    186064739.27625000
2451    186581199.24544999
2452    187098969.32751000
2453    187618052.52406001
2454    188138451.84287000
2455    188660170.29784000
2456    189183210.90900999
2457    189707576.70258000
2458    190233270.71092001
2459    190760295.97257000
2460    191288655.53226000
2461    191818352.44092000
2462    192349389.75569999
2463    192881770.53996000
2464    193415497.86329001
2465    193950574.80153000
2466    194487004.43678001
2467    195024789.85740000
2468    195563934.15803000
2469    196104440.43959001
2470    196646311.80930999
2471    197189551.38073000
2472    197734162.27370000
2473    198280147.61441001
2474    198827510.53540000
2475    199376254.17557001
2476    199926381.68015999
2477    200477896.20082000
2478    201030800.89557001
2479    201585098.92884001
2480    202140793.47146001
2481    202697887.70070001
2482    203256384.80024999
2483    203816287.96026000
2484    204377600.37733999
2485    204940325.25453001
2486    205504465.80140999
2487    206070025.23401001
2488    206637006.77487999
2489    207205413.65307000
2490    207775249.10418001
2491    208346516.37033999
2492    208919218.70019999
2493    209493359.34902000
2494    210068941.57859999
2495    210645968.65733001
2496    211224443.86021000
2497    211804370.46882999
2498    212385751.77140000
2499    212968591.06277999
2500    213552891.64444000
2501    214138656.82455000
2502    214725889.91790000
2503    215314594.24597999
2504    215904773.13697001
2505    216496429.92576000
2506    217089567.95392001
2507    217684190.56977999
2508    218280301.12839001
2509    218877902.99156001
2510    219476999.52783999
2511    220077594.11256000
2512    220679690.12786001
2513    221283290.96263999
2514    221888400.01262999
2515    222495020.68035999
2516    223103156.37522000
2517    223712810.51343000
2518    224323986.51806000
2519    224936687.81905001
2520    225550917.85323000
2521    226166680.06431001
2522    226783977.90290999
2523    227402814.82657999
2524    228023194.29977000
2525    228645119.79389000
2526    229268594.78729999
2527    229893622.76532000
2528    230520207.22025001
2529    231148351.65138999
2530    231778059.56501999
2531    232409334.47444001
2532    233042179.90000001
2533    233676599.36906001
2534    234312596.41604000
2535    234950174.58241999
2536    235589337.41676000
2537    236230088.47470999
2538    236872431.31902000
2539    237516369.51954001
2540    238161906.65325001
2541    238809046.30428001
2542    239457792.06391001
2543    240108147.53055000
2544    240760116.30982000
2545    241413702.01451999
2546    242068908.26462999
2547    242725738.68737000
2548    243384196.91716000
2549    244044286.59568000
2550    244706011.37184000
2551    245369374.90182999
2552    246034380.84909001
2553    246701032.88439000
2554    247369334.68575001
2555    248039289.93855000
2556    248710902.33546001
2557    249384175.57651001
2558    250059113.36906001
2559    250735719.42787001
2560    251413997.47505000
2561    252093951.24009001
2562    252775584.45991001
2563    253458900.87884000
2564    254143904.24862000
2565    254830598.32844999
2566    255518986.88497001
2567    256209073.69229999
2568    256900862.53202999
2569    257594357.19326001
2570    258289561.47255999
2571    258986479.17405999
2572    259685114.10938999
2573    260385470.09775001
2574    261087550.96588999
2575    261791360.54811001
2576    262496902.68632001
2577    263204181.23001999
2578    263913200.03633001
2579    264623962.96996000
2580    265336473.90329999
2581    266050736.71634999
2582    266766755.29681000
2583    267484533.54003000
2584    268204075.34907001
2585    268925384.63466001
2586    269648465.31528002
2587    270373321.31713003
2588    271099956.57414001
2589    271828375.02801001
2590    272558580.62819999
2591    273290577.33196998
2592    274024369.10435998
2593    274759959.91821003
2594    275497353.75421000
2595    276236554.60087001
2596    276977566.45455998
2597    277720393.31949002
2598    278465039.20778000
2599    279211508.13941997
2600    279959804.14231002
2601    280709931.25226003
2602    281461893.51301003
2603    282215694.97627997
2604    282971339.70169997
2605    283728831.75690001
2606    284488175.21749002
2607    285249374.16707999
2608    286012432.69727999
2609    286777354.90776002
2610    287544144.90619999
2611    288312806.80835003
2612    289083344.73800999
2613    289855762.82709998
2614    290630065.21559000
2615    291406256.05159003
2616    292184339.49133003
2617    292964319.69915998
2618    293746200.84762001
2619    294529987.11737001
2620    295315682.69726998
2621    296103291.78438997
2622    296892818.58398998
2623    297684267.30953997
2624    298477642.18276000
2625    299272947.43362999
2626    300070187.30037999
2627    300869366.02951998
2628    301670487.87585002
2629    302473557.10247999
2630    303278577.98084003
2631    304085554.79069000
2632    304894491.82014000
2633    305705393.36567998
2634    306518263.73215002
2635    307333107.23280001
2636    308149928.18927002
2637    308968730.93164998
2638    309789519.79842001
2639    310612299.13656002
2640    311437073.30146003
2641    312263846.65704000
2642    313092623.57565999
2643    313923408.43823999
2644    314756205.63417000
2645    315591019.56141001
2646    316427854.62646002
2647    317266715.24438000
2648    318107605.83881998
2649    318950530.84200001
2650    319795494.69476998
2651    320642501.84661001
2652    321491556.75560999
2653    322342663.88852000
2654    323195827.72078001
2655    324051052.73649001
2656    324908343.42843997
2657    325767704.29813999
2658    326629139.85584003
2659    327492654.62050003
2660    328358253.11987001
2661    329225939.89043999
2662    330095719.47750002
2663    330967596.43513000
2664    331841575.32624000
2665    332717660.72254997
2666    333595857.20464998
2667    334476169.36195999
2668    335358601.79279000
2669    336243159.10434002
2670    337129845.91271001
2671    338018666.84292001
2672    338909626.52893001
2673    339802729.61364001
2674    340697980.74892998
2675    341595384.59562999
2676    342494945.82359999
2677    343396669.11168998
2678    344300559.14776999
2679    345206620.62876999
2680    346114858.26065999
2681    347025276.75849003
2682    347937880.84640002
2683    348852675.25760001
2684    349769664.73446000
2685    350688854.02845001
2686    351610247.90021002
2687    352533851.11953002
2688    353459668.46537000
2689    354387704.72592002
2690    355317964.69852000
2691    356250453.18980002
2692    357185175.01558000
2693    358122135.00095999
2694    359061337.98030001
2695    360002788.79725999
2696    360946492.30479997
2697    361892453.36517000
2698    362840676.84999001
2699    363791167.64021999
2700    364743930.62616998
2701    365698970.70753998
2702    366656292.79343998
2703    367615901.80236000
2704    368577802.66224998
2705    369542000.31049001
2706    370508499.69391000
2707    371477305.76883000
2708    372448423.50106001
2709    373421857.86590999
2710    374397613.84820998
2711    375375696.44234002
2712    376356110.65223002
2713    377338861.49137998
2714    378323953.98286998
2715    379311393.15938997
2716    380301184.06326002
2717    381293331.74641001
2718    382287841.27043003
2719    383284717.70660001
2720    384283966.13584000
2721    385285591.64881003
2722    386289599.34587002
2723    387295994.33709002
2724    388304781.74233001
2725    389315966.69117999
2726    390329554.32301998
2727    391345549.78702998
2728    392363958.24220997
2729    393384784.85737002
2730    394408034.81119001
2731    395433713.29218000
2732    396461825.49875998
2733    397492376.63924003
2734    398525371.93181002
2735    399560816.60462999
2736    400598715.89578003
2737    401639075.05330002
2738    402681899.33521998
2739    403727194.00954998
2740    404774964.35433000
2741    405825215.65761000
2742    406877953.21748000
2743    407933182.34210998
2744    408990908.34974003
2745    410051136.56867999
2746    411113872.33739001
2747    412179121.00441998
2748    413246887.92850000
2749    414317178.47850001
2750    415389998.03346002
2751    416465351.98263001
2752    417543245.72547001
2753    418623684.67166001
2754    419706674.24114001
2755    420792219.86409003
2756    421880326.98097998
2757    422971001.04259998
2758    424064247.50999999
2759    425160071.85461003
2760    426258479.55818999
2761    427359476.11286002
2762    428463067.02112001
2763    429569257.79587001
2764    430678053.96043998
2765    431789461.04857999
2766    432903484.60448003
2767    434020130.18282002
2768    435139403.34876001
2769    436261309.67794001
2770    437385854.75655001
2771    438513044.18128997
2772    439642883.55944002
2773    440775378.50883001
2774    441910534.65788001
2775    443048357.64564002
2776    444188853.12175000
2777    445332026.74651003
2778    446477884.19089001
2779    447626431.13650000
2780    448777673.27569002
2781    449931616.31147999
2782    451088265.95763999
2783    452247627.93869001
2784    453409707.98989999
2785    454574511.85733002
2786    455742045.29784000
2787    456912314.07911003
2788    458085323.97964001
2789    459261080.78880000
2790    460439590.30682999
2791    461620858.34485000
2792    462804890.72487998
2793    463991693.27987999
2794    465181271.85374999
2795    466373632.30133998
2796    467568780.48848999
2797    468766722.29202002
2798    469967463.59978002
2799    471171010.31063002
2800    472377368.33451998
2801    473586543.59244001
2802    474798542.01644999
2803    476013369.54974997
2804    477231032.14664000
2805    478451535.77257001
2806    479674886.40415001
2807    480901090.02915001
2808    482130152.64656001
2809    483362080.26657999
2810    484596878.91061002
2811    485834554.61135000
2812    487075113.41272002
2813    488318561.36997002
2814    489564904.54961997
2815    490814149.02954000
2816    492066300.89892000
2817    493321366.25834000
2818    494579351.21972001
2819    495840261.90641999
2820    497104104.45318002
2821    498370885.00620002
2822    499640609.72311997
2823    500913284.77306002
2824    502188916.33662999
2825    503467510.60593998
2826    504749073.78463000
2827    506033612.08791000
2828    507321131.74252999
2829    508611638.98683000
2830    509905140.07076001
2831    511201641.25588000
2832    512501148.81541002
2833    513803669.03421998
2834    515109208.20885998
2835    516417772.64756000
2836    517729368.67030001
2837    519044002.60878003
2838    520361680.80645001
2839    521682409.61852998
2840    523006195.41206002
2841    524333044.56585997
2842    525662963.47059000
2843    526995958.52877998
2844    528332036.15481001
2845    529671202.77495003
2846    531013464.82739002
2847    532358828.76222998
2848    533707301.04153001
2849    535058888.13931000
2850    536413596.54158998
2851    537771432.74636996
2852    539132403.26367998
2853    540496514.61562002
2854    541863773.33632004
2855    543234185.97201002
2856    544607759.08100998
2857    545984499.23378003
2858    547364413.01289999
2859    548747507.01312995
2860    550133787.84139001
2861    551523262.11681998
2862    552915936.47077000
2863    554311817.54683006
2864    555710912.00084996
2865    557113226.50094998
2866    558518767.72757006
2867    559927542.37344003
2868    561339557.14365005
2869    562754818.75564003
2870    564173333.93922997
2871    565595109.43664002
2872    567020152.00250006
2873    568448468.40389001
2874    569880065.42033005
2875    571314949.84382999
2876    572753128.47889996
2877    574194608.14256001
2878    575639395.66437995
2879    577087497.88646996
2880    578538921.66354001
2881    579993673.86287999
2882    581451761.36440003
2883    582913191.06066000
2884    584377969.85687995
2885    585846104.67094004
2886    587317602.43344998
2887    588792470.08771002
2888    590270714.58977997
2889    591752342.90848005
2890    593237362.02540004
2891    594725778.93493998
2892    596217600.64432001
2893    597712834.17360997
2894    599211486.55572999
2895    600713564.83650005
2896    602219076.07463002
2897    603728027.34176004
2898    605240425.72248006
2899    606756278.31436002
2900    608275592.22792006
2901    609798374.58670998
2902    611324632.52733004
2903    612854373.19939005
2904    614387603.76559997
2905    615924331.40174997
2906    617464563.29673004
2907    619008306.65259004
2908    620555568.68452001
2909    622106356.62088001
2910    623660677.70324004
2911    625218539.18637002
2912    626779948.33827996
2913    628344912.44026995
2914    629913438.78689003
2915    631485534.68597996
2916    633061207.45875001
2917    634640464.43970001
2918    636223312.97674000
2919    637809760.43113995
2920    639399814.17758000
2921    640993481.60417998
2922    642590770.11249995
2923    644191687.11758995
2924    645796240.04797006
2925    647404436.34568000
2926    649016283.46631002
2927    650631788.87899005
2928    652250960.06643999
2929    653873804.52497995
2930    655500329.76455998
2931    657130543.30874002
2932    658764452.69480002
2933    660402065.47364998
2934    662043389.20994997
2935    663688431.48207998
2936    665337199.88215995
2937    666989702.01609004
2938    668645945.50357997
2939    670305937.97815001
2940    671969687.08713996
2941    673637200.49179006
2942    675308485.86717999
2943    676983550.90233004
2944    678662403.30016994
2945    680345050.77760005
2946    682031501.06544995
2947    683721761.90858996
2948    685415841.06587005
2949    687113746.31020999
2950    688815485.42857003
2951    690521066.22197998
2952    692230496.50560999
2953    693943784.10872996
2954    695660936.87476003
2955    697381962.66130996
2956    699106869.34016001
2957    700835664.79733002
2958    702568356.93305004
2959    704304953.66183996
2960    706045462.91249001
2961    707789892.62808001
2962    709538250.76605999
2963    711290545.29819000
2964    713046784.21063006
2965    714806975.50390995
2966    716571127.19300997
2967    718339247.30733001
2968    720111343.89074004
2969    721887425.00160003
2970    723667498.71278000
2971    725451573.11168003
2972    727239656.30025005
2973    729031756.39503002
2974    730827881.52716005
2975    732628039.84238994
2976    734432239.50111997
2977    736240488.67844999
2978    738052795.56412995
2979    739869168.36266005
2980    741689615.29325998
2981    743514144.58992004
2982    745342764.50141001
2983    747175483.29130995
2984    749012309.23802996
2985    750853250.63486004
2986    752698315.78992999
2987    754547513.02629006
2988    756400850.68192995
2989    758258337.10975003
2990    760119980.67767000
2991    761985789.76856005
2992    763855772.78032994
2993    765729938.12593997
2994    767608294.23339999
2995    769490849.54582000
2996    771377612.52142000
2997    773268591.63355005
2998    775163795.37073004
2999    777063232.23666000
3000    778966910.75022995
3001    780874839.44560003
3002    782787026.87214994
3003    784703481.59456003
3004    786624212.19279003
3005    788549227.26215005
3006    790478535.41329002
3007    792412145.27223003
3008    794350065.48039997
3009    796292304.69465005
3010    798238871.58726001
3011    800189774.84598994
3012    802145023.17411005
3013    804104625.29038000
3014    806068589.92913997
3015    808036925.84025002
3016    810009641.78919005
3017    811986746.55707002
3018    813968248.94060004
3019    815954157.75217998
3020    817944481.81990004
3021    819939229.98755002
3022    821938411.11466002
3023    823942034.07651997
3024    825950107.76423001
3025    827962641.08466005
3026    829979642.96053004
3027    832001122.33045006
3028    834027088.14886999
3029    836057549.38618004
3030    838092515.02867997
3031    840131994.07863998
3032    842175995.55431998
3033    844224528.48997998
3034    846277601.93590999
3035    848335224.95844996
3036    850397406.64005005
3037    852464156.07923996
3038    854535482.39068997
3039    856611394.70524001
3040    858691902.16988003
3041    860777013.94783998
3042    862866739.21855998
3043    864961087.17776000
3044    867060067.03742003
3045    869163688.02584004
3046    871271959.38765001
3047    873384890.38382995
3048    875502490.29174995
3049    877624768.40518999
3050    879751734.03436995
3051    881883396.50594997
3052    884019765.16308999
3053    886160849.36546004
3054    888306658.48924994
3055    890457201.92723000
3056    892612489.08873999
3057    894772529.39974999
3058    896937332.30286002
3059    899106907.25732005
3060    901281263.73907995
3061    903460411.24081004
3062    905644359.27191997
3063    907833117.35856998
3064    910026695.04373002
3065    912225101.88716996
3066    914428347.46552002
3067    916636441.37228000
3068    918849393.21782994
3069    921067212.62949002
3070    923289909.25151002
3071    925517492.74511003
3072    927749972.78852999
3073    929987359.07703996
3074    932229661.32292998
3075    934476889.25557995
3076    936729052.62150002
3077    938986161.18429995
3078    941248224.72475004
3079    943515253.04082000
3080    945787255.94765997
3081    948064243.27769995
3082    950346224.88058996
3083    952633210.62328994
3084    954925210.39005995
3085    957222234.08253002
3086    959524291.61966002
3087    961831392.93782997
3088    964143547.99084997
3089    966460766.74994004
3090    968783059.20381999
3091    971110435.35872996
3092    973442905.23839998
3093    975780478.88413000
3094    978123166.35481000
3095    980470977.72693002
3096    982823923.09461999
3097    985182012.56966996
3098    987545256.28155005
3099    989913664.37747002
3100    992287247.02234995
3101    994666014.39892006
3102    997049976.70767999
3103    999439144.16694999
3104   1001833527.01293004
3105   1004233135.49968004
3106   1006637979.89916003
3107   1009048070.50127995
3108   1011463417.61390996
3109   1013884031.56289005
3110   1016309922.69209003
3111   1018741101.36343002
3112   1021177577.95687997
3113   1023619362.87053001
3114   1026066466.52058005
3115   1028518899.34139001
3116   1030976671.78550994
3117   1033439794.32367003
3118   1035908277.44485998
3119   1038382131.65634000
3120   1040861367.48363996
3121   1043345995.47062004
3122   1045836026.17947996
3123   1048331470.19081998
3124   1050832338.10361004
3125   1053338640.53526998
3126   1055850388.12168002
3127   1058367591.51718998
3128   1060890261.39468002
3129   1063418408.44558001
3130   1065952043.37987006
3131   1068491176.92613995
3132   1071035819.83160996
3133   1073585982.86215997
3134   1076141676.80233002
3135   1078702912.45541000
3136   1081269700.64338994
3137   1083842052.20707011
3138   1086419978.00600004
3139   1089003488.91861010
3140   1091592595.84212995
3141   1094187309.69271994
3142   1096787641.40541005
3143   1099393601.93421006
3144   1102005202.25206995
3145   1104622453.35095000
3146   1107245366.24182010
3147   1109873951.95473003
3148   1112508221.53878999
3149   1115148186.06223989
3150   1117793856.61244011
3151   1120445244.29594994
3152   1123102360.23850989
3153   1125765215.58506989
3154   1128433821.49988008
3155   1131108189.16644001
3156   1133788329.78758001
3157   1136474254.58546996
3158   1139165974.80166006
3159   1141863501.69708991
3160   1144566846.55214000
3161   1147276020.66665006
3162   1149991035.35995007
3163   1152711901.97088003
3164   1155438631.85786009
3165   1158171236.39883995
3166   1160909726.99142003
3167   1163654115.05281997
3168   1166404412.01992011
3169   1169160629.34929991
3170   1171922778.51729012
3171   1174690871.01992989
3172   1177464918.37308002
3173   1180244932.11241007
3174   1183030923.79342008
3175   1185822904.99149990
3176   1188620887.30193996
3177   1191424882.33996010
3178   1194234901.74075007
3179   1197050957.15947008
3180   1199873060.27134991
3181   1202701222.77163005
3182   1205535456.37565994
3183   1208375772.81890011
3184   1211222183.85694003
3185   1214074701.26554990
3186   1216933336.84071994
3187   1219798102.39865994
3188   1222669009.77586007
3189   1225546070.82907009
3190   1228429297.43541002
3191   1231318701.49232006
3192   1234214294.91766000
3193   1237116089.64967990
3194   1240024097.64708996
3195   1242938330.88907003
3196   1245858801.37531996
3197   1248785521.12607002
3198   1251718502.18213010
3199   1254657756.60489011
3200   1257603296.47639990
3201   1260555133.89935994
3202   1263513280.99714994
3203   1266477749.91389990
3204   1269448552.81446004
3205   1272425701.88451004
3206   1275409209.33049989
3207   1278399087.37976003
3208   1281395348.28049994
3209   1284398004.30182004
3210   1287407067.73376989
3211   1290422550.88737988
3212   1293444466.09468007
3213   1296472825.70870996
3214   1299507642.10363007
3215   1302548927.67463994
3216   1305596694.83810997
3217   1308650956.03154993
3218   1311711723.71366000
3219   1314779010.36437988
3220   1317852828.48488998
3221   1320933190.59766006
3222   1324020109.24649000
3223   1327113596.99651003
3224   1330213666.43423009
3225   1333320330.16760993
3226   1336433600.82599998
3227   1339553491.06028008
3228   1342680013.54278994
3229   1345813180.96744990
3230   1348953006.04974008
3231   1352099501.52673006
3232   1355252680.15714002
3233   1358412554.72135997
3234   1361579138.02148008
3235   1364752442.88130999
3236   1367932482.14644003
3237   1371119268.68425012
3238   1374312815.38395000
3239   1377513135.15661001
3240   1380720240.93520999
3241   1383934145.67462993
3242   1387154862.35173988
3243   1390382403.96535993
3244   1393616783.53637004
3245   1396858014.10769010
3246   1400106108.74434996
3247   1403361080.53345990
3248   1406622942.58433008
3249   1409891708.02841997
3250   1413167390.01943994
3251   1416450001.73333001
3252   1419739556.36833000
3253   1423036067.14498997
3254   1426339547.30621004
3255   1429650010.11729002
3256   1432967468.86592007
3257   1436291936.86227012
3258   1439623427.43898010
3259   1442961953.95120001
3260   1446307529.77661991
3261   1449660168.31556010
3262   1453019882.99091005
3263   1456386687.24821997
3264   1459760594.55573010
3265   1463141618.40440011
3266   1466529772.30791998
3267   1469925069.80277991
3268   1473327524.44829988
3269   1476737149.82661009
3270   1480153959.54275990
3271   1483577967.22469997
3272   1487009186.52332997
3273   1490447631.11255002
3274   1493893314.68926001
3275   1497346250.97341990
3276   1500806453.70809007
3277   1504273936.65943003
3278   1507748713.61675000
3279   1511230798.39258003
3280   1514720204.82262993
3281   1518216946.76588988
3282   1521721038.10466003
3283   1525232492.74450994
3284   1528751324.61442995
3285   1532277547.66674995
3286   1535811175.87724996
3287   1539352223.24518991
3288   1542900703.79328990
3289   1546456631.56783009
3290   1550020020.63861990
3291   1553590885.09910989
3292   1557169239.06636000
3293   1560755096.68109012
3294   1564348472.10774994
3295   1567949379.53449988
3296   1571557833.17330003
3297   1575173847.25988007
3298   1578797436.05383992
3299   1582428613.83866000
3300   1586067394.92170000
3301   1589713793.63429999
3302   1593367824.33175993
3303   1597029501.39340997
3304   1600698839.22262001
3305   1604375852.24686003
3306   1608060554.91770005
3307   1611752961.71088004
3308   1615453087.12633991
3309   1619160945.68823004
3310   1622876551.94497991
3311   1626599920.46930003
3312   1630331065.85823989
3313   1634070002.73322010
3314   1637816745.74007010
3315   1641571309.54905009
3316   1645333708.85489988
3317   1649103958.37686992
3318   1652882072.85876012
3319   1656668067.06893992
3320   1660461955.80042005
3321   1664263753.87083006
3322   1668073476.12251997
3323   1671891137.42255998
3324   1675716752.66278005
3325   1679550336.75977993
3326   1683391904.65505004
3327   1687241471.31488991
3328   1691099051.73055005
3329   1694964660.91819000
3330   1698838313.91897011
3331   1702720025.79906011
3332   1706609811.64966989
3333   1710507686.58710003
3334   1714413665.75278997
3335   1718327764.31330991
3336   1722249997.46044993
3337   1726180380.41122007
3338   1730118928.40791011
3339   1734065656.71811008
3340   1738020580.63474989
3341   1741983715.47614002
3342   1745955076.58599997
3343   1749934679.33351994
3344   1753922539.11334991
3345   1757918671.34571004
3346   1761923091.47634006
3347   1765935814.97660995
3348   1769956857.34349990
3349   1773986234.09968996
3350   1778023960.79356003
3351   1782070052.99923992
3352   1786124526.31662989
3353   1790187396.37149000
3354   1794258678.81539989
3355   1798338389.32587004
3356   1802426543.60630989
3357   1806523157.38614011
3358   1810628246.42076993
3359   1814741826.49165010
3360   1818863913.40633011
3361   1822994522.99848008
3362   1827133671.12790990
3363   1831281373.68067002
3364   1835437646.56900001
3365   1839602505.73144007
3366   1843775967.13283992
3367   1847958046.76437998
3368   1852148760.64365005
3369   1856348124.81465006
3370   1860556155.34786010
3371   1864772868.34022999
3372   1868998279.91529012
3373   1873232406.22310996
3374   1877475263.44039989
3375   1881726867.77049994
3376   1885987235.44348001
3377   1890256382.71609998
3378   1894534325.87191010
3379   1898821081.22127008
3380   1903116665.10138011
3381   1907421093.87631011
3382   1911734383.93707991
3383   1916056551.70164990
3384   1920387613.61500001
3385   1924727586.14912009
3386   1929076485.80310988
3387   1933434329.10316992
3388   1937801132.60264993
3389   1942176912.88211012
3390   1946561686.54931998
3391   1950955470.23936009
3392   1955358280.61456990
3393   1959770134.36470008
3394   1964191048.20683002
3395   1968621038.88550997
3396   1973060123.17275000
3397   1977508317.86806011
3398   1981965639.79849005
3399   1986432105.81869006
3400   1990907732.81094003
3401   1995392537.68516994
3402   1999886537.37901998
3403   2004389748.85787010
3404   2008902189.11490011
3405   2013423875.17108989
3406   2017954824.07530999
3407   2022495052.90430999
3408   2027044578.76278996
3409   2031603418.78344011
3410   2036171590.12696004
3411   2040749109.98212004
3412   2045335995.56579995
3413   2049932264.12300992
3414   2054537932.92694998
3415   2059153019.27903008
3416   2063777540.50895000
3417   2068411513.97467995
3418   2073054957.06257010
3419   2077707887.18731999
3420   2082370321.79207993
3421   2087042278.34844995
3422   2091723774.35654998
3423   2096414827.34502006
3424   2101115454.87110996
3425   2105825674.52069998
3426   2110545503.90831995
3427   2115274960.67721009
3428   2120014062.49938989
3429   2124762827.07562995
3430   2129521272.13556004
3431   2134289415.43765998
3432   2139067274.76935005
3433   2143854867.94698000
3434   2148652212.81590986
3435   2153459327.25052977
3436   2158276229.15431023
3437   2163102936.45982981
3438   2167939467.12886000
3439   2172785839.15233994
3440   2177642070.55045986
3441   2182508179.37271023
3442   2187384183.69787979
3443   2192270101.63416004
3444   2197165951.31912994
3445   2202071750.91981983
3446   2206987518.63275003
3447   2211913272.68399000
3448   2216849031.32917976
3449   2221794812.85356998
3450   2226750635.57207012
3451   2231716517.82929993
3452   2236692477.99962997
3453   2241678534.48719978
3454   2246674705.72598982
3455   2251681010.17985010
3456   2256697466.34252024
3457   2261724092.73773003
3458   2266760907.91918993
3459   2271807930.47064018
3460   2276865179.00592995
3461   2281932672.16899014
3462   2287010428.63396978
3463   2292098467.10517979
3464   2297196806.31722021
3465   2302305465.03495979
3466   2307424462.05361986
3467   2312553816.19880009
3468   2317693546.32651997
3469   2322843671.32326984
3470   2328004210.10602999
3471   2333175181.62236023
3472   2338356604.85038996
3473   2343548498.79892015
3474   2348750882.50739002
3475   2353963775.04598999
3476   2359187195.51567984
3477   2364421163.04822016
3478   2369665696.80622005
3479   2374920815.98321009
3480   2380186539.80362988
3481   2385462887.52293015
3482   2390749878.42756987
3483   2396047531.83510017
3484   2401355867.09418011
3485   2406674903.58459997
3486   2412004660.71740007
3487   2417345157.93484020
3488   2422696414.71046019
3489   2428058450.54917002
3490   2433431284.98721981
3491   2438814937.59229994
3492   2444209427.96357012
3493   2449614775.73169994
3494   2455031000.55889988
3495   2460458122.13899994
3496   2465896160.19746017
3497   2471345134.49142981
3498   2476805064.80978012
3499   2482275970.97318983
3500   2487757872.83411980
