   1            0.55942000
   2            2.86840000
   3            5.08427000
   4            7.57814000
   5           10.35568000
   6           13.39853000
   7           16.68808000
   8           20.20820000
   9           23.94524000
  10           27.88757000
  11           32.02515000
  12           36.34927000
  13           40.85229000
  14           45.52737000
  15           50.36845000
  16           55.37002000
  17           60.52710000
  18           65.83516000
  19           71.29002000
  20           76.88782000
  21           82.62501000
  22           88.49828000
  23           94.50457000
  24          100.64098000
  25          106.90482000
  26          113.29353000
  27          119.80472000
  28          126.43615000
  29          133.18564000
  30          140.05121000
  31          147.03087000
  32          154.12283000
  33          161.32535000
  34          168.63672000
  35          176.05534000
  36          183.57971000
  37          191.20836000
  38          198.93988000
  39          206.77289000
  40          214.70615000
  41          222.73833000
  42          230.86829000
  43          239.09489000
  44          247.41690000
  45          255.83336000
  46          264.34311000
  47          272.94525000
  48          281.63870000
  49          290.42261000
  50          299.29596000
  51          308.25787000
  52          317.30756000
  53          326.44412000
  54          335.66669000
  55          344.97455000
  56          354.36694000
  57          363.84305000
  58          373.40210000
  59          383.04355000
  60          392.76651000
  61          402.57043000
  62          412.45456000
  63          422.41833000
  64          432.46106000
  65          442.58209000
  66          452.78098000
  67          463.05698000
  68          473.40955000
  69          483.83817000
  70          494.34232000
  71          504.92136000
  72          515.57483000
  73          526.30219000
  74          537.10297000
  75          547.97656000
  76          558.92261000
  77          569.94055000
  78          581.03003000
  79          592.19049000
  80          603.42157000
  81          614.72272000
  82          626.09351000
  83          637.53363000
  84          649.04260000
  85          660.61993000
  86          672.26538000
  87          683.97845000
  88          695.75873000
  89          707.60590000
  90          719.51965000
  91          731.49939000
  92          743.54498000
  93          755.65594000
  94          767.83197000
  95          780.07263000
  96          792.37775000
  97          804.74683000
  98          817.17981000
  99          829.67603000
 100          842.23523000
 101          854.85730000
 102          867.54169000
 103          880.28827000
 104          893.09662000
 105          905.96667000
 106          918.89777000
 107          931.88989000
 108          944.94269000
 109          958.05579000
 110          971.22906000
 111          984.46204000
 112          997.75488000
 113         1011.10687000
 114         1024.51770000
 115         1037.98755000
 116         1051.51587000
 117         1065.10229000
 118         1078.74695000
 119         1092.44934000
 120         1106.20923000
 121         1120.02637000
 122         1133.90063000
 123         1147.83154000
 124         1161.81934000
 125         1175.86328000
 126         1189.96362000
 127         1204.11951000
 128         1218.33130000
 129         1232.59851000
 130         1246.93349000
 131         1261.31107000
 132         1275.74384000
 133         1290.23092000
 134         1304.77245000
 135         1319.36829000
 136         1334.01810000
 137         1348.72174000
 138         1363.47908000
 139         1378.29003000
 140         1393.15382000
 141         1408.07084000
 142         1423.05495000
 143         1438.07759000
 144         1453.15284000
 145         1468.28058000
 146         1483.46021000
 147         1498.69184000
 148         1513.97510000
 149         1529.32554000
 150         1544.71199000
 151         1560.14983000
 152         1575.63894000
 153         1591.17883000
 154         1606.78546000
 155         1622.42671000
 156         1638.11850000
 157         1653.87712000
 158         1669.66942000
 159         1685.51176000
 160         1701.42093000
 161         1717.36268000
 162         1733.35399000
 163         1749.41200000
 164         1765.50212000
 165         1781.64107000
 166         1797.84719000
 167         1814.08396000
 168         1830.38762000
 169         1846.72161000
 170         1863.12257000
 171         1879.57196000
 172         1896.05095000
 173         1912.59679000
 174         1929.17117000
 175         1945.81286000
 176         1962.50237000
 177         1979.23947000
 178         1996.00419000
 179         2012.83616000
 180         2029.71535000
 181         2046.64165000
 182         2063.61515000
 183         2080.63528000
 184         2097.70239000
 185         2114.81599000
 186         2131.97632000
 187         2149.18267000
 188         2166.43551000
 189         2183.73461000
 190         2201.07948000
 191         2218.47037000
 192         2235.92961000
 193         2253.41196000
 194         2270.94009000
 195         2288.53638000
 196         2306.15599000
 197         2323.84363000
 198         2341.55302000
 199         2359.33129000
 200         2377.15473000
 201         2394.99914000
 202         2412.91247000
 203         2430.87073000
 204         2448.87416000
 205         2466.92204000
 206         2485.01436000
 207         2503.15137000
 208         2521.33258000
 209         2539.55850000
 210         2557.82836000
 211         2576.16795000
 212         2594.52620000
 213         2612.92792000
 214         2631.40017000
 215         2649.91603000
 216         2668.44958000
 217         2687.05347000
 218         2705.70099000
 219         2724.39214000
 220         2743.09951000
 221         2761.87774000
 222         2780.69913000
 223         2799.59236000
 224         2818.50025000
 225         2837.45180000
 226         2856.47479000
 227         2875.51237000
 228         2894.59288000
 229         2913.74494000
 230         2932.94057000
 231         2952.17878000
 232         2971.43041000
 233         2990.75436000
 234         3010.12091000
 235         3029.56059000
 236         3049.01306000
 237         3068.50765000
 238         3088.07522000
 239         3107.65455000
 240         3127.30748000
 241         3146.97153000
 242         3166.70912000
 243         3186.48950000
 244         3206.31195000
 245         3226.17672000
 246         3246.08333000
 247         3266.06511000
 248         3286.05635000
 249         3306.08944000
 250         3326.19783000
 251         3346.34850000
 252         3366.50735000
 253         3386.74186000
 254         3407.01794000
 255         3427.37075000
 256         3447.73064000
 257         3468.13285000
 258         3488.61119000
 259         3509.09701000
 260         3529.65914000
 261         3550.26352000
 262         3570.90919000
 263         3591.59786000
 264         3612.32710000
 265         3633.09863000
 266         3653.91122000
 267         3674.80201000
 268         3695.73479000
 269         3716.67228000
 270         3737.68812000
 271         3758.74599000
 272         3779.84514000
 273         3801.02394000
 274         3822.20640000
 275         3843.43017000
 276         3864.73401000
 277         3886.08033000
 278         3907.46719000
 279         3928.89584000
 280         3950.36651000
 281         3971.87822000
 282         3993.47127000
 283         4015.06609000
 284         4036.74243000
 285         4058.46029000
 286         4080.21992000
 287         4102.02111000
 288         4123.86434000
 289         4145.74816000
 290         4167.71600000
 291         4189.68272000
 292         4211.73340000
 293         4233.82516000
 294         4255.95897000
 295         4278.13436000
 296         4300.39408000
 297         4322.65287000
 298         4344.99597000
 299         4367.38062000
 300         4389.80736000
 301         4412.27570000
 302         4434.78662000
 303         4457.33817000
 304         4479.97684000
 305         4502.65661000
 306         4525.33305000
 307         4548.09681000
 308         4570.94758000
 309         4593.79436000
 310         4616.68378000
 311         4639.66091000
 312         4662.67969000
 313         4685.69414000
 314         4708.79701000
 315         4731.98850000
 316         4755.17547000
 317         4778.45252000
 318         4801.72317000
 319         4825.08388000
 320         4848.48680000
 321         4871.93146000
 322         4895.41835000
 323         4918.99623000
 324         4942.56839000
 325         4966.23053000
 326         4989.93592000
 327         5013.68360000
 328         5037.47357000
 329         5061.35596000
 330         5085.23082000
 331         5109.19906000
 332         5133.20914000
 333         5157.26256000
 334         5181.35736000
 335         5205.54699000
 336         5229.72829000
 337         5254.00342000
 338         5278.32196000
 339         5302.68293000
 340         5327.08731000
 341         5351.53416000
 342         5376.07656000
 343         5400.66293000
 344         5425.29277000
 345         5449.96461000
 346         5474.67998000
 347         5499.43936000
 348         5524.29580000
 349         5549.14057000
 350         5574.08340000
 351         5599.06980000
 352         5624.15573000
 353         5649.22961000
 354         5674.34664000
 355         5699.56298000
 356         5724.82298000
 357         5750.12716000
 358         5775.47505000
 359         5800.92376000
 360         5826.35937000
 361         5851.89581000
 362         5877.47703000
 363         5903.10254000
 364         5928.77087000
 365         5954.54255000
 366         5980.29981000
 367         6006.16046000
 368         6032.06499000
 369         6058.01542000
 370         6084.00880000
 371         6110.10708000
 372         6136.24985000
 373         6162.37713000
 374         6188.60964000
 375         6214.88619000
 376         6241.26946000
 377         6267.63638000
 378         6294.10957000
 379         6320.62888000
 380         6347.19183000
 381         6373.80095000
 382         6400.45525000
 383         6427.21666000
 384         6454.02481000
 385         6480.87821000
 386         6507.77638000
 387         6534.72137000
 388         6561.71069000
 389         6588.81024000
 390         6615.95616000
 391         6643.14899000
 392         6670.38625000
 393         6697.67045000
 394         6724.99965000
 395         6752.44121000
 396         6779.92931000
 397         6807.46346000
 398         6835.04370000
 399         6862.67055000
 400         6890.41016000
 401         6918.13056000
 402         6945.96378000
 403         6973.84421000
 404         7001.84003000
 405         7029.81425000
 406         7057.90389000
 407         7085.97199000
 408         7114.15660000
 409         7142.38709000
 410         7170.73565000
 411         7199.06176000
 412         7227.50501000
 413         7255.92587000
 414         7284.46391000
 415         7313.05003000
 416         7341.75494000
 417         7370.43705000
 418         7399.23850000
 419         7428.08816000
 420         7456.98556000
 421         7485.93120000
 422         7514.92513000
 423         7544.03986000
 424         7573.20295000
 425         7602.34193000
 426         7631.60208000
 427         7660.98520000
 428         7690.34354000
 429         7719.82393000
 430         7749.27959000
 431         7778.85837000
 432         7808.48729000
 433         7838.23995000
 434         7867.96645000
 435         7897.81879000
 436         7927.71989000
 437         7957.67129000
 438         7987.67203000
 439         8017.72264000
 440         8047.89955000
 441         8078.04922000
 442         8108.32631000
 443         8138.65391000
 444         8169.03106000
 445         8199.53907000
 446         8230.01616000
 447         8260.62420000
 448         8291.28244000
 449         8321.99091000
 450         8352.75066000
 451         8383.56019000
 452         8414.50119000
 453         8445.49358000
 454         8476.53640000
 455         8507.63171000
 456         8538.77699000
 457         8569.97433000
 458         8601.30496000
 459         8632.68621000
 460         8664.12014000
 461         8695.60578000
 462         8727.14317000
 463         8758.73129000
 464         8790.45610000
 465         8822.23329000
 466         8854.06187000
 467         8885.94291000
 468         8917.87644000
 469         8949.94769000
 470         8981.98451000
 471         9014.16072000
 472         9046.39111000
 473         9078.67369000
 474         9111.09403000
 475         9143.48240000
 476         9176.00913000
 477         9208.59080000
 478         9241.22537000
 479         9273.91290000
 480         9306.65442000
 481         9339.53644000
 482         9372.38536000
 483         9405.37639000
 484         9438.42112000
 485         9471.51957000
 486         9504.76164000
 487         9537.96789000
 488         9571.32048000
 489         9604.72541000
 490         9638.18583000
 491         9671.70075000
 492         9705.27019000
 493         9738.98603000
 494         9772.66493000
 495         9806.49086000
 496         9840.37201000
 497         9874.30846000
 498         9908.39344000
 499         9942.43980000
 500         9976.63637000
 501        10010.79383000
 502        10045.10112000
 503        10079.55909000
 504        10113.97780000
 505        10148.45160000
 506        10183.07812000
 507        10217.76038000
 508        10252.49843000
 509        10287.29336000
 510        10322.14624000
 511        10357.14983000
 512        10392.11485000
 513        10427.23332000
 514        10462.40942000
 515        10497.64216000
 516        10532.93158000
 517        10568.37631000
 518        10603.78052000
 519        10639.34070000
 520        10674.95829000
 521        10710.63436000
 522        10746.36688000
 523        10782.25830000
 524        10818.10725000
 525        10854.11470000
 526        10890.18248000
 527        10926.30642000
 528        10962.48867000
 529        10998.72928000
 530        11035.13166000
 531        11071.59200000
 532        11108.11139000
 533        11144.58666000
 534        11181.32749000
 535        11218.02323000
 536        11254.77924000
 537        11291.69782000
 538        11328.67735000
 539        11365.71469000
 540        11402.81200000
 541        11439.97038000
 542        11477.29252000
 543        11514.57029000
 544        11552.01249000
 545        11589.51651000
 546        11627.08136000
 547        11664.70599000
 548        11702.38939000
 549        11740.24269000
 550        11778.04937000
 551        11816.02343000
 552        11854.05915000
 553        11892.15764000
 554        11930.42511000
 555        11968.64318000
 556        12007.03516000
 557        12045.37615000
 558        12083.88962000
 559        12122.46566000
 560        12161.21330000
 561        12199.91168000
 562        12238.67275000
 563        12277.60859000
 564        12316.60460000
 565        12355.66510000
 566        12394.78693000
 567        12433.97012000
 568        12473.33149000
 569        12512.64106000
 570        12552.12843000
 571        12591.67793000
 572        12631.29070000
 573        12670.96678000
 574        12710.82156000
 575        12750.62361000
 576        12790.60612000
 577        12830.53541000
 578        12870.64585000
 579        12910.93625000
 580        12951.17433000
 581        12991.47669000
 582        13031.96003000
 583        13072.38922000
 584        13113.00226000
 585        13153.67819000
 586        13194.42032000
 587        13235.34690000
 588        13276.21753000
 589        13317.27328000
 590        13358.27477000
 591        13399.46209000
 592        13440.71432000
 593        13482.15153000
 594        13523.53405000
 595        13564.98269000
 596        13606.61954000
 597        13648.32109000
 598        13690.08950000
 599        13731.92597000
 600        13773.82615000
 601        13815.79336000
 602        13857.95045000
 603        13900.05001000
 604        13942.34123000
 605        13984.69812000
 606        14027.12400000
 607        14069.74215000
 608        14112.29988000
 609        14154.92676000
 610        14197.74696000
 611        14240.63373000
 612        14283.58931000
 613        14326.61044000
 614        14369.70157000
 615        14412.98846000
 616        14456.21455000
 617        14499.63601000
 618        14543.12830000
 619        14586.68815000
 620        14630.31672000
 621        14674.01405000
 622        14717.77909000
 623        14761.74340000
 624        14805.77725000
 625        14849.74964000
 626        14893.92239000
 627        14938.29650000
 628        14982.60788000
 629        15026.98794000
 630        15071.57044000
 631        15116.09164000
 632        15160.81379000
 633        15205.60656000
 634        15250.47220000
 635        15295.53830000
 636        15340.54352000
 637        15385.61732000
 638        15430.89713000
 639        15476.24737000
 640        15521.66920000
 641        15567.16045000
 642        15612.72451000
 643        15658.49705000
 644        15704.20274000
 645        15750.11653000
 646        15795.96516000
 647        15842.02376000
 648        15888.15386000
 649        15934.49420000
 650        15980.76781000
 651        16027.11422000
 652        16073.66972000
 653        16120.29988000
 654        16167.00361000
 655        16213.77874000
 656        16260.62643000
 657        16307.54787000
 658        16354.68238000
 659        16401.74837000
 660        16449.02933000
 661        16496.38828000
 662        16543.81622000
 663        16591.31772000
 664        16638.89510000
 665        16686.68770000
 666        16734.41052000
 667        16782.35385000
 668        16830.36824000
 669        16878.46057000
 670        16926.62405000
 671        16974.86444000
 672        17023.17723000
 673        17071.71344000
 674        17120.17721000
 675        17168.86060000
 676        17217.62180000
 677        17266.45746000
 678        17315.36648000
 679        17364.35347000
 680        17413.56378000
 681        17462.70151000
 682        17512.06446000
 683        17561.50053000
 684        17611.01551000
 685        17660.60716000
 686        17710.27323000
 687        17760.16822000
 688        17809.98938000
 689        17860.03792000
 690        17910.16176000
 691        17960.21207000
 692        18010.49208000
 693        18061.00053000
 694        18111.43411000
 695        18161.94441000
 696        18212.68544000
 697        18263.50512000
 698        18314.24883000
 699        18365.22326000
 700        18416.43181000
 701        18467.56538000
 702        18518.77438000
 703        18570.21748000
 704        18621.58476000
 705        18673.18577000
 706        18724.86773000
 707        18776.62603000
 708        18828.46538000
 709        18880.38120000
 710        18932.53682000
 711        18984.61187000
 712        19036.92749000
 713        19089.32164000
 714        19141.79432000
 715        19194.35029000
 716        19246.98493000
 717        19299.69595000
 718        19352.65176000
 719        19405.52656000
 720        19458.64224000
 721        19511.83752000
 722        19565.11482000
 723        19618.47417000
 724        19671.91331000
 725        19725.43343000
 726        19779.19981000
 727        19832.88126000
 728        19886.80858000
 729        19940.82014000
 730        19994.91130000
 731        20049.08447000
 732        20103.33735000
 733        20157.84110000
 734        20212.26095000
 735        20266.92776000
 736        20321.67990000
 737        20376.51268000
 738        20431.43092000
 739        20486.42755000
 740        20541.51210000
 741        20596.67277000
 742        20652.09098000
 743        20707.59323000
 744        20763.00702000
 745        20818.67241000
 746        20874.42677000
 747        20930.42944000
 748        20986.35035000
 749        21042.35325000
 750        21098.61281000
 751        21154.78258000
 752        21211.20982000
 753        21267.72234000
 754        21324.32022000
 755        21381.00590000
 756        21437.94174000
 757        21494.79876000
 758        21551.90672000
 759        21608.93049000
 760        21666.21080000
 761        21723.57998000
 762        21781.03324000
 763        21838.57546000
 764        21896.37412000
 765        21954.08757000
 766        22012.06066000
 767        22069.94796000
 768        22128.09088000
 769        22186.32623000
 770        22244.64682000
 771        22303.05754000
 772        22361.73105000
 773        22420.31286000
 774        22478.98011000
 775        22537.91623000
 776        22596.93861000
 777        22656.05217000
 778        22715.24968000
 779        22774.53850000
 780        22833.91137000
 781        22893.55869000
 782        22953.11239000
 783        23012.93158000
 784        23072.84553000
 785        23132.84452000
 786        23192.93593000
 787        23253.11004000
 788        23313.37916000
 789        23373.91692000
 790        23434.36186000
 791        23495.07870000
 792        23555.70462000
 793        23616.60079000
 794        23677.59059000
 795        23738.85465000
 796        23800.02731000
 797        23861.28143000
 798        23922.82092000
 799        23984.25827000
 800        24045.97686000
 801        24107.78279000
 802        24169.68601000
 803        24231.67421000
 804        24293.75985000
 805        24356.11960000
 806        24418.38325000
 807        24480.92929000
 808        24543.37618000
 809        24606.10877000
 810        24668.92742000
 811        24731.84468000
 812        24795.04212000
 813        24858.14212000
 814        24921.33091000
 815        24984.80863000
 816        25048.37597000
 817        25111.84468000
 818        25175.59858000
 819        25239.44979000
 820        25303.58270000
 821        25367.61904000
 822        25431.74534000
 823        25496.16464000
 824        25560.47642000
 825        25625.08709000
 826        25689.78363000
 827        25754.57870000
 828        25819.46479000
 829        25884.64715000
 830        25949.72342000
 831        26014.89593000
 832        26080.36092000
 833        26145.92048000
 834        26211.57467000
 835        26277.32862000
 836        26343.17479000
 837        26409.11576000
 838        26475.15415000
 839        26541.48615000
 840        26607.71483000
 841        26674.24049000
 842        26740.86456000
 843        26807.58196000
 844        26874.40043000
 845        26941.30981000
 846        27008.31782000
 847        27075.62610000
 848        27142.82937000
 849        27210.33120000
 850        27277.93522000
 851        27345.63378000
 852        27413.43208000
 853        27481.32248000
 854        27549.31532000
 855        27617.40036000
 856        27685.79796000
 857        27754.08084000
 858        27822.67455000
 859        27891.36145000
 860        27960.15190000
 861        28029.03306000
 862        28098.02308000
 863        28167.10910000
 864        28236.50152000
 865        28305.78524000
 866        28375.37624000
 867        28445.06938000
 868        28514.86215000
 869        28584.75461000
 870        28654.74162000
 871        28724.83624000
 872        28795.02292000
 873        28865.53363000
 874        28936.13464000
 875        29006.62726000
 876        29077.43479000
 877        29148.34062000
 878        29219.35005000
 879        29290.46053000
 880        29361.88837000
 881        29433.19889000
 882        29504.83026000
 883        29576.34368000
 884        29648.17621000
 885        29720.11614000
 886        29792.15044000
 887        29864.29227000
 888        29936.53120000
 889        30009.10007000
 890        30081.54954000
 891        30154.31400000
 892        30226.96901000
 893        30299.94249000
 894        30373.02211000
 895        30446.20261000
 896        30519.48938000
 897        30593.09711000
 898        30666.59166000
 899        30740.41070000
 900        30814.11063000
 901        30888.13326000
 902        30962.26861000
 903        31036.50078000
 904        31110.84313000
 905        31185.28242000
 906        31260.06067000
 907        31334.71306000
 908        31409.70264000
 909        31484.56034000
 910        31559.75881000
 911        31635.05531000
 912        31710.46329000
 913        31785.97479000
 914        31861.59256000
 915        31937.54601000
 916        32013.37686000
 917        32089.54430000
 918        32165.81632000
 919        32242.19836000
 920        32318.67973000
 921        32395.27396000
 922        32471.97032000
 923        32548.77698000
 924        32625.92138000
 925        32702.94111000
 926        32780.29946000
 927        32857.53521000
 928        32935.10777000
 929        33012.79178000
 930        33090.58188000
 931        33168.71904000
 932        33246.72190000
 933        33325.07816000
 934        33403.30221000
 935        33481.87509000
 936        33560.54977000
 937        33639.33994000
 938        33718.23202000
 939        33797.23971000
 940        33876.34942000
 941        33955.57764000
 942        34035.14768000
 943        34114.59160000
 944        34194.38643000
 945        34274.28985000
 946        34354.30467000
 947        34434.42267000
 948        34514.65772000
 949        34595.24670000
 950        34675.70263000
 951        34756.50787000
 952        34837.18215000
 953        34918.21494000
 954        34999.35768000
 955        35080.60762000
 956        35161.97870000
 957        35243.45159000
 958        35325.04297000
 959        35406.98527000
 960        35488.79760000
 961        35570.97008000
 962        35653.25377000
 963        35735.64596000
 964        35818.16065000
 965        35900.77559000
 966        35983.51316000
 967        36066.60880000
 968        36149.57269000
 969        36232.89276000
 970        36316.08046000
 971        36399.63362000
 972        36483.29664000
 973        36567.07516000
 974        36650.96646000
 975        36735.22863000
 976        36819.34605000
 977        36903.83809000
 978        36988.18471000
 979        37072.90124000
 980        37157.73453000
 981        37242.68183000
 982        37327.74603000
 983        37412.92722000
 984        37498.21410000
 985        37583.88577000
 986        37669.40449000
 987        37755.30608000
 988        37841.32010000
 989        37927.18867000
 990        38013.43300000
 991        38100.06002000
 992        38186.53286000
 993        38273.13268000
 994        38360.10519000
 995        38446.93106000
 996        38534.13625000
 997        38621.46665000
 998        38708.64657000
 999        38796.19860000
1000        38884.14405000
1001        38971.93594000
1002        39059.85340000
1003        39148.13986000
1004        39236.29186000
1005        39324.82241000
1006        39413.47384000
1007        39502.24049000
1008        39591.12819000
1009        39680.13122000
1010        39769.25833000
1011        39858.50090000
1012        39948.13468000
1013        40037.61457000
1014        40127.48373000
1015        40217.47230000
1016        40307.58617000
1017        40397.81379000
1018        40488.16684000
1019        40578.63377000
1020        40669.49939000
1021        40760.20630000
1022        40851.31576000
1023        40942.53723000
1024        41033.88245000
1025        41125.07636000
1026        41216.93856000
1027        41308.64959000
1028        41400.47878000
1029        41492.43207000
1030        41584.78081000
1031        41677.25457000
1032        41769.56962000
1033        41862.28739000
1034        41955.12454000
1035        42048.08994000
1036        42141.16894000
1037        42234.65926000
1038        42327.98965000
1039        42421.72346000
1040        42515.29666000
1041        42609.27719000
1042        42703.37841000
1043        42797.60632000
1044        42891.95505000
1045        42986.43061000
1046        43081.30780000
1047        43176.03169000
1048        43271.15814000
1049        43366.13659000
1050        43461.51259000
1051        43557.01664000
1052        43652.64883000
1053        43748.40027000
1054        43844.27999000
1055        43940.57235000
1056        44036.70623000
1057        44133.24476000
1058        44229.91563000
1059        44326.41803000
1060        44423.34747000
1061        44520.38847000
1062        44617.56514000
1063        44715.15008000
1064        44812.58067000
1065        44910.42650000
1066        45008.10526000
1067        45106.20021000
1068        45204.42907000
1069        45302.78287000
1070        45401.26469000
1071        45499.87158000
1072        45598.61268000
1073        45697.47293000
1074        45796.76261000
1075        45896.17846000
1076        45995.42766000
1077        46095.09561000
1078        46194.90512000
1079        46294.83497000
1080        46394.89132000
1081        46495.38134000
1082        46595.69433000
1083        46696.14318000
1084        46797.01799000
1085        46898.02351000
1086        46999.15369000
1087        47100.42698000
1088        47201.81588000
1089        47303.34801000
1090        47404.99895000
1091        47507.09541000
1092        47609.00602000
1093        47711.35698000
1094        47813.84013000
1095        47916.14865000
1096        48018.89285000
1097        48121.76944000
1098        48225.08348000
1099        48328.22237000
1100        48431.49385000
1101        48535.20425000
1102        48639.04514000
1103        48742.71256000
1104        48846.82038000
1105        48951.05886000
1106        49055.43742000
1107        49160.24624000
1108        49264.89001000
1109        49369.65542000
1110        49474.87432000
1111        49580.21890000
1112        49685.39709000
1113        49791.01156000
1114        49896.76127000
1115        50002.64631000
1116        50108.97928000
1117        50215.13247000
1118        50321.41804000
1119        50428.15619000
1120        50535.03084000
1121        50642.03266000
1122        50748.86551000
1123        50856.14345000
1124        50963.87097000
1125        51071.41986000
1126        51179.10254000
1127        51287.23943000
1128        51395.20295000
1129        51503.60588000
1130        51612.15951000
1131        51720.84181000
1132        51829.66233000
1133        51938.62430000
1134        52047.71831000
1135        52157.26814000
1136        52266.63633000
1137        52376.47086000
1138        52486.11353000
1139        52596.21717000
1140        52706.45727000
1141        52816.84027000
1142        52927.35667000
1143        53038.33689000
1144        53149.13031000
1145        53260.39494000
1146        53371.46567000
1147        53483.00218000
1148        53594.67657000
1149        53706.49530000
1150        53818.45204000
1151        53930.54364000
1152        54042.77661000
1153        54155.48242000
1154        54267.99553000
1155        54380.98573000
1156        54494.10553000
1157        54607.04443000
1158        54720.44902000
1159        54833.99634000
1160        54948.01766000
1161        55061.85107000
1162        55175.81446000
1163        55290.25984000
1164        55404.84916000
1165        55519.24266000
1166        55634.11967000
1167        55749.12784000
1168        55864.28676000
1169        55979.91853000
1170        56095.35353000
1171        56210.93297000
1172        56326.99984000
1173        56443.19910000
1174        56559.21976000
1175        56675.70973000
1176        56792.34539000
1177        56909.12024000
1178        57026.38645000
1179        57143.45346000
1180        57260.66646000
1181        57378.35916000
1182        57496.20547000
1183        57613.84453000
1184        57731.97140000
1185        57850.24549000
1186        57969.00927000
1187        58087.57843000
1188        58206.28843000
1189        58325.48963000
1190        58444.48851000
1191        58563.98625000
1192        58683.61933000
1193        58803.40771000
1194        58923.33820000
1195        59043.41751000
1196        59163.63905000
1197        59284.37009000
1198        59404.88342000
1199        59525.90059000
1200        59646.70597000
1201        59768.01624000
1202        59889.47000000
1203        60011.08078000
1204        60132.82852000
1205        60255.07734000
1206        60377.12646000
1207        60499.67770000
1208        60622.01506000
1209        60744.86228000
1210        60867.85446000
1211        60990.99840000
1212        61114.30093000
1213        61237.74187000
1214        61361.33481000
1215        61485.42807000
1216        61609.32564000
1217        61733.71781000
1218        61858.26991000
1219        61982.96169000
1220        62107.82036000
1221        62232.81204000
1222        62357.97078000
1223        62483.26266000
1224        62609.07395000
1225        62734.67357000
1226        62860.80047000
1227        62987.06162000
1228        63113.48441000
1229        63240.04839000
1230        63366.77417000
1231        63493.64129000
1232        63620.67722000
1233        63748.21756000
1234        63875.91404000
1235        64003.39604000
1236        64131.39772000
1237        64259.55576000
1238        64387.86338000
1239        64516.32062000
1240        64644.94135000
1241        64774.08525000
1242        64903.00605000
1243        65032.45104000
1244        65162.04690000
1245        65291.43930000
1246        65421.34359000
1247        65551.41284000
1248        65681.99589000
1249        65812.37492000
1250        65942.89829000
1251        66073.95787000
1252        66204.79841000
1253        66336.16925000
1254        66467.68558000
1255        66599.36842000
1256        66731.21085000
1257        66863.19900000
1258        66995.72092000
1259        67128.03608000
1260        67260.86508000
1261        67393.48657000
1262        67526.64395000
1263        67659.95535000
1264        67793.42085000
1265        67927.05455000
1266        68060.83544000
1267        68195.15574000
1268        68329.25984000
1269        68463.89735000
1270        68598.31085000
1271        68733.27292000
1272        68868.38349000
1273        69003.64967000
1274        69139.09279000
1275        69275.05917000
1276        69410.82147000
1277        69546.72547000
1278        69683.18269000
1279        69819.79683000
1280        69956.57516000
1281        70093.12622000
1282        70230.61029000
1283        70367.86011000
1284        70505.28868000
1285        70642.86035000
1286        70780.99754000
1287        70919.27885000
1288        71057.35268000
1289        71195.95780000
1290        71334.72874000
1291        71473.66559000
1292        71612.76844000
1293        71752.41991000
1294        71891.84104000
1295        72031.82624000
1296        72171.57314000
1297        72311.88520000
1298        72452.34297000
1299        72592.98263000
1300        72733.76813000
1301        72874.73568000
1302        73016.24306000
1303        73157.53203000
1304        73299.36909000
1305        73440.99429000
1306        73583.16136000
1307        73725.50467000
1308        73868.00249000
1309        74010.68401000
1310        74153.90309000
1311        74296.90903000
1312        74440.06976000
1313        74583.80609000
1314        74727.69093000
1315        74871.76824000
1316        75015.98689000
1317        75160.39088000
1318        75304.94365000
1319        75449.68194000
1320        75594.97849000
1321        75740.03714000
1322        75885.67716000
1323        76031.46719000
1324        76177.04024000
1325        76323.16682000
1326        76469.88526000
1327        76616.35702000
1328        76762.99386000
1329        76910.20941000
1330        77057.18451000
1331        77204.73939000
1332        77352.46800000
1333        77500.35557000
1334        77648.42443000
1335        77796.64498000
1336        77945.05442000
1337        78093.62311000
1338        78242.76884000
1339        78391.67903000
1340        78541.17477000
1341        78690.83093000
1342        78840.67002000
1343        78990.66221000
1344        79140.84494000
1345        79291.18840000
1346        79442.12157000
1347        79592.80961000
1348        79744.08843000
1349        79895.53671000
1350        80047.15446000
1351        80198.94931000
1352        80350.90628000
1353        80503.04804000
1354        80655.35959000
1355        80808.25913000
1356        80960.91096000
1357        81114.16698000
1358        81267.57889000
1359        81421.17704000
1360        81574.94635000
1361        81728.89450000
1362        81883.00639000
1363        82037.72670000
1364        82192.18953000
1365        82347.24667000
1366        82502.06073000
1367        82657.47782000
1368        82813.06761000
1369        82968.83017000
1370        83125.19070000
1371        83281.31479000
1372        83437.60429000
1373        83594.49333000
1374        83751.13720000
1375        83908.38936000
1376        84065.81580000
1377        84223.40887000
1378        84381.19172000
1379        84539.57062000
1380        84697.71067000
1381        84856.00222000
1382        85014.92998000
1383        85174.02576000
1384        85332.87345000
1385        85492.31269000
1386        85651.94333000
1387        85812.18300000
1388        85972.17399000
1389        86132.34114000
1390        86293.11896000
1391        86453.63916000
1392        86614.77891000
1393        86776.09604000
1394        86937.59848000
1395        87099.26291000
1396        87261.12835000
1397        87423.60143000
1398        87585.83069000
1399        87748.66089000
1400        87911.24648000
1401        88074.43404000
1402        88237.82415000
1403        88401.39339000
1404        88565.13400000
1405        88729.50321000
1406        88893.61078000
1407        89057.88994000
1408        89222.80721000
1409        89387.90504000
1410        89553.18346000
1411        89718.65048000
1412        89884.29825000
1413        90050.12690000
1414        90216.13646000
1415        90382.77320000
1416        90549.14530000
1417        90716.16154000
1418        90883.35202000
1419        91050.74064000
1420        91218.29573000
1421        91386.04912000
1422        91553.97705000
1423        91722.09551000
1424        91890.83912000
1425        92059.78231000
1426        92228.44990000
1427        92397.76023000
1428        92567.25446000
1429        92736.94070000
1430        92906.81100000
1431        93077.31121000
1432        93247.55838000
1433        93418.43654000
1434        93589.05288000
1435        93760.30131000
1436        93931.74327000
1437        94103.36273000
1438        94275.19200000
1439        94447.19088000
1440        94619.84976000
1441        94792.22079000
1442        94965.25295000
1443        95138.47209000
1444        95311.41835000
1445        95485.01126000
1446        95658.79948000
1447        95833.22834000
1448        96007.39987000
1449        96181.74261000
1450        96356.75201000
1451        96531.94185000
1452        96706.87284000
1453        96882.43960000
1454        97058.21148000
1455        97234.16409000
1456        97410.77957000
1457        97587.11887000
1458        97764.11399000
1459        97940.84031000
1460        98118.21538000
1461        98295.78898000
1462        98473.54476000
1463        98651.50748000
1464        98829.65255000
1465        99007.99650000
1466        99186.99346000
1467        99365.72767000
1468        99545.10779000
1469        99724.69632000
1470        99904.46861000
1471       100084.44125000
1472       100264.60608000
1473       100444.96314000
1474       100625.98691000
1475       100806.72920000
1476       100988.15592000
1477       101169.29207000
1478       101351.08886000
1479       101533.08764000
1480       101715.29687000
1481       101898.16939000
1482       102080.75026000
1483       102263.55014000
1484       102446.99832000
1485       102630.65000000
1486       102814.01672000
1487       102998.07515000
1488       103182.31226000
1489       103367.23484000
1490       103551.86344000
1491       103736.71283000
1492       103922.22426000
1493       104107.44885000
1494       104293.37019000
1495       104479.48850000
1496       104665.79538000
1497       104852.29091000
1498       105038.99202000
1499       105226.39378000
1500       105413.48996000
1501       105601.27947000
1502       105789.25898000
1503       105976.98250000
1504       106165.36715000
1505       106353.95055000
1506       106543.22259000
1507       106732.22111000
1508       106921.41008000
1509       107111.28093000
1510       107301.37743000
1511       107491.17324000
1512       107681.65266000
1513       107872.33239000
1514       108063.22961000
1515       108254.80456000
1516       108446.08627000
1517       108638.07245000
1518       108829.79031000
1519       109022.17954000
1520       109214.77066000
1521       109407.56375000
1522       109600.57607000
1523       109793.77334000
1524       109987.19001000
1525       110181.29958000
1526       110375.62113000
1527       110569.63734000
1528       110764.35672000
1529       110959.27971000
1530       111154.43236000
1531       111349.77148000
1532       111545.80840000
1533       111741.54711000
1534       111937.51587000
1535       112134.18417000
1536       112331.04027000
1537       112528.12770000
1538       112725.40305000
1539       112922.88382000
1540       113120.58750000
1541       113319.00387000
1542       113517.10184000
1543       113715.92237000
1544       113914.43239000
1545       114113.69237000
1546       114313.13309000
1547       114512.78087000
1548       114713.13753000
1549       114913.23528000
1550       115113.50522000
1551       115314.49456000
1552       115515.69236000
1553       115717.11632000
1554       115918.74891000
1555       116120.58141000
1556       116322.61388000
1557       116524.88172000
1558       116727.86519000
1559       116930.52501000
1560       117133.91931000
1561       117337.54151000
1562       117540.84768000
1563       117744.87233000
1564       117949.65255000
1565       118154.09872000
1566       118358.76437000
1567       118564.15179000
1568       118769.25725000
1569       118975.08565000
1570       119181.10818000
1571       119387.34272000
1572       119593.81618000
1573       119800.49292000
1574       120007.89645000
1575       120214.98044000
1576       120422.84617000
1577       120630.88059000
1578       120839.13759000
1579       121047.08236000
1580       121256.32879000
1581       121465.21813000
1582       121674.33047000
1583       121884.20278000
1584       122093.76182000
1585       122304.04593000
1586       122514.56344000
1587       122725.27822000
1588       122936.22659000
1589       123147.37237000
1590       123358.75193000
1591       123570.88822000
1592       123782.68167000
1593       123995.24209000
1594       124208.00132000
1595       124421.00491000
1596       124634.21654000
1597       124847.62719000
1598       125061.26426000
1599       125275.14610000
1600       125489.74539000
1601       125704.57237000
1602       125919.08969000
1603       126134.37188000
1604       126349.84543000
1605       126565.55622000
1606       126782.01633000
1607       126998.18408000
1608       127214.54346000
1609       127431.65387000
1610       127649.01225000
1611       127866.58187000
1612       128084.36279000
1613       128302.37354000
1614       128520.59574000
1615       128739.05718000
1616       128958.27482000
1617       129177.15083000
1618       129396.83973000
1619       129616.71374000
1620       129836.80066000
1621       130057.12843000
1622       130277.68788000
1623       130498.99930000
1624       130719.99499000
1625       130941.74381000
1626       131163.21336000
1627       131385.40923000
1628       131607.83831000
1629       131830.50074000
1630       132053.39662000
1631       132277.05947000
1632       132500.37622000
1633       132724.47045000
1634       132948.28334000
1635       133172.82804000
1636       133397.61710000
1637       133622.61310000
1638       133847.86308000
1639       134073.88576000
1640       134299.55987000
1641       134526.03609000
1642       134752.18174000
1643       134979.11187000
1644       135206.25044000
1645       135433.63533000
1646       135661.24772000
1647       135889.62906000
1648       136117.69723000
1649       136345.99320000
1650       136575.06935000
1651       136804.36495000
1652       137033.88958000
1653       137263.67186000
1654       137493.65483000
1655       137723.87665000
1656       137954.88318000
1657       138185.58344000
1658       138417.05055000
1659       138648.75792000
1660       138880.10996000
1661       139112.30713000
1662       139345.25534000
1663       139577.86711000
1664       139810.72918000
1665       140044.39193000
1666       140277.71700000
1667       140511.82474000
1668       140746.17461000
1669       140980.76667000
1670       141215.59141000
1671       141450.61996000
1672       141686.50270000
1673       141922.00719000
1674       142158.32846000
1675       142394.86453000
1676       142631.10805000
1677       142868.11213000
1678       143105.94613000
1679       143343.41955000
1680       143581.16641000
1681       143819.68676000
1682       144057.87441000
1683       144296.86587000
1684       144536.13226000
1685       144775.58598000
1686       145015.30509000
1687       145255.23114000
1688       145496.01390000
1689       145736.42292000
1690       145977.66059000
1691       146218.53337000
1692       146460.26544000
1693       146702.19607000
1694       146944.37439000
1695       147187.36575000
1696       147430.04028000
1697       147673.50938000
1698       147916.64112000
1699       148160.60805000
1700       148404.80457000
1701       148649.22088000
1702       148893.89656000
1703       149138.81197000
1704       149383.95728000
1705       149629.92269000
1706       149875.54837000
1707       150122.03505000
1708       150368.71333000
1709       150615.65271000
1710       150862.81363000
1711       151110.25577000
1712       151358.49343000
1713       151606.39938000
1714       151855.12194000
1715       152104.11731000
1716       152352.73981000
1717       152602.19070000
1718       152852.49157000
1719       153102.43932000
1720       153352.63039000
1721       153603.64326000
1722       153854.31170000
1723       154105.83325000
1724       154357.58947000
1725       154609.59052000
1726       154861.84649000
1727       155114.33742000
1728       155367.65533000
1729       155620.62692000
1730       155874.45699000
1731       156127.91970000
1732       156382.24213000
1733       156636.78080000
1734       156891.60658000
1735       157147.24441000
1736       157402.54409000
1737       157658.68735000
1738       157914.48149000
1739       158171.12046000
1740       158427.98735000
1741       158685.12288000
1742       158942.52724000
1743       159200.13937000
1744       159458.63099000
1745       159716.73071000
1746       159975.74183000
1747       160234.36019000
1748       160493.81965000
1749       160753.53943000
1750       161013.51966000
1751       161274.36434000
1752       161534.83555000
1753       161796.18272000
1754       162057.14519000
1755       162318.96432000
1756       162581.05584000
1757       162843.41984000
1758       163105.98433000
1759       163368.82149000
1760       163632.52973000
1761       163895.87185000
1762       164160.08630000
1763       164424.53354000
1764       164689.24474000
1765       164954.23033000
1766       165219.42823000
1767       165484.90071000
1768       165751.25032000
1769       166017.22097000
1770       166284.08034000
1771       166551.18460000
1772       166818.52340000
1773       167086.15939000
1774       167354.01965000
1775       167622.11466000
1776       167891.12412000
1777       168159.75213000
1778       168429.26450000
1779       168699.02349000
1780       168969.05013000
1781       169239.32356000
1782       169509.85434000
1783       169780.62157000
1784       170052.31999000
1785       170323.62393000
1786       170595.78672000
1787       170868.22942000
1788       171140.95220000
1789       171413.89186000
1790       171687.10122000
1791       171960.56984000
1792       172234.94424000
1793       172508.93215000
1794       172783.80596000
1795       173058.92982000
1796       173334.34630000
1797       173610.00243000
1798       173885.91952000
1799       174162.71600000
1800       174439.17714000
1801       174716.50825000
1802       174994.08045000
1803       175271.93645000
1804       175550.06574000
1805       175828.42567000
1806       176107.05905000
1807       176385.97671000
1808       176665.75892000
1809       176945.81594000
1810       177225.50247000
1811       177506.10896000
1812       177786.93692000
1813       178068.04012000
1814       178350.06624000
1815       178631.69926000
1816       178914.24572000
1817       179196.40890000
1818       179479.47604000
1819       179762.82008000
1820       180046.41958000
1821       180330.28539000
1822       180615.03702000
1823       180899.45794000
1824       181184.76595000
1825       181469.68823000
1826       181755.49878000
1827       182041.63157000
1828       182327.99983000
1829       182615.27011000
1830       182902.16441000
1831       183189.37059000
1832       183477.45890000
1833       183765.79501000
1834       184054.44446000
1835       184343.32002000
1836       184632.48730000
1837       184921.88081000
1838       185211.61007000
1839       185502.22670000
1840       185793.11470000
1841       186083.59003000
1842       186375.04241000
1843       186666.74442000
1844       186958.69617000
1845       187251.58400000
1846       187544.10202000
1847       187837.53536000
1848       188130.57596000
1849       188424.53312000
1850       188718.80781000
1851       189013.33387000
1852       189308.13355000
1853       189603.83111000
1854       189899.17870000
1855       190195.46984000
1856       190491.34360000
1857       190788.11768000
1858       191085.23365000
1859       191382.60273000
1860       191680.89730000
1861       191978.84012000
1862       192277.66512000
1863       192576.11517000
1864       192875.51554000
1865       193175.21527000
1866       193475.14732000
1867       193775.35653000
1868       194075.84295000
1869       194377.32883000
1870       194678.37063000
1871       194980.34583000
1872       195282.62220000
1873       195585.17741000
1874       195888.01153000
1875       196191.07963000
1876       196494.44933000
1877       196798.82499000
1878       197102.75374000
1879       197407.62205000
1880       197712.77090000
1881       198018.24562000
1882       198323.95591000
1883       198629.94704000
1884       198936.21915000
1885       199243.45828000
1886       199550.29315000
1887       199858.09634000
1888       200166.20474000
1889       200474.55020000
1890       200783.15551000
1891       201092.75560000
1892       201401.97257000
1893       201712.14005000
1894       202021.87793000
1895       202332.61316000
1896       202643.60990000
1897       202954.89103000
1898       203266.45664000
1899       203579.00047000
1900       203891.15890000
1901       204204.22800000
1902       204516.91074000
1903       204830.59729000
1904       205144.57004000
1905       205458.80609000
1906       205774.00291000
1907       206088.78930000
1908       206403.88530000
1909       206719.96710000
1910       207036.31370000
1911       207352.92512000
1912       207669.87087000
1913       207987.05848000
1914       208304.53431000
1915       208623.04733000
1916       208941.10056000
1917       209260.14581000
1918       209579.45760000
1919       209899.08246000
1920       210218.99726000
1921       210539.17883000
1922       210859.65052000
1923       211181.14262000
1924       211502.19544000
1925       211824.22328000
1926       212146.54272000
1927       212469.17729000
1928       212792.08028000
1929       213115.98531000
1930       213439.47281000
1931       213763.98716000
1932       214088.03610000
1933       214413.06617000
1934       214738.41326000
1935       215064.07750000
1936       215390.01195000
1937       215716.95478000
1938       216043.45395000
1939       216370.98639000
1940       216698.09784000
1941       217026.14939000
1942       217354.56730000
1943       217683.25708000
1944       218012.93721000
1945       218342.19518000
1946       218672.49223000
1947       219002.34250000
1948       219333.20942000
1949       219664.32599000
1950       219995.78749000
1951       220327.54642000
1952       220660.27804000
1953       220992.60884000
1954       221325.98521000
1955       221658.88822000
1956       221992.81424000
1957       222327.01544000
1958       222661.56374000
1959       222997.11419000
1960       223332.21390000
1961       223668.36499000
1962       224004.08842000
1963       224340.81655000
1964       224677.82155000
1965       225015.15165000
1966       225352.78288000
1967       225690.66719000
1968       226029.60867000
1969       226368.87686000
1970       226707.69069000
1971       227047.51545000
1972       227387.64304000
1973       227728.12201000
1974       228069.59075000
1975       228410.60382000
1976       228751.94441000
1977       229094.32518000
1978       229436.96190000
1979       229779.92762000
1980       230123.17374000
1981       230466.77346000
1982       230810.62941000
1983       231155.53060000
1984       231500.73806000
1985       231845.53512000
1986       232191.35495000
1987       232537.45694000
1988       232883.86560000
1989       233231.34908000
1990       233578.34750000
1991       233926.39755000
1992       234274.03513000
1993       234622.72571000
1994       234971.70015000
1995       235320.98310000
1996       235670.57470000
1997       236021.22306000
1998       236371.40816000
1999       236722.65129000
2000       237073.47961000
2001       237425.31790000
2002       237777.46652000
2003       238129.92561000
2004       238483.49675000
2005       238836.52807000
2006       239190.67276000
2007       239544.35102000
2008       239899.11926000
2009       240254.17488000
2010       240609.54278000
2011       240965.95409000
2012       241321.97238000
2013       241678.25348000
2014       242035.57989000
2015       242393.24516000
2016       242751.24951000
2017       243109.51799000
2018       243468.10068000
2019       243826.99777000
2020       244186.97025000
2021       244546.49687000
2022       244907.07515000
2023       245267.99446000
2024       245629.20461000
2025       245990.70571000
2026       246352.54814000
2027       246715.44663000
2028       247077.89713000
2029       247441.40498000
2030       247805.25575000
2031       248169.42440000
2032       248533.88570000
2033       248898.66503000
2034       249263.73720000
2035       249629.94773000
2036       249995.65705000
2037       250362.45539000
2038       250729.57339000
2039       251097.01124000
2040       251464.76899000
2041       251833.59411000
2042       252201.96709000
2043       252571.43425000
2044       252940.44828000
2045       253310.53236000
2046       253680.93807000
2047       254051.69111000
2048       254422.71486000
2049       254794.83798000
2050       255166.55752000
2051       255539.32659000
2052       255912.39340000
2053       256285.78368000
2054       256659.54895000
2055       257033.58657000
2056       257407.92229000
2057       257783.38961000
2058       258158.39959000
2059       258534.49104000
2060       258910.90787000
2061       259287.65017000
2062       259664.71805000
2063       260042.87119000
2064       260420.56527000
2065       260799.37180000
2066       261177.71837000
2067       261557.15277000
2068       261936.91457000
2069       262317.00378000
2070       262698.23594000
2071       263078.95500000
2072       263460.00177000
2073       263842.16756000
2074       264224.68853000
2075       264607.48658000
2076       264990.61393000
2077       265374.09685000
2078       265758.65102000
2079       266142.76759000
2080       266527.98287000
2081       266912.75964000
2082       267298.63644000
2083       267684.81820000
2084       268072.12868000
2085       268459.00002000
2086       268846.17662000
2087       269234.45768000
2088       269623.09792000
2089       270012.07116000
2090       270401.35117000
2091       270790.93798000
2092       271180.85806000
2093       271571.13800000
2094       271962.52815000
2095       272354.25309000
2096       272745.48212000
2097       273137.87636000
2098       273531.41119000
2099       273924.44981000
2100       274317.79714000
2101       274712.31366000
2102       275106.33250000
2103       275501.49531000
2104       275896.99499000
2105       276292.80499000
2106       276688.95209000
2107       277086.22031000
2108       277483.06918000
2109       277881.01382000
2110       278279.29710000
2111       278677.89239000
2112       279076.88013000
2113       279476.15327000
2114       279875.76548000
2115       280276.50527000
2116       280676.82344000
2117       281078.24367000
2118       281480.00458000
2119       281882.07935000
2120       282284.57580000
2121       282687.33242000
2122       283091.24945000
2123       283494.66194000
2124       283899.29024000
2125       284304.20707000
2126       284709.46655000
2127       285115.04176000
2128       285521.01406000
2129       285928.07137000
2130       286334.67615000
2131       286742.47582000
2132       287150.56564000
2133       287559.00002000
2134       287967.77911000
2135       288376.90301000
2136       288786.37183000
2137       289197.01369000
2138       289607.11869000
2139       290018.45269000
2140       290430.07858000
2141       290842.05106000
2142       291254.37023000
2143       291667.86775000
2144       292080.85387000
2145       292495.01970000
2146       292909.53382000
2147       293324.39638000
2148       293739.57998000
2149       294155.11222000
2150       294571.02072000
2151       294988.08675000
2152       295404.63855000
2153       295822.37679000
2154       296240.43771000
2155       296658.87670000
2156       297077.63863000
2157       297496.75121000
2158       297917.08252000
2159       298336.86962000
2160       298757.82141000
2161       299179.15319000
2162       299600.89290000
2163       300022.90177000
2164       300445.23543000
2165       300868.79390000
2166       301291.86145000
2167       301716.09959000
2168       302140.69191000
2169       302565.61057000
2170       302990.91159000
2171       303416.53920000
2172       303843.39785000
2173       304269.70744000
2174       304697.24946000
2175       305125.11962000
2176       305553.34600000
2177       305981.90068000
2178       306410.83987000
2179       306840.93197000
2180       307270.55689000
2181       307701.36416000
2182       308132.58586000
2183       308564.10939000
2184       308995.96299000
2185       309428.20324000
2186       309860.77371000
2187       310294.53179000
2188       310728.64972000
2189       311162.29755000
2190       311597.10668000
2191       312032.33272000
2192       312468.72258000
2193       312904.64169000
2194       313341.72591000
2195       313778.30998000
2196       314216.11735000
2197       314654.31524000
2198       315092.81838000
2199       315531.68375000
2200       315971.80495000
2201       316411.42437000
2202       316852.21536000
2203       317293.37026000
2204       317733.99327000
2205       318176.77216000
2206       318618.99075000
2207       319061.54499000
2208       319505.39066000
2209       319948.70322000
2210       320393.22249000
2211       320838.07901000
2212       321283.35910000
2213       321728.94783000
2214       322175.77599000
2215       322622.09800000
2216       323069.68977000
2217       323516.68778000
2218       323964.95693000
2219       324413.56522000
2220       324863.44727000
2221       325312.79254000
2222       325763.35508000
2223       326213.43774000
2224       326664.76813000
2225       327116.41033000
2226       327568.45157000
2227       328020.80476000
2228       328473.58631000
2229       328927.56204000
2230       329381.96769000
2231       329835.77437000
2232       330290.89392000
2233       330746.32701000
2234       331202.13218000
2235       331659.16592000
2236       332115.77468000
2237       332573.52558000
2238       333031.67947000
2239       333490.23649000
2240       333949.07947000
2241       334408.32579000
2242       334867.91685000
2243       335328.86078000
2244       335789.20110000
2245       336250.77803000
2246       336712.73070000
2247       337175.08878000
2248       337637.79337000
2249       338101.76801000
2250       338565.19603000
2251       339029.92513000
2252       339494.07694000
2253       339959.50164000
2254       340425.30420000
2255       340892.41199000
2256       341358.97128000
2257       341825.87912000
2258       342294.03487000
2259       342762.59998000
2260       343231.51508000
2261       343700.81002000
2262       344170.48496000
2263       344640.54003000
2264       345111.84836000
2265       345583.50831000
2266       346054.70554000
2267       346527.15821000
2268       346999.93284000
2269       347473.99533000
2270       347947.56453000
2271       348421.45599000
2272       348896.63739000
2273       349372.23241000
2274       349848.21125000
2275       350324.51375000
2276       350801.20020000
2277       351278.27070000
2278       351756.63669000
2279       352235.38817000
2280       352713.58263000
2281       353193.04444000
2282       353672.92235000
2283       354154.07025000
2284       354634.72078000
2285       355116.61243000
2286       355598.00583000
2287       356080.64164000
2288       356563.66515000
2289       357047.07647000
2290       357530.93655000
2291       358016.01259000
2292       358500.52784000
2293       358986.41261000
2294       359472.62602000
2295       359959.25965000
2296       360446.25260000
2297       360933.63554000
2298       361422.30127000
2299       361910.40386000
2300       362399.88247000
2301       362889.72214000
2302       363379.92289000
2303       363870.48479000
2304       364361.43860000
2305       364852.84597000
2306       365345.48147000
2307       365838.51047000
2308       366331.93306000
2309       366825.74941000
2310       367319.95961000
2311       367814.53294000
2312       368309.46950000
2313       368805.76351000
2314       369302.42213000
2315       369799.50731000
2316       370296.92636000
2317       370794.74128000
2318       371292.95221000
2319       371792.46420000
2320       372291.49910000
2321       372791.77437000
2322       373292.44729000
2323       373793.51797000
2324       374295.04879000
2325       374796.88422000
2326       375300.02684000
2327       375803.60004000
2328       376306.63138000
2329       376811.00324000
2330       377315.71240000
2331       377821.76473000
2332       378327.30572000
2333       378833.18419000
2334       379340.47072000
2335       379848.06475000
2336       380356.12323000
2337       380864.52075000
2338       381373.35163000
2339       381882.52168000
2340       382393.07410000
2341       382903.99852000
2342       383415.29502000
2343       383926.07622000
2344       384439.16245000
2345       384951.63888000
2346       385464.51939000
2347       385978.85199000
2348       386493.46363000
2349       387007.52665000
2350       387522.91735000
2351       388038.80906000
2352       388555.96765000
2353       389072.54515000
2354       389590.51792000
2355       390108.89826000
2356       390626.72781000
2357       391145.85936000
2358       391666.32666000
2359       392186.30666000
2360       392706.69485000
2361       393228.35706000
2362       393750.46082000
2363       394272.97430000
2364       394795.89765000
2365       395319.19897000
2366       395842.87829000
2367       396367.96510000
2368       396892.46559000
2369       397418.31077000
2370       397944.56772000
2371       398471.26875000
2372       398998.34964000
2373       399526.74712000
2374       400054.65302000
2375       400583.87691000
2376       401113.54675000
2377       401643.56589000
2378       402174.03128000
2379       402704.87835000
2380       403237.11284000
2381       403768.75664000
2382       404301.82166000
2383       404835.23765000
2384       405369.10193000
2385       405903.31727000
2386       406437.98116000
2387       406974.00632000
2388       407509.50344000
2389       408046.33068000
2390       408583.60832000
2391       409121.23866000
2392       409659.31967000
2393       410198.76740000
2394       410737.65286000
2395       411277.90641000
2396       411818.61245000
2397       412358.68929000
2398       412901.18611000
2399       413443.05383000
2400       413985.40743000
2401       414529.13467000
2402       415072.23123000
2403       415616.73568000
2404       416161.69492000
2405       416707.04337000
2406       417253.77015000
2407       417799.93075000
2408       418347.50409000
2409       418894.51027000
2410       419442.89767000
2411       419991.70911000
2412       420540.91160000
2413       421091.56492000
2414       421641.55041000
2415       422193.05450000
2416       422744.88499000
2417       423297.17458000
2418       423849.82387000
2419       424402.96578000
2420       424956.46757000
2421       425511.39419000
2422       426065.78286000
2423       426621.53129000
2424       427177.67439000
2425       427734.27901000
2426       428292.31342000
2427       428849.70856000
2428       429407.56561000
2429       429966.82122000
2430       430526.50680000
2431       431086.58908000
2432       431647.13506000
2433       432209.08376000
2434       432770.42418000
2435       433333.16862000
2436       433895.37092000
2437       434459.01245000
2438       435023.01886000
2439       435588.46712000
2440       436153.40633000
2441       436718.67695000
2442       437285.39168000
2443       437852.50661000
2444       438420.15722000
2445       438988.10680000
2446       439556.49076000
2447       440126.39156000
2448       440695.64534000
2449       441266.31575000
2450       441837.42229000
2451       442408.99908000
2452       442980.97826000
2453       443553.32595000
2454       444127.19723000
2455       444700.45296000
2456       445275.13163000
2457       445850.24856000
2458       446425.76972000
2459       447001.72933000
2460       447579.11604000
2461       448155.95362000
2462       448734.18554000
2463       449312.89189000
2464       449892.03862000
2465       450471.55726000
2466       451051.48211000
2467       451633.01201000
2468       452213.78466000
2469       452796.06085000
2470       453378.74489000
2471       453961.94029000
2472       454545.50939000
2473       455129.45219000
2474       455714.97261000
2475       456299.83631000
2476       456886.14109000
2477       457472.92487000
2478       458060.08404000
2479       458648.72233000
2480       459236.80621000
2481       459825.26574000
2482       460415.24135000
2483       461005.59397000
2484       461596.42781000
2485       462187.63884000
2486       462779.36623000
2487       463372.54527000
2488       463966.10294000
2489       464559.03334000
2490       465153.59196000
2491       465748.42477000
2492       466344.78390000
2493       466940.58482000
2494       467536.79988000
2495       468134.43862000
2496       468732.59792000
2497       469331.10272000
2498       469930.12846000
2499       470529.53488000
2500       471130.47513000
2501       471730.74921000
2502       472332.55866000
2503       472934.78562000
2504       473537.43008000
2505       474140.52744000
2506       474745.19982000
2507       475349.13346000
2508       475954.60831000
2509       476560.57317000
2510       477165.86818000
2511       477773.69061000
2512       478380.94950000
2513       478988.66359000
2514       479597.81852000
2515       480207.46563000
2516       480816.44074000
2517       481426.96539000
2518       482039.00610000
2519       482650.37451000
2520       483263.22478000
2521       483875.57969000
2522       484489.34681000
2523       485103.53715000
2524       485718.25789000
2525       486333.40213000
2526       486949.99830000
2527       487566.02616000
2528       488183.50733000
2529       488801.52102000
2530       489419.95998000
2531       490038.78841000
2532       490658.04225000
2533       491278.96961000
2534       491899.14701000
2535       492520.81988000
2536       493143.06374000
2537       493765.66286000
2538       494389.76089000
2539       495013.28738000
2540       495637.27744000
2541       496262.73256000
2542       496888.72502000
2543       497515.07431000
2544       498141.92508000
2545       498770.31742000
2546       499398.02752000
2547       500027.28058000
2548       500655.99538000
2549       501286.14591000
2550       501917.80675000
2551       502548.92912000
2552       503180.48277000
2553       503813.58540000
2554       504445.96610000
2555       505079.93363000
2556       505714.44351000
2557       506350.36069000
2558       506985.66442000
2559       507621.51098000
2560       508258.83998000
2561       508896.60371000
2562       509534.87543000
2563       510173.61871000
2564       510812.72373000
2565       511453.46272000
2566       512093.51205000
2567       512735.16023000
2568       513377.24513000
2569       514019.76687000
2570       514662.72543000
2571       515306.26836000
2572       515951.23117000
2573       516595.64915000
2574       517241.52520000
2575       517887.95075000
2576       518534.81508000
2577       519183.17782000
2578       519830.92069000
2579       520480.34850000
2580       521129.00738000
2581       521779.20450000
2582       522429.95359000
2583       523081.14349000
2584       523733.91240000
2585       524385.98487000
2586       525039.63778000
2587       525693.84487000
2588       526348.38287000
2589       527003.43801000
2590       527659.04792000
2591       528316.09418000
2592       528972.51596000
2593       529630.56229000
2594       530289.09047000
2595       530948.06331000
2596       531607.44339000
2597       532268.41494000
2598       532928.87275000
2599       533590.77365000
2600       534253.12082000
2601       534916.02722000
2602       535579.38018000
2603       536243.21756000
2604       536908.57777000
2605       537573.30948000
2606       538239.71630000
2607       538906.45838000
2608       539573.72440000
2609       540241.47678000
2610       540910.83328000
2611       541579.52172000
2612       542249.77787000
2613       542920.48433000
2614       543591.79278000
2615       544263.43801000
2616       544936.69321000
2617       545609.39226000
2618       546283.58891000
2619       546958.31380000
2620       547633.45292000
2621       548309.12060000
2622       548985.27895000
2623       549661.85183000
2624       550340.00395000
2625       551018.76288000
2626       551697.89972000
2627       552377.56735000
2628       553057.61290000
2629       553738.22783000
2630       554420.42786000
2631       555103.08388000
2632       555786.23447000
2633       556469.87967000
2634       557153.94284000
2635       557838.53931000
2636       558524.68819000
2637       559210.27545000
2638       559897.45518000
2639       560585.01603000
2640       561273.18932000
2641       561961.78248000
2642       562651.93367000
2643       563341.52177000
2644       564032.70807000
2645       564724.39319000
2646       565416.49982000
2647       566109.06669000
2648       566803.42979000
2649       567496.95699000
2650       568192.20455000
2651       568887.83644000
2652       569584.04703000
2653       570280.71987000
2654       570977.85505000
2655       571676.63816000
2656       572374.77687000
2657       573074.48714000
2658       573774.73947000
2659       574475.41692000
2660       575177.86466000
2661       575879.51046000
2662       576582.81089000
2663       577285.50371000
2664       577989.85281000
2665       578694.66805000
2666       579401.06404000
2667       580106.77318000
2668       580813.10577000
2669       581520.98202000
2670       582229.40478000
2671       582938.29563000
2672       583647.65460000
2673       584358.67944000
2674       585069.01504000
2675       585781.09702000
2676       586492.37022000
2677       587205.31241000
2678       587920.00470000
2679       588633.96683000
2680       589348.47842000
2681       590064.54464000
2682       590781.12225000
2683       591498.33039000
2684       592215.89153000
2685       592934.00424000
2686       593652.54938000
2687       594372.81373000
2688       595093.59159000
2689       595813.63487000
2690       596536.56909000
2691       597258.80870000
2692       597981.56245000
2693       598705.92175000
2694       599429.58481000
2695       600155.09472000
2696       600880.92065000
2697       601607.34266000
2698       602335.41531000
2699       603062.75018000
2700       603791.85750000
2701       604520.18584000
2702       605250.32850000
2703       605982.04656000
2704       606713.10577000
2705       607444.64313000
2706       608177.87875000
2707       608911.67465000
2708       609644.68868000
2709       610380.62539000
2710       611115.90142000
2711       611851.61720000
2712       612589.07773000
2713       613325.79510000
2714       614064.29927000
2715       614803.20441000
2716       615543.85881000
2717       616283.76906000
2718       617024.24267000
2719       617766.42741000
2720       618509.05524000
2721       619252.24824000
2722       619995.92512000
2723       620740.12678000
2724       621485.96342000
2725       622231.17490000
2726       622978.06362000
2727       623725.43810000
2728       624473.33929000
2729       625222.96217000
2730       625971.91790000
2731       626722.51510000
2732       627472.40304000
2733       628224.13874000
2734       628976.23939000
2735       629730.10874000
2736       630483.26806000
2737       631238.23890000
2738       631992.37528000
2739       632748.24256000
2740       633504.68190000
2741       634261.65239000
2742       635020.31639000
2743       635778.22648000
2744       636537.91404000
2745       637298.13456000
2746       638058.84692000
2747       638820.00982000
2748       639581.70600000
2749       640345.22647000
2750       641109.15769000
2751       641872.45611000
2752       642637.49844000
2753       643404.24536000
2754       644170.23467000
2755       644936.71804000
2756       645705.07451000
2757       646473.84345000
2758       647243.19134000
2759       648012.95175000
2760       648783.37487000
2761       649555.42655000
2762       650326.84261000
2763       651099.93043000
2764       651873.55774000
2765       652647.76647000
2766       653422.38945000
2767       654198.85595000
2768       654974.55949000
2769       655752.06637000
2770       656529.98897000
2771       657308.53735000
2772       658087.58559000
2773       658867.09186000
2774       659648.40688000
2775       660430.18130000
2776       661212.62591000
2777       661995.44588000
2778       662778.85206000
2779       663562.80248000
2780       664348.48352000
2781       665133.39660000
2782       665920.08414000
2783       666707.44463000
2784       667495.13973000
2785       668284.69762000
2786       669073.48610000
2787       669864.18160000
2788       670655.21299000
2789       671446.92002000
2790       672239.00539000
2791       673031.80932000
2792       673826.22826000
2793       674619.91746000
2794       675415.47854000
2795       676211.54743000
2796       677008.16678000
2797       677805.20877000
2798       678604.12739000
2799       679403.55554000
2800       680202.29436000
2801       681002.74117000
2802       681803.78349000
2803       682606.57960000
2804       683408.59971000
2805       684212.46089000
2806       685015.63090000
2807       685820.60073000
2808       686625.99648000
2809       687433.23785000
2810       688239.78733000
2811       689048.14111000
2812       689855.67261000
2813       690665.05310000
2814       691474.99063000
2815       692286.73707000
2816       693097.66006000
2817       693910.39347000
2818       694722.56184000
2819       695536.36926000
2820       696350.77908000
2821       697166.91728000
2822       697982.44650000
2823       698798.40517000
2824       699616.26820000
2825       700434.56202000
2826       701253.50420000
2827       702072.87727000
2828       702894.15949000
2829       703714.61304000
2830       704537.02102000
2831       705359.81793000
2832       706183.22192000
2833       707007.14593000
2834       707831.58997000
2835       708657.90681000
2836       709484.65770000
2837       710310.88287000
2838       711138.76428000
2839       711968.47938000
2840       712797.44932000
2841       713627.11711000
2842       714458.40138000
2843       715290.34125000
2844       716122.76096000
2845       716955.83677000
2846       717789.34864000
2847       718624.74598000
2848       719460.62489000
2849       720295.88752000
2850       721132.86150000
2851       721971.72576000
2852       722809.79675000
2853       723648.43813000
2854       724488.97229000
2855       725329.94567000
2856       726171.57992000
2857       727013.69786000
2858       727856.43267000
2859       728700.88815000
2860       729546.05113000
2861       730390.32796000
2862       731236.55009000
2863       732083.21317000
2864       732931.86931000
2865       733779.68259000
2866       734629.35688000
2867       735479.51828000
2868       736330.43501000
2869       737181.70508000
2870       738033.59669000
2871       738887.30994000
2872       739740.40132000
2873       740595.18152000
2874       741450.63012000
2875       742306.52317000
2876       743163.12991000
2877       744021.42963000
2878       744880.39995000
2879       745738.52153000
2880       746598.56307000
2881       747459.23090000
2882       748321.59643000
2883       749183.33754000
2884       750046.95832000
2885       750911.11712000
2886       751775.72354000
2887       752641.09416000
2888       753506.86739000
2889       754374.57097000
2890       755241.42168000
2891       756110.34037000
2892       756979.66318000
2893       757849.61688000
2894       758720.06554000
2895       759592.49636000
2896       760464.07208000
2897       761337.58616000
2898       762211.55138000
2899       763086.28658000
2900       763962.73627000
2901       764838.51147000
2902       765716.04816000
2903       766594.31156000
2904       767473.07342000
2905       768352.42532000
2906       769232.27586000
2907       770114.12187000
2908       770995.06212000
2909       771877.99959000
2910       772761.43741000
2911       773645.55917000
2912       774530.08964000
2913       775416.62216000
2914       776303.74871000
2915       777190.05841000
2916       778078.28074000
2917       778967.09749000
2918       779857.73779000
2919       780747.65233000
2920       781639.48420000
2921       782531.91243000
2922       783424.84477000
2923       784318.37369000
2924       785212.49944000
2925       786108.54798000
2926       787003.77585000
2927       787900.92810000
2928       788798.67906000
2929       789696.93612000
2930       790597.21426000
2931       791496.67017000
2932       792397.96295000
2933       793299.94952000
2934       794202.53714000
2935       795105.63275000
2936       796009.23634000
2937       796914.86859000
2938       797819.67573000
2939       798726.41995000
2940       799633.76728000
2941       800541.71809000
2942       801451.51624000
2943       802360.58124000
2944       803271.49506000
2945       804183.10785000
2946       805095.23241000
2947       806007.96243000
2948       806921.20422000
2949       807836.48810000
2950       808752.19121000
2951       809668.78421000
2952       810585.79666000
2953       811503.32276000
2954       812421.45677000
2955       813341.45078000
2956       814260.80180000
2957       815182.01442000
2958       816103.83696000
2959       817027.71316000
2960       817950.75667000
2961       818875.57153000
2962       819799.83669000
2963       820725.87461000
2964       821652.61953000
2965       822579.78682000
2966       823509.20544000
2967       824437.59841000
2968       825368.05445000
2969       826298.93434000
2970       827230.52380000
2971       828162.63248000
2972       829096.80913000
2973       830031.50661000
2974       830965.55666000
2975       831901.39080000
2976       832837.93723000
2977       833776.27047000
2978       834714.05137000
2979       835653.52485000
2980       836592.44507000
2981       837533.25095000
2982       838476.13652000
2983       839418.18116000
2984       840360.65287000
2985       841305.30296000
2986       842250.38156000
2987       843196.08113000
2988       844142.40186000
2989       845089.34380000
2990       846038.37404000
2991       846986.46344000
2992       847936.54618000
2993       848887.25216000
2994       849838.48495000
2995       850791.81169000
2996       851744.19564000
2997       852698.86899000
2998       853653.78029000
2999       854609.51097000
3000       855565.67332000
3001       856522.55847000
3002       857481.44822000
3003       858440.86830000
3004       859399.53615000
3005       860360.30837000
3006       861322.89518000
3007       862284.72948000
3008       863248.57468000
3009       864211.56871000
3010       865176.57525000
3011       866142.21187000
3012       867109.86413000
3013       868076.76209000
3014       869045.67748000
3015       870013.64155000
3016       870983.72256000
3017       871954.33787000
3018       872927.07337000
3019       873898.95453000
3020       874872.85949000
3021       875847.39874000
3022       876822.37586000
3023       877798.18437000
3024       878774.43074000
3025       879751.31200000
3026       880730.22345000
3027       881709.77149000
3028       882689.95635000
3029       883670.77816000
3030       884652.03934000
3031       885635.43518000
3032       886619.46972000
3033       887602.54526000
3034       888587.75802000
3035       889574.91219000
3036       890561.50348000
3037       891549.93860000
3038       892537.61124000
3039       893527.22850000
3040       894517.48694000
3041       895508.38687000
3042       896501.33465000
3043       897493.41903000
3044       898487.75236000
3045       899482.52983000
3046       900477.85101000
3047       901473.91588000
3048       902471.83509000
3049       903470.49962000
3050       904468.29808000
3051       905468.35352000
3052       906468.75446000
3053       907471.31538000
3054       908473.00909000
3055       909476.86480000
3056       910481.26804000
3057       911486.21876000
3058       912491.91827000
3059       913498.26613000
3060       914506.58070000
3061       915514.02507000
3062       916523.53835000
3063       917533.60105000
3064       918544.51598000
3065       919557.20086000
3066       920569.31713000
3067       921583.60911000
3068       922598.25027000
3069       923613.54399000
3070       924629.49044000
3071       925647.51627000
3072       926664.66802000
3073       927683.90080000
3074       928703.88988000
3075       929724.43246000
3076       930745.52849000
3077       931768.71015000
3078       932791.21930000
3079       933815.61231000
3080       934840.66233000
3081       935866.36955000
3082       936894.27034000
3083       937921.19123000
3084       938950.30739000
3085       939979.87836000
3086       941010.21103000
3087       942041.20330000
3088       943072.65043000
3089       944106.29878000
3090       945140.71112000
3091       946174.13967000
3092       947211.11054000
3093       948247.30299000
3094       949283.95182000
3095       950322.91158000
3096       951362.43224000
3097       952401.06931000
3098       953443.46554000
3099       954484.87537000
3100       955526.94954000
3101       956571.03232000
3102       957615.78108000
3103       958661.19601000
3104       959707.27742000
3105       960754.12886000
3106       961802.78715000
3107       962850.86945000
3108       963900.75988000
3109       964951.52631000
3110       966004.20734000
3111       967056.20819000
3112       968110.22904000
3113       969163.67280000
3114       970219.13841000
3115       971274.96257000
3116       972331.66597000
3117       973390.39491000
3118       974449.79655000
3119       975508.20245000
3120       976568.94924000
3121       977630.47393000
3122       978693.82053000
3123       979756.48385000
3124       980821.07485000
3125       981886.44580000
3126       982952.38723000
3127       984019.10911000
3128       985086.50675000
3129       986155.83718000
3130       987225.95010000
3131       988295.16709000
3132       989366.52945000
3133       990439.93414000
3134       991512.54778000
3135       992587.31069000
3136       993662.85876000
3137       994737.50893000
3138       995815.57301000
3139       996893.05598000
3140       997971.00802000
3141       999051.11584000
3142      1000131.79984000
3143      1001213.37778000
3144      1002295.63832000
3145      1003378.26342000
3146      1004463.26220000
3147      1005548.73304000
3148      1006633.40797000
3149      1007721.72802000
3150      1008809.25254000
3151      1009897.46195000
3152      1010987.83957000
3153      1012078.79735000
3154      1013168.85081000
3155      1014262.56017000
3156      1015355.47207000
3157      1016449.07117000
3158      1017544.84504000
3159      1018641.30798000
3160      1019738.35312000
3161      1020835.98047000
3162      1021934.40434000
3163      1023034.79431000
3164      1024135.98267000
3165      1025237.86234000
3166      1026340.32615000
3167      1027443.58905000
3168      1028547.32877000
3169      1029653.36317000
3170      1030759.98351000
3171      1031867.18972000
3172      1032975.19754000
3173      1034083.79149000
3174      1035193.07959000
3175      1036304.66940000
3176      1037416.73912000
3177      1038529.61302000
3178      1039642.96684000
3179      1040758.62738000
3180      1041873.26632000
3181      1042990.21387000
3182      1044107.96805000
3183      1045226.31237000
3184      1046345.24676000
3185      1047464.77115000
3186      1048586.61028000
3187      1049708.93235000
3188      1050832.17252000
3189      1051956.00470000
3190      1053080.53789000
3191      1054207.17395000
3192      1055332.89213000
3193      1056460.93300000
3194      1057589.45836000
3195      1058720.41890000
3196      1059850.46066000
3197      1060982.50211000
3198      1062114.06112000
3199      1063247.51197000
3200      1064381.77764000
3201      1065518.26676000
3202      1066653.72500000
3203      1067791.51809000
3204      1068928.27888000
3205      1070067.37628000
3206      1071208.81282000
3207      1072349.32665000
3208      1073491.96127000
3209      1074633.67177000
3210      1075777.72503000
3211      1076922.37796000
3212      1078067.74099000
3213      1079215.56152000
3214      1080362.12505000
3215      1081511.14797000
3216      1082660.66186000
3217      1083810.99865000
3218      1084963.46712000
3219      1086115.11902000
3220      1087269.01513000
3221      1088423.62565000
3222      1089578.83974000
3223      1090734.65739000
3224      1091891.30102000
3225      1093050.19465000
3226      1094209.58238000
3227      1095369.79824000
3228      1096530.50805000
3229      1097692.26938000
3230      1098854.52507000
3231      1100018.92578000
3232      1101184.04547000
3233      1102349.77252000
3234      1103516.33057000
3235      1104683.60821000
3236      1105853.14843000
3237      1107023.29789000
3238      1108193.94457000
3239      1109365.53706000
3240      1110537.73906000
3241      1111710.55063000
3242      1112885.63131000
3243      1114061.43563000
3244      1115238.07622000
3245      1116415.32843000
3246      1117593.07948000
3247      1118773.21807000
3248      1119953.96977000
3249      1121135.44749000
3250      1122317.76424000
3251      1123500.46857000
3252      1124684.35137000
3253      1125870.06376000
3254      1127056.61743000
3255      1128243.67307000
3256      1129431.68384000
3257      1130620.31008000
3258      1131811.11029000
3259      1133001.08171000
3260      1134193.45594000
3261      1135386.44749000
3262      1136580.17006000
3263      1137775.95853000
3264      1138971.03056000
3265      1140168.28377000
3266      1141366.26996000
3267      1142565.21757000
3268      1143766.12220000
3269      1144966.19527000
3270      1146168.68357000
3271      1147371.56425000
3272      1148575.40913000
3273      1149779.76070000
3274      1150985.07707000
3275      1152192.70033000
3276      1153400.71741000
3277      1154609.70155000
3278      1155819.07930000
3279      1157029.42465000
3280      1158240.39345000
3281      1159453.56073000
3282      1160667.58293000
3283      1161882.34542000
3284      1163097.73314000
3285      1164315.43939000
3286      1165532.07828000
3287      1166751.15275000
3288      1167970.85416000
3289      1169191.41371000
3290      1170412.83166000
3291      1171636.22792000
3292      1172858.90143000
3293      1174083.67037000
3294      1175309.29984000
3295      1176537.25963000
3296      1177764.14801000
3297      1178993.48438000
3298      1180222.09645000
3299      1181452.92621000
3300      1182684.38709000
3301      1183918.06854000
3302      1185151.02508000
3303      1186386.20391000
3304      1187622.01558000
3305      1188858.69326000
3306      1190096.12082000
3307      1191334.18141000
3308      1192574.58673000
3309      1193815.62681000
3310      1195057.41862000
3311      1196299.84533000
3312      1197543.14114000
3313      1198787.07228000
3314      1200033.47197000
3315      1201280.39118000
3316      1202528.06461000
3317      1203776.49244000
3318      1205027.27656000
3319      1206276.97926000
3320      1207529.27527000
3321      1208782.32797000
3322      1210035.90184000
3323      1211290.23247000
3324      1212546.80828000
3325      1213804.26071000
3326      1215060.86437000
3327      1216321.20599000
3328      1217580.81718000
3329      1218841.18774000
3330      1220103.80998000
3331      1221367.19333000
3332      1222629.60741000
3333      1223896.00679000
3334      1225161.55581000
3335      1226427.74779000
3336      1227696.31650000
3337      1228965.76756000
3338      1230235.86352000
3339      1231506.60440000
3340      1232779.60795000
3341      1234051.87764000
3342      1235326.53099000
3343      1236601.71172000
3344      1237878.01662000
3345      1239156.23176000
3346      1240433.83150000
3347      1241713.70129000
3348      1242994.21973000
3349      1244275.50655000
3350      1245557.44209000
3351      1246841.89192000
3352      1248125.60551000
3353      1249411.47573000
3354      1250698.11670000
3355      1251985.40839000
3356      1253274.98029000
3357      1254563.93519000
3358      1255854.93145000
3359      1257146.94125000
3360      1258439.72436000
3361      1259733.03987000
3362      1261028.88324000
3363      1262323.74668000
3364      1263620.89837000
3365      1264918.82546000
3366      1266219.04394000
3367      1267518.52307000
3368      1268820.65842000
3369      1270121.44845000
3370      1271424.77530000
3371      1272728.88022000
3372      1274035.16173000
3373      1275340.70237000
3374      1276648.54253000
3375      1277957.40566000
3376      1279266.92775000
3377      1280576.86533000
3378      1281889.47218000
3379      1283201.09334000
3380      1284515.02043000
3381      1285829.85196000
3382      1287145.22213000
3383      1288463.39034000
3384      1289780.44927000
3385      1291099.69763000
3386      1292419.85286000
3387      1293740.79323000
3388      1295062.27384000
3389      1296386.43815000
3390      1297709.49025000
3391      1299035.22805000
3392      1300361.50809000
3393      1301688.45280000
3394      1303017.84209000
3395      1304346.48574000
3396      1305677.33014000
3397      1307008.96401000
3398      1308341.75702000
3399      1309676.38514000
3400      1311010.38965000
3401      1312346.72336000
3402      1313683.84900000
3403      1315021.76680000
3404      1316360.22973000
3405      1317699.60848000
3406      1319041.69333000
3407      1320384.07758000
3408      1321727.50372000
3409      1323071.60072000
3410      1324416.24448000
3411      1325763.60067000
3412      1327111.50539000
3413      1328460.33085000
3414      1329810.07749000
3415      1331160.24848000
3416      1332512.88990000
3417      1333864.78052000
3418      1335218.89457000
3419      1336573.93226000
3420      1337929.76936000
3421      1339287.83355000
3422      1340645.27086000
3423      1342004.93671000
3424      1343365.40417000
3425      1344726.67330000
3426      1346090.29984000
3427      1347453.04843000
3428      1348818.28146000
3429      1350184.31827000
3430      1351551.15923000
3431      1352918.67901000
3432      1354288.56267000
3433      1355657.56653000
3434      1357028.93580000
3435      1358401.23718000
3436      1359776.03311000
3437      1361149.94856000
3438      1362526.23450000
3439      1363901.51279000
3440      1365279.16306000
3441      1366659.43987000
3442      1368038.83487000
3443      1369418.78637000
3444      1370801.36752000
3445      1372184.88618000
3446      1373568.96320000
3447      1374953.85145000
3448      1376341.12139000
3449      1377729.20449000
3450      1379116.52957000
3451      1380505.98499000
3452      1381898.33478000
3453      1383289.67254000
3454      1384683.14419000
3455      1386077.68593000
3456      1387471.21357000
3457      1388868.83530000
3458      1390265.69795000
3459      1391664.82687000
3460      1393063.45096000
3461      1394464.21544000
3462      1395865.67050000
3463      1397269.77965000
3464      1398673.00049000
3465      1400078.49375000
3466      1401485.06354000
3467      1402892.19795000
3468      1404300.28132000
3469      1405709.18600000
3470      1407120.36850000
3471      1408532.37378000
3472      1409945.20215000
3473      1411358.85383000
3474      1412773.07169000
3475      1414190.08715000
3476      1415607.79932000
3477      1417024.61863000
3478      1418445.57132000
3479      1419865.50249000
3480      1421286.25946000
3481      1422709.69300000
3482      1424133.69597000
3483      1425558.78543000
3484      1426984.44446000
3485      1428412.52658000
3486      1429839.84300000
3487      1431269.71400000
3488      1432700.02636000
3489      1434131.42845000
3490      1435565.38925000
3491      1436998.32392000
3492      1438433.81893000
3493      1439870.14679000
3494      1441307.04736000
3495      1442746.64264000
3496      1444185.07971000
3497      1445626.21351000
3498      1447068.18231000
3499      1448510.98640000
3500      1449954.62593000
