   1            3.02954000
   2            3.51846000
   3            4.38697000
   4            5.36376000
   5            6.37441000
   6            7.39941000
   7            8.43192000
   8            9.46887000
   9           10.50866000
  10           11.55049000
  11           12.59371000
  12           13.63794000
  13           14.68295000
  14           15.72856000
  15           16.77464000
  16           17.82112000
  17           18.86791000
  18           19.91496000
  19           20.96223000
  20           22.00969000
  21           23.05731000
  22           24.10507000
  23           25.15295000
  24           26.20094000
  25           27.24901000
  26           28.29717000
  27           29.34540000
  28           30.39371000
  29           31.44206000
  30           32.49048000
  31           33.53894000
  32           34.58745000
  33           35.63600000
  34           36.68458000
  35           37.73321000
  36           38.78185000
  37           39.83054000
  38           40.87925000
  39           41.92799000
  40           42.97675000
  41           44.02553000
  42           45.07434000
  43           46.12317000
  44           47.17201000
  45           48.22087000
  46           49.26975000
  47           50.31866000
  48           51.36756000
  49           52.41650000
  50           53.46543000
  51           54.51438000
  52           55.56335000
  53           56.61234000
  54           57.66134000
  55           58.71034000
  56           59.75936000
  57           60.80838000
  58           61.85742000
  59           62.90647000
  60           63.95552000
  61           65.00459000
  62           66.05368000
  63           67.10275000
  64           68.15185000
  65           69.20095000
  66           70.25007000
  67           71.29920000
  68           72.34832000
  69           73.39745000
  70           74.44660000
  71           75.49576000
  72           76.54491000
  73           77.59408000
  74           78.64326000
  75           79.69243000
  76           80.74161000
  77           81.79082000
  78           82.84002000
  79           83.88922000
  80           84.93845000
  81           85.98765000
  82           87.03688000
  83           88.08613000
  84           89.13537000
  85           90.18461000
  86           91.23387000
  87           92.28313000
  88           93.33238000
  89           94.38165000
  90           95.43094000
  91           96.48023000
  92           97.52951000
  93           98.57880000
  94           99.62810000
  95          100.67740000
  96          101.72671000
  97          102.77604000
  98          103.82536000
  99          104.87467000
 100          105.92402000
 101          106.97335000
 102          108.02270000
 103          109.07204000
 104          110.12138000
 105          111.17076000
 106          112.22012000
 107          113.26949000
 108          114.31887000
 109          115.36825000
 110          116.41762000
 111          117.46700000
 112          118.51641000
 113          119.56581000
 114          120.61522000
 115          121.66463000
 116          122.71403000
 117          123.76345000
 118          124.81289000
 119          125.86232000
 120          126.91175000
 121          127.96119000
 122          129.01064000
 123          130.06009000
 124          131.10954000
 125          132.15901000
 126          133.20847000
 127          134.25795000
 128          135.30740000
 129          136.35688000
 130          137.40635000
 131          138.45586000
 132          139.50535000
 133          140.55485000
 134          141.60435000
 135          142.65385000
 136          143.70335000
 137          144.75288000
 138          145.80239000
 139          146.85195000
 140          147.90145000
 141          148.95099000
 142          150.00053000
 143          151.05007000
 144          152.09962000
 145          153.14917000
 146          154.19872000
 147          155.24829000
 148          156.29786000
 149          157.34744000
 150          158.39701000
 151          159.44660000
 152          160.49616000
 153          161.54577000
 154          162.59535000
 155          163.64496000
 156          164.69456000
 157          165.74417000
 158          166.79377000
 159          167.84338000
 160          168.89302000
 161          169.94264000
 162          170.99227000
 163          172.04192000
 164          173.09152000
 165          174.14116000
 166          175.19085000
 167          176.24048000
 168          177.29015000
 169          178.33982000
 170          179.38945000
 171          180.43913000
 172          181.48881000
 173          182.53852000
 174          183.58818000
 175          184.63788000
 176          185.68755000
 177          186.73723000
 178          187.78694000
 179          188.83666000
 180          189.88638000
 181          190.93608000
 182          191.98579000
 183          193.03552000
 184          194.08526000
 185          195.13498000
 186          196.18473000
 187          197.23448000
 188          198.28421000
 189          199.33394000
 190          200.38370000
 191          201.43347000
 192          202.48324000
 193          203.53301000
 194          204.58274000
 195          205.63253000
 196          206.68234000
 197          207.73213000
 198          208.78192000
 199          209.83169000
 200          210.88148000
 201          211.93129000
 202          212.98111000
 203          214.03092000
 204          215.08071000
 205          216.13054000
 206          217.18035000
 207          218.23018000
 208          219.28002000
 209          220.32989000
 210          221.37972000
 211          222.42956000
 212          223.47940000
 213          224.52926000
 214          225.57912000
 215          226.62899000
 216          227.67884000
 217          228.72871000
 218          229.77856000
 219          230.82846000
 220          231.87835000
 221          232.92825000
 222          233.97814000
 223          235.02804000
 224          236.07792000
 225          237.12783000
 226          238.17775000
 227          239.22767000
 228          240.27759000
 229          241.32753000
 230          242.37740000
 231          243.42735000
 232          244.47729000
 233          245.52724000
 234          246.57718000
 235          247.62714000
 236          248.67709000
 237          249.72705000
 238          250.77703000
 239          251.82697000
 240          252.87694000
 241          253.92690000
 242          254.97688000
 243          256.02687000
 244          257.07687000
 245          258.12687000
 246          259.17687000
 247          260.22685000
 248          261.27683000
 249          262.32683000
 250          263.37688000
 251          264.42691000
 252          265.47694000
 253          266.52693000
 254          267.57698000
 255          268.62702000
 256          269.67706000
 257          270.72712000
 258          271.77714000
 259          272.82715000
 260          273.87722000
 261          274.92729000
 262          275.97736000
 263          277.02745000
 264          278.07753000
 265          279.12758000
 266          280.17769000
 267          281.22776000
 268          282.27788000
 269          283.32798000
 270          284.37804000
 271          285.42813000
 272          286.47822000
 273          287.52834000
 274          288.57847000
 275          289.62859000
 276          290.67872000
 277          291.73177000
 278          292.78192000
 279          293.83207000
 280          294.88223000
 281          295.93238000
 282          296.98256000
 283          298.03270000
 284          299.08285000
 285          300.13301000
 286          301.18321000
 287          302.23338000
 288          303.28357000
 289          304.33373000
 290          305.38395000
 291          306.43417000
 292          307.48437000
 293          308.53459000
 294          309.58482000
 295          310.63501000
 296          311.68522000
 297          312.73546000
 298          313.78568000
 299          314.83595000
 300          315.88614000
 301          316.93635000
 302          317.98660000
 303          319.03686000
 304          320.09033000
 305          321.14062000
 306          322.19090000
 307          323.24116000
 308          324.29143000
 309          325.34172000
 310          326.39202000
 311          327.44233000
 312          328.49264000
 313          329.54290000
 314          330.59321000
 315          331.64353000
 316          332.69385000
 317          333.74419000
 318          334.79453000
 319          335.84818000
 320          336.89851000
 321          337.94885000
 322          338.99919000
 323          340.04957000
 324          341.09993000
 325          342.15027000
 326          343.20065000
 327          344.25101000
 328          345.30140000
 329          346.35526000
 330          347.40565000
 331          348.45607000
 332          349.50648000
 333          350.55688000
 334          351.60730000
 335          352.65772000
 336          353.70816000
 337          354.76210000
 338          355.81254000
 339          356.86298000
 340          357.91344000
 341          358.96389000
 342          360.01437000
 343          361.06475000
 344          362.11886000
 345          363.16935000
 346          364.21987000
 347          365.27036000
 348          366.32086000
 349          367.37130000
 350          368.42550000
 351          369.47604000
 352          370.52654000
 353          371.57709000
 354          372.62762000
 355          373.67813000
 356          374.73240000
 357          375.78294000
 358          376.83354000
 359          377.88413000
 360          378.93846000
 361          379.98904000
 362          381.03961000
 363          382.09021000
 364          383.14082000
 365          384.19525000
 366          385.24587000
 367          386.29646000
 368          387.34709000
 369          388.40161000
 370          389.45226000
 371          390.50292000
 372          391.55749000
 373          392.60806000
 374          393.65874000
 375          394.70942000
 376          395.76406000
 377          396.81474000
 378          397.86545000
 379          398.92009000
 380          399.97082000
 381          401.02156000
 382          402.07629000
 383          403.12703000
 384          404.17778000
 385          405.23255000
 386          406.28330000
 387          407.33408000
 388          408.38894000
 389          409.43974000
 390          410.49464000
 391          411.54543000
 392          412.59626000
 393          413.65120000
 394          414.70203000
 395          415.75701000
 396          416.80787000
 397          417.85869000
 398          418.91372000
 399          419.96459000
 400          421.01969000
 401          422.07059000
 402          423.12572000
 403          424.17657000
 404          425.23176000
 405          426.28268000
 406          427.33789000
 407          428.38884000
 408          429.44407000
 409          430.49500000
 410          431.55029000
 411          432.60128000
 412          433.65656000
 413          434.70755000
 414          435.76292000
 415          436.81827000
 416          437.86931000
 417          438.92476000
 418          439.97585000
 419          441.03133000
 420          442.08678000
 421          443.13787000
 422          444.19340000
 423          445.24897000
 424          446.30010000
 425          447.35569000
 426          448.41128000
 427          449.46242000
 428          450.51810000
 429          451.57379000
 430          452.62500000
 431          453.68073000
 432          454.73644000
 433          455.79222000
 434          456.84346000
 435          457.89929000
 436          458.95513000
 437          460.01103000
 438          461.06226000
 439          462.11818000
 440          463.17412000
 441          464.23007000
 442          465.28608000
 443          466.33744000
 444          467.39338000
 445          468.44949000
 446          469.50557000
 447          470.56169000
 448          471.61782000
 449          472.67400000
 450          473.73010000
 451          474.78631000
 452          475.84254000
 453          476.89879000
 454          477.95508000
 455          479.01140000
 456          480.06767000
 457          481.12404000
 458          482.18042000
 459          483.23683000
 460          484.29326000
 461          485.34972000
 462          486.40616000
 463          487.46267000
 464          488.51920000
 465          489.57575000
 466          490.63237000
 467          491.68896000
 468          492.74547000
 469          493.80710000
 470          494.86379000
 471          495.92052000
 472          496.97729000
 473          498.03408000
 474          499.09080000
 475          500.15262000
 476          501.20950000
 477          502.26640000
 478          503.32329000
 479          504.38527000
 480          505.44218000
 481          506.49917000
 482          507.56127000
 483          508.61833000
 484          509.67541000
 485          510.73763000
 486          511.79471000
 487          512.85700000
 488          513.91422000
 489          514.97145000
 490          516.03387000
 491          517.09114000
 492          518.15358000
 493          519.21095000
 494          520.27352000
 495          521.33092000
 496          522.39358000
 497          523.45105000
 498          524.51372000
 499          525.57130000
 500          526.63413000
 501          527.69701000
 502          528.75465000
 503          529.81760000
 504          530.87522000
 505          531.93823000
 506          533.00131000
 507          534.05914000
 508          535.12230000
 509          536.18549000
 510          537.24868000
 511          538.30658000
 512          539.36994000
 513          540.43332000
 514          541.49675000
 515          542.56020000
 516          543.61825000
 517          544.68180000
 518          545.74539000
 519          546.80904000
 520          547.87273000
 521          548.93649000
 522          550.00022000
 523          551.06403000
 524          552.12793000
 525          553.19184000
 526          554.25585000
 527          555.31987000
 528          556.38387000
 529          557.44800000
 530          558.51213000
 531          559.57638000
 532          560.64063000
 533          561.70490000
 534          562.76916000
 535          563.83357000
 536          564.90367000
 537          565.96813000
 538          567.03270000
 539          568.09726000
 540          569.16750000
 541          570.23219000
 542          571.29695000
 543          572.36171000
 544          573.43223000
 545          574.49715000
 546          575.56199000
 547          576.63273000
 548          577.69776000
 549          578.76861000
 550          579.83374000
 551          580.89896000
 552          581.96989000
 553          583.03517000
 554          584.10633000
 555          585.17173000
 556          586.24301000
 557          587.30847000
 558          588.37984000
 559          589.45132000
 560          590.51695000
 561          591.58858000
 562          592.66020000
 563          593.72602000
 564          594.79775000
 565          595.86964000
 566          596.93559000
 567          598.00754000
 568          599.07964000
 569          600.15175000
 570          601.21784000
 571          602.29007000
 572          603.36242000
 573          604.43477000
 574          605.50720000
 575          606.57975000
 576          607.65221000
 577          608.72489000
 578          609.79758000
 579          610.87036000
 580          611.94324000
 581          613.01617000
 582          614.08908000
 583          615.16215000
 584          616.23523000
 585          617.30841000
 586          618.38168000
 587          619.45502000
 588          620.52834000
 589          621.60176000
 590          622.68153000
 591          623.75509000
 592          624.82876000
 593          625.90250000
 594          626.98248000
 595          628.05633000
 596          629.13028000
 597          630.21057000
 598          631.28471000
 599          632.35881000
 600          633.43929000
 601          634.51361000
 602          635.59430000
 603          636.66875000
 604          637.74963000
 605          638.82421000
 606          639.90519000
 607          640.97996000
 608          642.06113000
 609          643.13602000
 610          644.21741000
 611          645.29884000
 612          646.37390000
 613          647.45553000
 614          648.53726000
 615          649.61902000
 616          650.69444000
 617          651.77639000
 618          652.85838000
 619          653.94053000
 620          655.01623000
 621          656.09857000
 622          657.18094000
 623          658.26341000
 624          659.34595000
 625          660.42855000
 626          661.51133000
 627          662.59414000
 628          663.67709000
 629          664.76010000
 630          665.84315000
 631          666.92630000
 632          668.00960000
 633          669.09297000
 634          670.17645000
 635          671.26672000
 636          672.35026000
 637          673.43401000
 638          674.51782000
 639          675.60174000
 640          676.69249000
 641          677.77659000
 642          678.86068000
 643          679.95173000
 644          681.03605000
 645          682.12054000
 646          683.21189000
 647          684.29651000
 648          685.38799000
 649          686.47284000
 650          687.56461000
 651          688.64962000
 652          689.74161000
 653          690.82680000
 654          691.91888000
 655          693.01122000
 656          694.09667000
 657          695.18916000
 658          696.28179000
 659          697.36759000
 660          698.46027000
 661          699.55327000
 662          700.63938000
 663          701.73250000
 664          702.82574000
 665          703.91909000
 666          705.01245000
 667          706.10604000
 668          707.19970000
 669          708.28644000
 670          709.38033000
 671          710.47431000
 672          711.56836000
 673          712.66257000
 674          713.75692000
 675          714.85840000
 676          715.95298000
 677          717.04764000
 678          718.14230000
 679          719.23719000
 680          720.33220000
 681          721.42733000
 682          722.52965000
 683          723.62498000
 684          724.72038000
 685          725.81592000
 686          726.91880000
 687          728.01460000
 688          729.11773000
 689          730.21380000
 690          731.30977000
 691          732.41324000
 692          733.50967000
 693          734.61342000
 694          735.70999000
 695          736.81396000
 696          737.91070000
 697          739.01492000
 698          740.11195000
 699          741.21646000
 700          742.32109000
 701          743.41846000
 702          744.52330000
 703          745.62831000
 704          746.73340000
 705          747.83130000
 706          748.93666000
 707          750.04214000
 708          751.14773000
 709          752.25351000
 710          753.35198000
 711          754.45799000
 712          755.56414000
 713          756.67043000
 714          757.77665000
 715          758.88325000
 716          759.98995000
 717          761.09682000
 718          762.20376000
 719          763.31085000
 720          764.42546000
 721          765.53282000
 722          766.64037000
 723          767.74793000
 724          768.85567000
 725          769.97120000
 726          771.07908000
 727          772.18720000
 728          773.29553000
 729          774.41155000
 730          775.52011000
 731          776.62877000
 732          777.74520000
 733          778.85415000
 734          779.97096000
 735          781.08016000
 736          782.19727000
 737          783.30677000
 738          784.42407000
 739          785.53381000
 740          786.65151000
 741          787.76929000
 742          788.87953000
 743          789.99758000
 744          791.11583000
 745          792.22637000
 746          793.34496000
 747          794.46361000
 748          795.57469000
 749          796.69366000
 750          797.81277000
 751          798.93203000
 752          800.05154000
 753          801.17110000
 754          802.29088000
 755          803.41088000
 756          804.53079000
 757          805.65103000
 758          806.77137000
 759          807.89197000
 760          809.01259000
 761          810.13345000
 762          811.25431000
 763          812.37544000
 764          813.49669000
 765          814.61820000
 766          815.74775000
 767          816.86955000
 768          817.99132000
 769          819.11340000
 770          820.24369000
 771          821.36608000
 772          822.48854000
 773          823.61942000
 774          824.74208000
 775          825.86509000
 776          826.99636000
 777          828.11970000
 778          829.25130000
 779          830.37494000
 780          831.50678000
 781          832.63071000
 782          833.76306000
 783          834.89549000
 784          836.01996000
 785          837.15268000
 786          838.28562000
 787          839.41043000
 788          840.54380000
 789          841.67725000
 790          842.81093000
 791          843.93640000
 792          845.07034000
 793          846.20447000
 794          847.33889000
 795          848.47333000
 796          849.60804000
 797          850.74286000
 798          851.87783000
 799          853.01298000
 800          854.14842000
 801          855.28393000
 802          856.41971000
 803          857.55553000
 804          858.69155000
 805          859.82776000
 806          860.96420000
 807          862.10075000
 808          863.24607000
 809          864.38305000
 810          865.52001000
 811          866.65731000
 812          867.80328000
 813          868.94099000
 814          870.07875000
 815          871.22534000
 816          872.36334000
 817          873.50175000
 818          874.64882000
 819          875.78758000
 820          876.93501000
 821          878.07414000
 822          879.22184000
 823          880.36131000
 824          881.50950000
 825          882.64932000
 826          883.79787000
 827          884.94677000
 828          886.08690000
 829          887.23615000
 830          888.38549000
 831          889.52640000
 832          890.67611000
 833          891.82610000
 834          892.97616000
 835          894.12653000
 836          895.26832000
 837          896.41903000
 838          897.56998000
 839          898.72105000
 840          899.87231000
 841          901.02377000
 842          902.17551000
 843          903.32732000
 844          904.47946000
 845          905.63171000
 846          906.78421000
 847          907.93670000
 848          909.08964000
 849          910.25154000
 850          911.40485000
 851          912.55829000
 852          913.71198000
 853          914.86567000
 854          916.02868000
 855          917.18289000
 856          918.33736000
 857          919.50099000
 858          920.65582000
 859          921.81072000
 860          922.97502000
 861          924.13039000
 862          925.29511000
 863          926.45100000
 864          927.60696000
 865          928.77218000
 866          929.93766000
 867          931.09435000
 868          932.26021000
 869          933.41732000
 870          934.58360000
 871          935.75014000
 872          936.90764000
 873          938.07472000
 874          939.24189000
 875          940.40011000
 876          941.56772000
 877          942.73547000
 878          943.90351000
 879          945.06260000
 880          946.23102000
 881          947.39973000
 882          948.56858000
 883          949.73765000
 884          950.90697000
 885          952.07653000
 886          953.24627000
 887          954.41625000
 888          955.58639000
 889          956.75678000
 890          957.92742000
 891          959.09826000
 892          960.26931000
 893          961.44053000
 894          962.62149000
 895          963.79304000
 896          964.96500000
 897          966.13712000
 898          967.30953000
 899          968.49146000
 900          969.66429000
 901          970.83713000
 902          972.01990000
 903          973.19330000
 904          974.36701000
 905          975.55040000
 906          976.72451000
 907          977.90826000
 908          979.08280000
 909          980.26711000
 910          981.44213000
 911          982.62685000
 912          983.80232000
 913          984.98745000
 914          986.16334000
 915          987.34900000
 916          988.53498000
 917          989.71155000
 918          990.89791000
 919          992.08451000
 920          993.26161000
 921          994.44881000
 922          995.63606000
 923          996.82371000
 924          998.01147000
 925          999.18970000
 926         1000.37794000
 927         1001.56648000
 928         1002.75517000
 929         1003.94422000
 930         1005.13334000
 931         1006.32276000
 932         1007.51242000
 933         1008.70234000
 934         1009.89244000
 935         1011.08287000
 936         1012.27346000
 937         1013.46432000
 938         1014.65536000
 939         1015.84670000
 940         1017.04814000
 941         1018.23999000
 942         1019.43203000
 943         1020.62422000
 944         1021.81678000
 945         1023.01946000
 946         1024.21253000
 947         1025.40577000
 948         1026.60920000
 949         1027.80277000
 950         1028.99677000
 951         1030.20097000
 952         1031.39546000
 953         1032.60009000
 954         1033.79513000
 955         1035.00012000
 956         1036.19560000
 957         1037.40124000
 958         1038.59722000
 959         1039.80335000
 960         1040.99980000
 961         1042.20637000
 962         1043.41337000
 963         1044.61047000
 964         1045.81798000
 965         1047.02571000
 966         1048.22356000
 967         1049.43163000
 968         1050.64018000
 969         1051.84891000
 970         1053.04778000
 971         1054.25709000
 972         1055.46656000
 973         1056.67622000
 974         1057.88624000
 975         1059.09657000
 976         1060.29684000
 977         1061.50767000
 978         1062.71870000
 979         1063.93000000
 980         1065.14145000
 981         1066.35329000
 982         1067.56531000
 983         1068.77775000
 984         1070.00062000
 985         1071.21355000
 986         1072.42651000
 987         1073.63990000
 988         1074.85351000
 989         1076.06742000
 990         1077.28153000
 991         1078.50644000
 992         1079.72092000
 993         1080.93587000
 994         1082.15101000
 995         1083.37696000
 996         1084.59262000
 997         1085.80870000
 998         1087.03529000
 999         1088.25177000
1000         1089.47907000
1001         1090.69609000
1002         1091.91340000
1003         1093.14138000
1004         1094.35916000
1005         1095.58775000
1006         1096.80613000
1007         1098.03520000
1008         1099.25413000
1009         1100.48384000
1010         1101.71369000
1011         1102.93330000
1012         1104.16388000
1013         1105.39472000
1014         1106.61522000
1015         1107.84653000
1016         1109.07812000
1017         1110.29927000
1018         1111.53152000
1019         1112.76389000
1020         1113.99674000
1021         1115.22969000
1022         1116.45214000
1023         1117.68575000
1024         1118.91963000
1025         1120.15377000
1026         1121.38818000
1027         1122.62294000
1028         1123.85771000
1029         1125.09296000
1030         1126.32844000
1031         1127.56433000
1032         1128.80036000
1033         1130.03679000
1034         1131.27321000
1035         1132.51015000
1036         1133.74729000
1037         1134.98482000
1038         1136.22253000
1039         1137.47154000
1040         1138.70967000
1041         1139.94829000
1042         1141.18717000
1043         1142.42640000
1044         1143.67676000
1045         1144.91648000
1046         1146.15630000
1047         1147.40769000
1048         1148.64819000
1049         1149.88911000
1050         1151.14119000
1051         1152.38262000
1052         1153.62422000
1053         1154.87721000
1054         1156.11953000
1055         1157.37311000
1056         1158.61598000
1057         1159.87024000
1058         1161.11350000
1059         1162.36830000
1060         1163.61221000
1061         1164.86763000
1062         1166.12341000
1063         1167.36814000
1064         1168.62450000
1065         1169.88086000
1066         1171.12658000
1067         1172.38372000
1068         1173.64119000
1069         1174.88773000
1070         1176.14581000
1071         1177.40396000
1072         1178.66275000
1073         1179.91034000
1074         1181.16960000
1075         1182.42915000
1076         1183.68907000
1077         1184.94901000
1078         1186.20947000
1079         1187.47029000
1080         1188.73126000
1081         1189.98131000
1082         1191.24286000
1083         1192.50472000
1084         1193.76694000
1085         1195.02950000
1086         1196.30370000
1087         1197.56691000
1088         1198.83022000
1089         1200.09391000
1090         1201.35794000
1091         1202.62226000
1092         1203.88687000
1093         1205.15188000
1094         1206.41705000
1095         1207.69399000
1096         1208.95983000
1097         1210.22604000
1098         1211.49240000
1099         1212.77078000
1100         1214.03776000
1101         1215.30505000
1102         1216.58431000
1103         1217.85221000
1104         1219.12045000
1105         1220.40076000
1106         1221.66966000
1107         1222.93862000
1108         1224.21980000
1109         1225.48954000
1110         1226.77136000
1111         1228.04171000
1112         1229.32415000
1113         1230.59493000
1114         1231.87797000
1115         1233.14957000
1116         1234.43329000
1117         1235.71719000
1118         1236.98982000
1119         1238.27422000
1120         1239.54737000
1121         1240.83255000
1122         1242.11822000
1123         1243.39221000
1124         1244.67836000
1125         1245.96472000
1126         1247.25158000
1127         1248.52681000
1128         1249.81434000
1129         1251.10209000
1130         1252.39028000
1131         1253.67842000
1132         1254.95534000
1133         1256.24437000
1134         1257.53370000
1135         1258.82345000
1136         1260.11350000
1137         1261.40383000
1138         1262.69431000
1139         1263.98534000
1140         1265.27652000
1141         1266.56822000
1142         1267.86006000
1143         1269.15239000
1144         1270.44484000
1145         1271.73768000
1146         1273.03089000
1147         1274.32445000
1148         1275.61825000
1149         1276.91252000
1150         1278.21897000
1151         1279.51381000
1152         1280.80887000
1153         1282.10437000
1154         1283.40020000
1155         1284.70851000
1156         1286.00471000
1157         1287.30161000
1158         1288.59858000
1159         1289.90828000
1160         1291.20597000
1161         1292.50407000
1162         1293.81453000
1163         1295.11320000
1164         1296.41227000
1165         1297.72387000
1166         1299.02361000
1167         1300.33576000
1168         1301.63599000
1169         1302.94892000
1170         1304.24993000
1171         1305.56362000
1172         1306.86524000
1173         1308.17955000
1174         1309.48172000
1175         1310.79663000
1176         1312.09965000
1177         1313.41527000
1178         1314.73123000
1179         1316.03514000
1180         1317.35175000
1181         1318.65617000
1182         1319.97359000
1183         1321.29121000
1184         1322.59683000
1185         1323.91520000
1186         1325.23373000
1187         1326.55285000
1188         1327.85965000
1189         1329.17936000
1190         1330.49936000
1191         1331.81978000
1192         1333.14049000
1193         1334.46144000
1194         1335.77025000
1195         1337.09202000
1196         1338.41419000
1197         1339.73661000
1198         1341.05928000
1199         1342.38231000
1200         1343.70574000
1201         1345.02954000
1202         1346.35370000
1203         1347.67823000
1204         1349.00298000
1205         1350.32805000
1206         1351.65350000
1207         1352.97943000
1208         1354.30556000
1209         1355.63215000
1210         1356.95895000
1211         1358.28603000
1212         1359.62636000
1213         1360.95425000
1214         1362.28259000
1215         1363.61110000
1216         1364.94004000
1217         1366.28193000
1218         1367.61161000
1219         1368.94157000
1220         1370.27196000
1221         1371.61547000
1222         1372.94642000
1223         1374.27760000
1224         1375.60935000
1225         1376.95426000
1226         1378.28667000
1227         1379.63225000
1228         1380.96544000
1229         1382.29857000
1230         1383.64532000
1231         1384.97938000
1232         1386.32690000
1233         1387.66169000
1234         1389.00981000
1235         1390.34516000
1236         1391.69385000
1237         1393.03006000
1238         1394.37964000
1239         1395.71653000
1240         1397.06680000
1241         1398.40434000
1242         1399.75529000
1243         1401.09349000
1244         1402.44525000
1245         1403.79733000
1246         1405.13662000
1247         1406.48948000
1248         1407.84249000
1249         1409.18283000
1250         1410.53661000
1251         1411.89098000
1252         1413.24551000
1253         1414.58729000
1254         1415.94236000
1255         1417.29818000
1256         1418.65413000
1257         1419.99742000
1258         1421.35405000
1259         1422.71124000
1260         1424.06852000
1261         1425.42638000
1262         1426.78449000
1263         1428.14314000
1264         1429.50204000
1265         1430.84816000
1266         1432.20750000
1267         1433.56753000
1268         1434.92794000
1269         1436.28873000
1270         1437.64987000
1271         1439.01123000
1272         1440.37293000
1273         1441.73515000
1274         1443.09772000
1275         1444.46064000
1276         1445.83732000
1277         1447.20093000
1278         1448.56484000
1279         1449.92911000
1280         1451.29400000
1281         1452.65906000
1282         1454.02458000
1283         1455.40377000
1284         1456.76991000
1285         1458.13636000
1286         1459.50343000
1287         1460.87063000
1288         1462.25183000
1289         1463.61993000
1290         1464.98831000
1291         1466.35679000
1292         1467.73962000
1293         1469.10899000
1294         1470.47892000
1295         1471.86290000
1296         1473.23337000
1297         1474.60422000
1298         1475.98916000
1299         1477.36084000
1300         1478.74661000
1301         1480.11909000
1302         1481.50550000
1303         1482.87859000
1304         1484.25208000
1305         1485.63968000
1306         1487.01392000
1307         1488.40245000
1308         1489.77728000
1309         1491.16638000
1310         1492.55588000
1311         1493.93195000
1312         1495.32218000
1313         1496.69912000
1314         1498.09006000
1315         1499.46751000
1316         1500.85931000
1317         1502.25162000
1318         1503.63025000
1319         1505.02324000
1320         1506.41640000
1321         1507.79614000
1322         1509.19028000
1323         1510.58474000
1324         1511.97969000
1325         1513.36084000
1326         1514.75657000
1327         1516.15226000
1328         1517.54877000
1329         1518.93142000
1330         1520.32868000
1331         1521.72606000
1332         1523.12406000
1333         1524.52235000
1334         1525.92090000
1335         1527.30586000
1336         1528.70530000
1337         1530.10500000
1338         1531.50530000
1339         1532.90586000
1340         1534.30667000
1341         1535.70791000
1342         1537.10973000
1343         1538.51179000
1344         1539.91443000
1345         1541.31731000
1346         1542.72040000
1347         1544.12391000
1348         1545.52814000
1349         1546.93260000
1350         1548.33727000
1351         1549.74250000
1352         1551.14792000
1353         1552.55389000
1354         1553.97449000
1355         1555.38122000
1356         1556.78830000
1357         1558.19592000
1358         1559.60353000
1359         1561.01186000
1360         1562.43485000
1361         1563.84387000
1362         1565.25341000
1363         1566.66329000
1364         1568.07314000
1365         1569.49822000
1366         1570.90909000
1367         1572.32063000
1368         1573.74672000
1369         1575.15891000
1370         1576.57140000
1371         1577.98419000
1372         1579.41191000
1373         1580.82567000
1374         1582.25419000
1375         1583.66873000
1376         1585.08356000
1377         1586.51315000
1378         1587.92890000
1379         1589.35926000
1380         1590.77575000
1381         1592.19251000
1382         1593.62425000
1383         1595.04171000
1384         1596.47437000
1385         1597.89253000
1386         1599.32608000
1387         1600.74511000
1388         1602.17936000
1389         1603.59905000
1390         1605.03398000
1391         1606.46934000
1392         1607.89048000
1393         1609.32650000
1394         1610.74845000
1395         1612.18511000
1396         1613.62256000
1397         1615.04553000
1398         1616.48379000
1399         1617.92227000
1400         1619.34659000
1401         1620.78566000
1402         1622.22551000
1403         1623.65097000
1404         1625.09157000
1405         1626.53256000
1406         1627.97393000
1407         1629.40087000
1408         1630.84278000
1409         1632.28544000
1410         1633.72846000
1411         1635.17185000
1412         1636.60073000
1413         1638.04501000
1414         1639.48925000
1415         1640.93441000
1416         1642.37973000
1417         1643.82558000
1418         1645.27176000
1419         1646.70352000
1420         1648.15035000
1421         1649.59770000
1422         1651.04556000
1423         1652.49393000
1424         1653.94243000
1425         1655.39162000
1426         1656.84072000
1427         1658.29072000
1428         1659.74082000
1429         1661.19160000
1430         1662.64268000
1431         1664.09424000
1432         1665.54589000
1433         1666.99821000
1434         1668.45101000
1435         1669.90408000
1436         1671.35762000
1437         1672.82655000
1438         1674.28082000
1439         1675.73536000
1440         1677.19055000
1441         1678.64619000
1442         1680.10208000
1443         1681.55841000
1444         1683.03058000
1445         1684.48740000
1446         1685.94505000
1447         1687.40294000
1448         1688.86145000
1449         1690.33544000
1450         1691.79481000
1451         1693.25419000
1452         1694.71419000
1453         1696.18989000
1454         1697.65072000
1455         1699.11195000
1456         1700.58911000
1457         1702.05095000
1458         1703.51338000
1459         1704.99177000
1460         1706.45499000
1461         1707.91880000
1462         1709.39818000
1463         1710.86255000
1464         1712.34292000
1465         1713.80835000
1466         1715.27405000
1467         1716.75577000
1468         1718.22231000
1469         1719.70456000
1470         1721.17193000
1471         1722.65533000
1472         1724.12351000
1473         1725.60764000
1474         1727.07672000
1475         1728.56166000
1476         1730.03142000
1477         1731.51727000
1478         1732.98791000
1479         1734.47454000
1480         1735.96173000
1481         1737.43366000
1482         1738.92130000
1483         1740.39429000
1484         1741.88300000
1485         1743.37214000
1486         1744.84606000
1487         1746.33625000
1488         1747.81088000
1489         1749.30169000
1490         1750.79302000
1491         1752.28486000
1492         1753.76130000
1493         1755.25384000
1494         1756.74657000
1495         1758.22450000
1496         1759.71833000
1497         1761.21255000
1498         1762.70727000
1499         1764.18671000
1500         1765.68208000
1501         1767.17794000
1502         1768.67439000
1503         1770.17132000
1504         1771.65278000
1505         1773.15033000
1506         1774.64845000
1507         1776.14695000
1508         1777.64579000
1509         1779.14520000
1510         1780.64519000
1511         1782.12950000
1512         1783.63006000
1513         1785.13085000
1514         1786.63252000
1515         1788.13442000
1516         1789.63675000
1517         1791.13953000
1518         1792.64296000
1519         1794.14628000
1520         1795.65035000
1521         1797.15485000
1522         1798.65988000
1523         1800.16522000
1524         1801.67098000
1525         1803.17693000
1526         1804.68363000
1527         1806.19073000
1528         1807.69812000
1529         1809.20602000
1530         1810.71455000
1531         1812.22325000
1532         1813.74826000
1533         1815.25786000
1534         1816.76808000
1535         1818.27856000
1536         1819.78943000
1537         1821.30090000
1538         1822.81241000
1539         1824.34083000
1540         1825.85342000
1541         1827.36661000
1542         1828.88004000
1543         1830.39394000
1544         1831.92424000
1545         1833.43921000
1546         1834.95441000
1547         1836.46996000
1548         1838.00226000
1549         1839.51897000
1550         1841.03555000
1551         1842.55293000
1552         1844.08697000
1553         1845.60536000
1554         1847.12396000
1555         1848.65937000
1556         1850.17863000
1557         1851.69866000
1558         1853.23541000
1559         1854.75619000
1560         1856.27739000
1561         1857.81556000
1562         1859.33761000
1563         1860.87631000
1564         1862.39944000
1565         1863.92285000
1566         1865.46304000
1567         1866.98727000
1568         1868.52865000
1569         1870.05346000
1570         1871.59542000
1571         1873.12137000
1572         1874.66451000
1573         1876.19136000
1574         1877.73505000
1575         1879.26257000
1576         1880.80741000
1577         1882.33592000
1578         1883.88153000
1579         1885.41090000
1580         1886.95752000
1581         1888.48765000
1582         1890.03489000
1583         1891.58276000
1584         1893.11444000
1585         1894.66316000
1586         1896.19555000
1587         1897.74512000
1588         1899.29519000
1589         1900.82886000
1590         1902.37974000
1591         1903.93134000
1592         1905.46627000
1593         1907.01856000
1594         1908.57096000
1595         1910.10750000
1596         1911.66104000
1597         1913.21504000
1598         1914.76950000
1599         1916.30782000
1600         1917.86294000
1601         1919.41874000
1602         1920.97498000
1603         1922.51504000
1604         1924.07215000
1605         1925.62970000
1606         1927.18745000
1607         1928.72920000
1608         1930.28815000
1609         1931.84754000
1610         1933.40734000
1611         1934.96782000
1612         1936.52846000
1613         1938.07243000
1614         1939.63401000
1615         1941.19625000
1616         1942.75877000
1617         1944.32170000
1618         1945.88528000
1619         1947.44890000
1620         1949.01314000
1621         1950.57778000
1622         1952.14319000
1623         1953.70885000
1624         1955.25780000
1625         1956.82412000
1626         1958.39130000
1627         1959.95860000
1628         1961.52653000
1629         1963.09483000
1630         1964.66375000
1631         1966.23267000
1632         1967.80232000
1633         1969.37246000
1634         1970.96042000
1635         1972.53140000
1636         1974.10286000
1637         1975.67481000
1638         1977.24712000
1639         1978.81987000
1640         1980.39310000
1641         1981.96679000
1642         1983.54121000
1643         1985.11569000
1644         1986.69053000
1645         1988.28352000
1646         1989.85951000
1647         1991.43583000
1648         1993.01272000
1649         1994.59019000
1650         1996.16774000
1651         1997.74596000
1652         1999.34188000
1653         2000.92125000
1654         2002.50079000
1655         2004.08076000
1656         2005.67835000
1657         2007.25944000
1658         2008.84083000
1659         2010.42263000
1660         2012.02233000
1661         2013.60524000
1662         2015.18843000
1663         2016.77178000
1664         2018.37331000
1665         2019.95799000
1666         2021.54294000
1667         2023.14598000
1668         2024.73187000
1669         2026.31805000
1670         2027.92244000
1671         2029.50964000
1672         2031.09751000
1673         2032.70323000
1674         2034.29186000
1675         2035.88063000
1676         2037.48794000
1677         2039.07784000
1678         2040.68592000
1679         2042.27670000
1680         2043.86827000
1681         2045.47737000
1682         2047.06966000
1683         2048.68003000
1684         2050.27331000
1685         2051.88455000
1686         2053.47854000
1687         2055.09078000
1688         2056.68565000
1689         2058.29888000
1690         2059.89467000
1691         2061.50875000
1692         2063.10564000
1693         2064.72068000
1694         2066.31799000
1695         2067.93399000
1696         2069.53276000
1697         2071.14958000
1698         2072.74899000
1699         2074.36703000
1700         2075.98502000
1701         2077.58595000
1702         2079.20510000
1703         2080.80707000
1704         2082.42715000
1705         2084.04768000
1706         2085.65084000
1707         2087.27232000
1708         2088.87621000
1709         2090.49868000
1710         2092.12159000
1711         2093.72722000
1712         2095.35101000
1713         2096.97514000
1714         2098.58189000
1715         2100.20728000
1716         2101.83294000
1717         2103.45918000
1718         2105.06776000
1719         2106.69488000
1720         2108.32239000
1721         2109.95046000
1722         2111.56081000
1723         2113.18999000
1724         2114.81944000
1725         2116.44920000
1726         2118.06158000
1727         2119.69238000
1728         2121.32373000
1729         2122.95549000
1730         2124.58793000
1731         2126.20239000
1732         2127.83536000
1733         2129.46897000
1734         2131.10342000
1735         2132.73794000
1736         2134.37300000
1737         2135.99030000
1738         2137.62630000
1739         2139.26262000
1740         2140.89962000
1741         2142.53698000
1742         2144.17517000
1743         2145.81341000
1744         2147.45191000
1745         2149.09133000
1746         2150.73126000
1747         2152.35298000
1748         2153.99375000
1749         2155.63487000
1750         2157.27664000
1751         2158.91849000
1752         2160.56110000
1753         2162.20435000
1754         2163.84778000
1755         2165.49185000
1756         2167.13624000
1757         2168.78102000
1758         2170.42653000
1759         2172.07237000
1760         2173.71867000
1761         2175.36561000
1762         2177.01286000
1763         2178.66032000
1764         2180.32708000
1765         2181.97604000
1766         2183.62516000
1767         2185.27473000
1768         2186.92491000
1769         2188.57554000
1770         2190.22637000
1771         2191.87790000
1772         2193.52988000
1773         2195.18246000
1774         2196.85400000
1775         2198.50747000
1776         2200.16095000
1777         2201.81561000
1778         2203.47038000
1779         2205.12558000
1780         2206.78152000
1781         2208.45649000
1782         2210.11302000
1783         2211.77008000
1784         2213.42788000
1785         2215.08608000
1786         2216.76336000
1787         2218.42240000
1788         2220.08217000
1789         2221.74192000
1790         2223.42119000
1791         2225.08218000
1792         2226.74372000
1793         2228.40567000
1794         2230.08690000
1795         2231.74937000
1796         2233.41298000
1797         2235.09558000
1798         2236.75981000
1799         2238.42458000
1800         2240.08989000
1801         2241.77428000
1802         2243.44036000
1803         2245.10696000
1804         2246.79327000
1805         2248.46096000
1806         2250.12883000
1807         2251.81660000
1808         2253.48528000
1809         2255.17380000
1810         2256.84379000
1811         2258.51430000
1812         2260.20424000
1813         2261.87563000
1814         2263.56636000
1815         2265.23877000
1816         2266.91152000
1817         2268.60392000
1818         2270.27769000
1819         2271.97128000
1820         2273.64562000
1821         2275.33990000
1822         2277.01551000
1823         2278.71115000
1824         2280.38757000
1825         2282.08388000
1826         2283.76146000
1827         2285.45866000
1828         2287.13704000
1829         2288.83533000
1830         2290.51467000
1831         2292.21411000
1832         2293.89441000
1833         2295.59421000
1834         2297.27579000
1835         2298.97700000
1836         2300.65917000
1837         2302.36133000
1838         2304.04478000
1839         2305.74761000
1840         2307.45101000
1841         2309.13567000
1842         2310.84052000
1843         2312.52608000
1844         2314.23151000
1845         2315.93757000
1846         2317.62455000
1847         2319.33152000
1848         2321.01948000
1849         2322.72735000
1850         2324.43602000
1851         2326.12547000
1852         2327.83457000
1853         2329.54440000
1854         2331.23549000
1855         2332.94636000
1856         2334.65768000
1857         2336.35004000
1858         2338.06229000
1859         2339.77506000
1860         2341.48827000
1861         2343.18283000
1862         2344.89706000
1863         2346.61170000
1864         2348.30749000
1865         2350.02304000
1866         2351.73928000
1867         2353.45594000
1868         2355.15351000
1869         2356.87151000
1870         2358.58956000
1871         2360.30809000
1872         2362.02713000
1873         2363.72737000
1874         2365.44755000
1875         2367.16813000
1876         2368.88927000
1877         2370.61071000
1878         2372.31304000
1879         2374.03570000
1880         2375.75875000
1881         2377.48254000
1882         2379.20653000
1883         2380.93108000
1884         2382.63605000
1885         2384.36170000
1886         2386.08772000
1887         2387.81429000
1888         2389.54141000
1889         2391.26889000
1890         2392.99663000
1891         2394.72520000
1892         2396.45431000
1893         2398.18377000
1894         2399.89381000
1895         2401.62415000
1896         2403.35492000
1897         2405.08632000
1898         2406.81824000
1899         2408.55069000
1900         2410.28367000
1901         2412.01717000
1902         2413.75100000
1903         2415.48506000
1904         2417.22011000
1905         2418.95549000
1906         2420.69119000
1907         2422.42759000
1908         2424.16468000
1909         2425.90162000
1910         2427.63934000
1911         2429.37776000
1912         2431.11667000
1913         2432.85590000
1914         2434.59561000
1915         2436.33620000
1916         2438.07661000
1917         2439.81780000
1918         2441.55948000
1919         2443.30202000
1920         2445.06488000
1921         2446.80821000
1922         2448.55153000
1923         2450.29599000
1924         2452.04056000
1925         2453.78578000
1926         2455.53147000
1927         2457.27783000
1928         2459.02416000
1929         2460.77125000
1930         2462.53933000
1931         2464.28754000
1932         2466.03622000
1933         2467.78534000
1934         2469.53492000
1935         2471.28505000
1936         2473.05593000
1937         2474.80706000
1938         2476.55863000
1939         2478.31085000
1940         2480.06350000
1941         2481.81630000
1942         2483.59049000
1943         2485.34446000
1944         2487.09906000
1945         2488.85410000
1946         2490.63026000
1947         2492.38606000
1948         2494.14258000
1949         2495.89952000
1950         2497.67782000
1951         2499.43580000
1952         2501.19440000
1953         2502.95341000
1954         2504.73332000
1955         2506.49337000
1956         2508.25381000
1957         2510.01467000
1958         2511.79695000
1959         2513.55902000
1960         2515.32118000
1961         2517.10471000
1962         2518.86838000
1963         2520.63223000
1964         2522.41738000
1965         2524.18243000
1966         2525.94806000
1967         2527.73431000
1968         2529.50072000
1969         2531.26792000
1970         2533.05605000
1971         2534.82380000
1972         2536.59234000
1973         2538.38194000
1974         2540.15123000
1975         2541.94189000
1976         2543.71233000
1977         2545.48333000
1978         2547.27554000
1979         2549.04748000
1980         2550.84033000
1981         2552.61340000
1982         2554.40770000
1983         2556.18149000
1984         2557.95582000
1985         2559.75183000
1986         2561.52676000
1987         2563.32349000
1988         2565.09983000
1989         2566.89788000
1990         2568.67512000
1991         2570.47387000
1992         2572.25189000
1993         2574.05195000
1994         2575.83136000
1995         2577.63211000
1996         2579.41259000
1997         2581.21443000
1998         2582.99576000
1999         2584.79838000
2000         2586.58078000
2001         2588.38456000
2002         2590.16801000
2003         2591.97287000
2004         2593.75736000
2005         2595.56298000
2006         2597.34808000
2007         2599.15505000
2008         2600.96277000
2009         2602.74942000
2010         2604.55796000
2011         2606.34563000
2012         2608.15511000
2013         2609.94379000
2014         2611.75418000
2015         2613.56531000
2016         2615.35570000
2017         2617.16763000
2018         2618.97996000
2019         2620.77163000
2020         2622.58529000
2021         2624.37815000
2022         2626.19258000
2023         2628.00795000
2024         2629.80174000
2025         2631.61788000
2026         2633.43451000
2027         2635.23049000
2028         2637.04809000
2029         2638.86618000
2030         2640.66337000
2031         2642.48233000
2032         2644.30209000
2033         2646.10068000
2034         2647.92139000
2035         2649.74280000
2036         2651.56445000
2037         2653.36481000
2038         2655.18740000
2039         2657.01091000
2040         2658.81316000
2041         2660.63737000
2042         2662.46204000
2043         2664.28761000
2044         2666.09135000
2045         2667.91761000
2046         2669.74455000
2047         2671.57195000
2048         2673.39980000
2049         2675.20650000
2050         2677.03514000
2051         2678.86455000
2052         2680.69440000
2053         2682.50306000
2054         2684.33423000
2055         2686.16562000
2056         2687.99744000
2057         2689.82938000
2058         2691.66252000
2059         2693.47439000
2060         2695.30816000
2061         2697.14257000
2062         2698.97787000
2063         2700.81304000
2064         2702.64896000
2065         2704.46376000
2066         2706.30095000
2067         2708.13834000
2068         2709.97636000
2069         2711.81479000
2070         2713.65377000
2071         2715.49348000
2072         2717.33337000
2073         2719.17412000
2074         2720.99341000
2075         2722.83495000
2076         2724.67679000
2077         2726.51959000
2078         2728.36278000
2079         2730.20635000
2080         2732.05055000
2081         2733.89561000
2082         2735.74026000
2083         2737.58608000
2084         2739.43228000
2085         2741.27933000
2086         2743.12653000
2087         2744.97410000
2088         2746.82251000
2089         2748.67120000
2090         2750.52035000
2091         2752.37011000
2092         2754.19842000
2093         2756.04960000
2094         2757.90091000
2095         2759.75225000
2096         2761.60475000
2097         2763.47993000
2098         2765.33339000
2099         2767.18720000
2100         2769.04159000
2101         2770.89681000
2102         2772.75181000
2103         2774.60772000
2104         2776.46444000
2105         2778.32151000
2106         2780.17891000
2107         2782.03689000
2108         2783.89536000
2109         2785.75448000
2110         2787.61394000
2111         2789.47396000
2112         2791.33479000
2113         2793.19595000
2114         2795.05766000
2115         2796.94166000
2116         2798.80451000
2117         2800.66768000
2118         2802.53140000
2119         2804.39544000
2120         2806.26027000
2121         2808.12532000
2122         2809.99101000
2123         2811.85725000
2124         2813.74666000
2125         2815.61375000
2126         2817.48163000
2127         2819.34981000
2128         2821.21868000
2129         2823.08793000
2130         2824.98016000
2131         2826.85074000
2132         2828.72161000
2133         2830.59300000
2134         2832.46459000
2135         2834.33728000
2136         2836.23252000
2137         2838.10603000
2138         2839.98006000
2139         2841.85462000
2140         2843.72968000
2141         2845.62750000
2142         2847.50336000
2143         2849.38023000
2144         2851.25737000
2145         2853.15737000
2146         2855.03553000
2147         2856.91386000
2148         2858.79304000
2149         2860.69536000
2150         2862.57555000
2151         2864.45649000
2152         2866.33768000
2153         2868.24205000
2154         2870.12389000
2155         2872.00682000
2156         2873.88999000
2157         2875.79638000
2158         2877.68103000
2159         2879.56567000
2160         2881.47347000
2161         2883.35934000
2162         2885.24594000
2163         2887.15556000
2164         2889.04287000
2165         2890.93091000
2166         2892.84225000
2167         2894.73090000
2168         2896.62037000
2169         2898.53316000
2170         2900.42383000
2171         2902.31470000
2172         2904.22919000
2173         2906.12090000
2174         2908.01368000
2175         2909.92958000
2176         2911.82303000
2177         2913.71718000
2178         2915.63501000
2179         2917.53008000
2180         2919.44848000
2181         2921.34471000
2182         2923.24139000
2183         2925.16178000
2184         2927.05935000
2185         2928.98092000
2186         2930.87929000
2187         2932.77845000
2188         2934.70136000
2189         2936.60191000
2190         2938.52572000
2191         2940.42715000
2192         2942.35211000
2193         2944.25431000
2194         2946.15728000
2195         2948.08382000
2196         2949.98765000
2197         2951.91558000
2198         2953.82051000
2199         2955.74870000
2200         2957.65473000
2201         2959.58465000
2202         2961.49179000
2203         2963.42255000
2204         2965.33078000
2205         2967.26265000
2206         2969.17134000
2207         2971.10431000
2208         2973.01443000
2209         2974.94877000
2210         2976.85996000
2211         2978.79484000
2212         2980.70701000
2213         2982.64298000
2214         2984.55629000
2215         2986.49333000
2216         2988.40796000
2217         2990.34607000
2218         2992.26148000
2219         2994.20030000
2220         2996.14041000
2221         2998.05724000
2222         2999.99813000
2223         3001.91599000
2224         3003.85820000
2225         3005.77707000
2226         3007.71969000
2227         3009.66333000
2228         3011.58387000
2229         3013.52853000
2230         3015.45007000
2231         3017.39576000
2232         3019.34174000
2233         3021.26492000
2234         3023.21200000
2235         3025.13616000
2236         3027.08479000
2237         3029.03352000
2238         3030.95930000
2239         3032.90893000
2240         3034.85929000
2241         3036.78667000
2242         3038.73801000
2243         3040.66663000
2244         3042.61923000
2245         3044.57183000
2246         3046.50174000
2247         3048.45594000
2248         3050.41049000
2249         3052.34196000
2250         3054.29775000
2251         3056.25416000
2252         3058.18682000
2253         3060.14418000
2254         3062.10188000
2255         3064.06048000
2256         3065.99562000
2257         3067.95516000
2258         3069.91466000
2259         3071.85160000
2260         3073.81267000
2261         3075.77407000
2262         3077.73607000
2263         3079.67510000
2264         3081.63830000
2265         3083.60145000
2266         3085.54196000
2267         3087.50695000
2268         3089.47196000
2269         3091.43785000
2270         3093.38041000
2271         3095.34711000
2272         3097.31449000
2273         3099.28216000
2274         3101.25100000
2275         3103.19586000
2276         3105.16557000
2277         3107.13558000
2278         3109.10608000
2279         3111.05322000
2280         3113.02467000
2281         3114.99698000
2282         3116.96987000
2283         3118.94303000
2284         3120.89270000
2285         3122.86663000
2286         3124.84179000
2287         3126.81723000
2288         3128.79324000
2289         3130.76951000
2290         3132.72251000
2291         3134.69982000
2292         3136.67777000
2293         3138.65657000
2294         3140.63564000
2295         3142.61526000
2296         3144.57123000
2297         3146.55224000
2298         3148.53314000
2299         3150.51495000
2300         3152.49732000
2301         3154.48023000
2302         3156.46368000
2303         3158.44768000
2304         3160.40726000
2305         3162.39263000
2306         3164.37794000
2307         3166.36408000
2308         3168.35076000
2309         3170.33798000
2310         3172.32573000
2311         3174.31363000
2312         3176.30213000
2313         3178.29177000
2314         3180.25723000
2315         3182.24730000
2316         3184.23820000
2317         3186.22992000
2318         3188.22148000
2319         3190.21394000
2320         3192.20691000
2321         3194.20070000
2322         3196.19470000
2323         3198.18922000
2324         3200.18417000
2325         3202.18000000
2326         3204.17604000
2327         3206.17289000
2328         3208.17025000
2329         3210.16810000
2330         3212.16646000
2331         3214.16494000
2332         3216.16460000
2333         3218.16445000
2334         3220.16480000
2335         3222.16595000
2336         3224.16758000
2337         3226.16933000
2338         3228.17195000
2339         3230.17505000
2340         3232.17895000
2341         3234.18333000
2342         3236.18820000
2343         3238.19323000
2344         3240.19898000
2345         3242.20528000
2346         3244.21237000
2347         3246.21994000
2348         3248.22797000
2349         3250.23648000
2350         3252.24546000
2351         3254.25483000
2352         3256.26505000
2353         3258.27574000
2354         3260.28690000
2355         3262.29882000
2356         3264.31090000
2357         3266.32336000
2358         3268.36153000
2359         3270.37561000
2360         3272.39015000
2361         3274.40483000
2362         3276.42027000
2363         3278.43648000
2364         3280.45275000
2365         3282.46985000
2366         3284.48740000
2367         3286.50570000
2368         3288.54942000
2369         3290.56862000
2370         3292.58818000
2371         3294.60857000
2372         3296.62940000
2373         3298.65066000
2374         3300.67299000
2375         3302.69543000
2376         3304.74335000
2377         3306.76659000
2378         3308.79064000
2379         3310.81544000
2380         3312.84034000
2381         3314.86598000
2382         3316.91748000
2383         3318.94429000
2384         3320.97113000
2385         3322.99909000
2386         3325.02747000
2387         3327.05658000
2388         3329.11096000
2389         3331.14090000
2390         3333.17118000
2391         3335.20225000
2392         3337.23406000
2393         3339.29117000
2394         3341.32412000
2395         3343.35713000
2396         3345.39087000
2397         3347.42494000
2398         3349.48508000
2399         3351.52034000
2400         3353.55631000
2401         3355.59300000
2402         3357.62976000
2403         3359.69256000
2404         3361.73035000
2405         3363.76892000
2406         3365.80821000
2407         3367.87325000
2408         3369.91330000
2409         3371.95439000
2410         3373.99512000
2411         3376.06238000
2412         3378.10460000
2413         3380.14752000
2414         3382.19114000
2415         3384.26059000
2416         3386.30496000
2417         3388.34961000
2418         3390.42086000
2419         3392.46699000
2420         3394.51347000
2421         3396.56098000
2422         3398.63405000
2423         3400.68228000
2424         3402.73079000
2425         3404.80596000
2426         3406.85559000
2427         3408.90590000
2428         3410.98283000
2429         3413.03418000
2430         3415.08580000
2431         3417.16414000
2432         3419.21719000
2433         3421.27092000
2434         3423.35066000
2435         3425.40540000
2436         3427.46083000
2437         3429.54187000
2438         3431.59831000
2439         3433.65507000
2440         3435.73857000
2441         3437.79633000
2442         3439.85510000
2443         3441.93961000
2444         3443.99896000
2445         3446.05904000
2446         3448.14558000
2447         3450.20664000
2448         3452.29452000
2449         3454.35657000
2450         3456.41920000
2451         3458.50840000
2452         3460.57241000
2453         3462.66260000
2454         3464.72757000
2455         3466.79320000
2456         3468.88537000
2457         3470.95119000
2458         3473.04434000
2459         3475.11222000
2460         3477.18039000
2461         3479.27515000
2462         3481.34426000
2463         3483.44033000
2464         3485.51032000
2465         3487.60699000
2466         3489.67867000
2467         3491.75062000
2468         3493.84924000
2469         3495.92247000
2470         3498.02160000
2471         3500.09575000
2472         3502.19659000
2473         3504.27164000
2474         3506.37375000
2475         3508.45006000
2476         3510.55310000
2477         3512.62988000
2478         3514.70806000
2479         3516.81263000
2480         3518.89170000
2481         3520.99754000
2482         3523.07784000
2483         3525.18458000
2484         3527.26534000
2485         3529.37297000
2486         3531.45538000
2487         3533.56461000
2488         3535.64788000
2489         3537.75800000
2490         3539.84248000
2491         3541.95342000
2492         3544.03876000
2493         3546.15098000
2494         3548.23788000
2495         3550.35133000
2496         3552.46540000
2497         3554.55296000
2498         3556.66824000
2499         3558.75742000
2500         3560.87355000
2501         3562.96392000
2502         3565.08162000
2503         3567.17280000
2504         3569.29092000
2505         3571.38328000
2506         3573.50301000
2507         3575.62298000
2508         3577.71711000
2509         3579.83863000
2510         3581.93392000
2511         3584.05583000
2512         3586.15191000
2513         3588.27543000
2514         3590.39954000
2515         3592.49735000
2516         3594.62226000
2517         3596.72116000
2518         3598.84724000
2519         3600.97390000
2520         3603.07457000
2521         3605.20239000
2522         3607.30419000
2523         3609.43316000
2524         3611.56191000
2525         3613.66577000
2526         3615.79610000
2527         3617.90071000
2528         3620.03217000
2529         3622.16457000
2530         3624.27086000
2531         3626.40358000
2532         3628.53731000
2533         3630.64526000
2534         3632.78011000
2535         3634.88916000
2536         3637.02512000
2537         3639.16202000
2538         3641.27191000
2539         3643.40954000
2540         3645.54811000
2541         3647.66005000
2542         3649.79934000
2543         3651.93919000
2544         3654.05270000
2545         3656.19363000
2546         3658.33550000
2547         3660.45066000
2548         3662.59362000
2549         3664.73673000
2550         3666.85387000
2551         3668.99763000
2552         3671.14274000
2553         3673.28840000
2554         3675.40727000
2555         3677.55399000
2556         3679.70124000
2557         3681.82206000
2558         3683.96956000
2559         3686.11840000
2560         3688.26816000
2561         3690.39105000
2562         3692.54148000
2563         3694.69243000
2564         3696.81724000
2565         3698.96879000
2566         3701.12130000
2567         3703.27472000
2568         3705.40158000
2569         3707.55602000
2570         3709.71060000
2571         3711.86603000
2572         3713.99489000
2573         3716.15139000
2574         3718.30840000
2575         3720.46631000
2576         3722.59717000
2577         3724.75608000
2578         3726.91507000
2579         3729.07499000
2580         3731.20821000
2581         3733.36913000
2582         3735.53056000
2583         3737.69288000
2584         3739.85569000
2585         3741.99129000
2586         3744.15470000
2587         3746.31938000
2588         3748.48417000
2589         3750.64984000
2590         3752.78868000
2591         3754.95493000
2592         3757.12161000
2593         3759.28922000
2594         3761.45772000
2595         3763.59893000
2596         3765.76838000
2597         3767.93831000
2598         3770.10828000
2599         3772.27956000
2600         3774.42351000
2601         3776.59573000
2602         3778.76844000
2603         3780.94161000
2604         3783.11526000
2605         3785.28933000
2606         3787.43683000
2607         3789.61227000
2608         3791.78818000
2609         3793.96456000
2610         3796.14180000
2611         3798.31950000
2612         3800.49721000
2613         3802.64826000
2614         3804.82814000
2615         3807.00766000
2616         3809.18804000
2617         3811.36929000
2618         3813.55098000
2619         3815.73267000
2620         3817.91527000
2621         3820.07107000
2622         3822.25454000
2623         3824.43888000
2624         3826.62365000
2625         3828.80928000
2626         3830.99489000
2627         3833.18139000
2628         3835.36834000
2629         3837.55613000
2630         3839.71661000
2631         3841.90567000
2632         3844.09430000
2633         3846.28423000
2634         3848.47499000
2635         3850.66578000
2636         3852.85740000
2637         3855.04946000
2638         3857.24234000
2639         3859.43478000
2640         3861.62852000
2641         3863.82309000
2642         3866.01807000
2643         3868.21348000
2644         3870.38183000
2645         3872.57847000
2646         3874.77506000
2647         3876.97253000
2648         3879.17125000
2649         3881.36995000
2650         3883.56907000
2651         3885.76900000
2652         3887.96977000
2653         3890.17005000
2654         3892.37162000
2655         3894.57359000
2656         3896.77680000
2657         3898.97999000
2658         3901.18357000
2659         3903.38798000
2660         3905.59273000
2661         3907.79792000
2662         3910.00392000
2663         3912.21074000
2664         3914.41794000
2665         3916.62553000
2666         3918.83393000
2667         3921.04225000
2668         3923.25185000
2669         3925.46140000
2670         3927.67218000
2671         3929.88334000
2672         3932.09488000
2673         3934.30632000
2674         3936.51904000
2675         3938.73256000
2676         3940.94645000
2677         3943.16070000
2678         3945.37576000
2679         3947.59118000
2680         3949.80694000
2681         3952.02352000
2682         3954.24047000
2683         3956.45864000
2684         3958.67674000
2685         3960.89564000
2686         3963.11489000
2687         3965.33489000
2688         3967.55528000
2689         3969.80440000
2690         3972.02637000
2691         3974.24870000
2692         3976.47138000
2693         3978.69441000
2694         3980.91774000
2695         3983.14277000
2696         3985.36770000
2697         3987.59297000
2698         3989.81946000
2699         3992.04585000
2700         3994.27302000
2701         3996.50048000
2702         3998.75727000
2703         4000.98632000
2704         4003.21572000
2705         4005.44588000
2706         4007.67637000
2707         4009.90763000
2708         4012.13875000
2709         4014.37110000
2710         4016.60378000
2711         4018.83722000
2712         4021.09960000
2713         4023.33413000
2714         4025.56943000
2715         4027.80457000
2716         4030.04050000
2717         4032.27719000
2718         4034.51463000
2719         4036.75239000
2720         4039.01960000
2721         4041.25795000
2722         4043.49754000
2723         4045.73788000
2724         4047.97852000
2725         4050.21991000
2726         4052.46160000
2727         4054.73237000
2728         4056.97464000
2729         4059.21858000
2730         4061.46238000
2731         4063.70691000
2732         4065.95174000
2733         4068.19776000
2734         4070.47292000
2735         4072.71905000
2736         4074.96640000
2737         4077.21448000
2738         4079.46286000
2739         4081.74086000
2740         4083.99026000
2741         4086.24085000
2742         4088.49078000
2743         4090.74192000
2744         4092.99379000
2745         4095.27536000
2746         4097.52824000
2747         4099.78140000
2748         4102.03574000
2749         4104.28987000
2750         4106.57422000
2751         4108.82983000
2752         4111.08616000
2753         4113.34322000
2754         4115.60053000
2755         4117.88764000
2756         4120.14591000
2757         4122.40493000
2758         4124.66421000
2759         4126.95377000
2760         4129.21449000
2761         4131.47592000
2762         4133.73760000
2763         4135.99950000
2764         4138.29176000
2765         4140.55558000
2766         4142.81965000
2767         4145.08442000
2768         4147.37910000
2769         4149.64483000
2770         4151.91030000
2771         4154.17744000
2772         4156.47452000
2773         4158.74214000
2774         4161.01092000
2775         4163.27993000
2776         4165.57940000
2777         4167.84885000
2778         4170.11997000
2779         4172.42063000
2780         4174.69267000
2781         4176.96493000
2782         4179.23836000
2783         4181.54137000
2784         4183.81522000
2785         4186.08978000
2786         4188.39443000
2787         4190.67037000
2788         4192.94701000
2789         4195.22385000
2790         4197.53081000
2791         4199.80901000
2792         4202.08743000
2793         4204.39601000
2794         4206.67580000
2795         4208.95627000
2796         4211.23742000
2797         4213.54778000
2798         4215.82981000
2799         4218.11252000
2800         4220.42544000
2801         4222.70903000
2802         4224.99328000
2803         4227.30778000
2804         4229.59288000
2805         4231.87867000
2806         4234.19521000
2807         4236.48235000
2808         4238.77014000
2809         4241.08776000
2810         4243.37689000
2811         4245.66570000
2812         4247.98535000
2813         4250.27550000
2814         4252.56680000
2815         4254.88798000
2816         4257.18012000
2817         4259.47291000
2818         4261.79559000
2819         4264.08921000
2820         4266.41373000
2821         4268.70867000
2822         4271.00426000
2823         4273.32979000
2824         4275.62669000
2825         4277.92323000
2826         4280.25124000
2827         4282.54959000
2828         4284.87794000
2829         4287.17758000
2830         4289.47788000
2831         4291.80819000
2832         4294.10877000
2833         4296.41049000
2834         4298.74276000
2835         4301.04577000
2836         4303.37885000
2837         4305.68314000
2838         4307.98757000
2839         4310.32208000
2840         4312.62778000
2841         4314.96409000
2842         4317.27056000
2843         4319.57816000
2844         4321.91590000
2845         4324.22477000
2846         4326.56328000
2847         4328.87240000
2848         4331.21270000
2849         4333.52357000
2850         4335.83507000
2851         4338.17677000
2852         4340.48901000
2853         4342.83197000
2854         4345.14546000
2855         4347.48969000
2856         4349.80391000
2857         4352.11975000
2858         4354.46536000
2859         4356.78193000
2860         4359.12828000
2861         4361.44608000
2862         4363.79419000
2863         4366.11270000
2864         4368.46205000
2865         4370.78179000
2866         4373.13239000
2867         4375.45283000
2868         4377.77438000
2869         4380.12631000
2870         4382.44908000
2871         4384.80223000
2872         4387.12620000
2873         4389.48058000
2874         4391.80473000
2875         4394.16032000
2876         4396.48670000
2877         4398.84351000
2878         4401.17005000
2879         4403.52808000
2880         4405.85631000
2881         4408.21503000
2882         4410.54445000
2883         4412.90437000
2884         4415.23498000
2885         4417.59661000
2886         4419.92787000
2887         4422.29071000
2888         4424.62313000
2889         4426.98664000
2890         4429.32023000
2891         4431.68544000
2892         4434.02020000
2893         4436.38607000
2894         4438.72199000
2895         4441.08903000
2896         4443.42610000
2897         4445.79432000
2898         4448.13255000
2899         4450.50246000
2900         4452.84182000
2901         4455.21238000
2902         4457.55235000
2903         4459.92406000
2904         4462.26571000
2905         4464.63857000
2906         4467.01202000
2907         4469.35590000
2908         4471.72996000
2909         4474.07391000
2910         4476.44964000
2911         4478.79577000
2912         4481.17265000
2913         4483.51936000
2914         4485.89737000
2915         4488.27596000
2916         4490.62381000
2917         4493.00353000
2918         4495.35355000
2919         4497.73439000
2920         4500.08498000
2921         4502.46695000
2922         4504.85001000
2923         4507.20171000
2924         4509.58535000
2925         4511.93922000
2926         4514.32397000
2927         4516.67892000
2928         4519.06477000
2929         4521.45146000
2930         4523.80750000
2931         4526.19528000
2932         4528.55266000
2933         4530.94153000
2934         4533.33150000
2935         4535.69049000
2936         4538.08128000
2937         4540.44080000
2938         4542.83294000
2939         4545.22535000
2940         4547.58727000
2941         4549.98103000
2942         4552.34428000
2943         4554.73884000
2944         4557.13421000
2945         4559.49850000
2946         4561.89494000
2947         4564.26080000
2948         4566.65858000
2949         4569.05661000
2950         4571.42432000
2951         4573.82395000
2952         4576.22330000
2953         4578.59256000
2954         4580.99377000
2955         4583.39524000
2956         4585.76631000
2957         4588.16910000
2958         4590.54118000
2959         4592.94502000
2960         4595.34936000
2961         4597.72325000
2962         4600.12890000
2963         4602.53507000
2964         4604.91047000
2965         4607.31794000
2966         4609.72594000
2967         4612.10312000
2968         4614.51213000
2969         4616.92165000
2970         4619.30060000
2971         4621.71141000
2972         4624.12272000
2973         4626.50289000
2974         4628.91577000
2975         4631.32887000
2976         4633.71134000
2977         4636.12544000
2978         4638.54033000
2979         4640.92426000
2980         4643.33987000
2981         4645.75624000
2982         4648.14247000
2983         4650.56039000
2984         4652.97853000
2985         4655.39743000
2986         4657.78532000
2987         4660.20493000
2988         4662.62530000
2989         4665.01518000
2990         4667.43737000
2991         4669.85977000
2992         4672.25106000
2993         4674.67442000
2994         4677.09799000
2995         4679.52260000
2996         4681.91635000
2997         4684.34248000
2998         4686.76881000
2999         4689.16424000
3000         4691.59180000
3001         4694.01927000
3002         4696.44778000
3003         4698.84535000
3004         4701.27537000
3005         4703.70615000
3006         4706.13711000
3007         4708.53708000
3008         4710.96870000
3009         4713.40134000
3010         4715.80268000
3011         4718.23653000
3012         4720.67113000
3013         4723.10678000
3014         4725.51050000
3015         4727.94647000
3016         4730.38264000
3017         4732.82012000
3018         4735.22619000
3019         4737.66457000
3020         4740.10428000
3021         4742.54386000
3022         4744.98419000
3023         4747.39249000
3024         4749.83370000
3025         4752.27566000
3026         4754.71806000
3027         4757.12925000
3028         4759.57341000
3029         4762.01773000
3030         4764.46192000
3031         4766.87542000
3032         4769.32134000
3033         4771.76800000
3034         4774.21510000
3035         4776.66293000
3036         4779.07974000
3037         4781.52787000
3038         4783.97729000
3039         4786.42744000
3040         4788.87802000
3041         4791.29694000
3042         4793.74896000
3043         4796.20112000
3044         4798.65403000
3045         4801.10763000
3046         4803.52951000
3047         4805.98395000
3048         4808.43942000
3049         4810.89500000
3050         4813.35161000
3051         4815.77615000
3052         4818.23358000
3053         4820.69173000
3054         4823.15059000
3055         4825.60987000
3056         4828.03730000
3057         4830.49769000
3058         4832.95822000
3059         4835.42034000
3060         4837.88257000
3061         4840.34520000
3062         4842.77621000
3063         4845.23995000
3064         4847.70439000
3065         4850.16954000
3066         4852.63452000
3067         4855.10138000
3068         4857.53564000
3069         4860.00299000
3070         4862.47103000
3071         4864.93948000
3072         4867.40862000
3073         4869.87758000
3074         4872.34842000
3075         4874.78688000
3076         4877.25819000
3077         4879.73020000
3078         4882.20290000
3079         4884.67598000
3080         4887.14918000
3081         4889.62334000
3082         4892.06627000
3083         4894.54180000
3084         4897.01771000
3085         4899.49431000
3086         4901.97159000
3087         4904.44867000
3088         4906.92702000
3089         4909.40605000
3090         4911.85345000
3091         4914.33353000
3092         4916.81429000
3093         4919.29542000
3094         4921.77664000
3095         4924.25913000
3096         4926.74198000
3097         4929.22551000
3098         4931.71034000
3099         4934.16219000
3100         4936.64742000
3101         4939.13333000
3102         4941.61932000
3103         4944.10625000
3104         4946.59386000
3105         4949.08245000
3106         4951.57139000
3107         4954.06069000
3108         4956.55066000
3109         4959.00756000
3110         4961.49885000
3111         4963.99048000
3112         4966.48278000
3113         4968.97605000
3114         4971.46935000
3115         4973.96332000
3116         4976.45735000
3117         4978.95232000
3118         4981.44826000
3119         4983.94454000
3120         4986.44147000
3121         4988.93938000
3122         4991.43731000
3123         4993.90232000
3124         4996.40154000
3125         4998.90141000
3126         5001.40161000
3127         5003.90247000
3128         5006.40460000
3129         5008.90675000
3130         5011.40955000
3131         5013.91207000
3132         5016.41583000
3133         5018.92024000
3134         5021.42529000
3135         5023.93066000
3136         5026.43764000
3137         5028.94429000
3138         5031.45098000
3139         5033.95891000
3140         5036.46715000
3141         5038.97635000
3142         5041.48586000
3143         5043.99601000
3144         5046.47424000
3145         5048.98505000
3146         5051.49708000
3147         5054.00942000
3148         5056.52239000
3149         5059.03631000
3150         5061.55054000
3151         5064.06539000
3152         5066.58060000
3153         5069.09670000
3154         5071.61310000
3155         5074.13046000
3156         5076.64811000
3157         5079.16637000
3158         5081.68526000
3159         5084.20542000
3160         5086.72462000
3161         5089.24536000
3162         5091.76673000
3163         5094.28837000
3164         5096.81064000
3165         5099.33384000
3166         5101.85733000
3167         5104.38116000
3168         5106.90587000
3169         5109.43119000
3170         5111.95712000
3171         5114.48366000
3172         5117.01048000
3173         5119.53823000
3174         5122.06565000
3175         5124.59494000
3176         5127.12451000
3177         5129.65435000
3178         5132.18478000
3179         5134.71582000
3180         5137.24746000
3181         5139.77909000
3182         5142.34619000
3183         5144.87964000
3184         5147.41334000
3185         5149.94797000
3186         5152.48320000
3187         5155.01902000
3188         5157.55510000
3189         5160.09149000
3190         5162.62942000
3191         5165.16760000
3192         5167.70604000
3193         5170.24540000
3194         5172.78501000
3195         5175.32554000
3196         5177.86571000
3197         5180.40741000
3198         5182.95003000
3199         5185.49289000
3200         5188.03600000
3201         5190.58003000
3202         5193.12429000
3203         5195.70268000
3204         5198.24812000
3205         5200.79412000
3206         5203.34172000
3207         5205.88888000
3208         5208.43695000
3209         5210.98525000
3210         5213.53446000
3211         5216.08363000
3212         5218.63364000
3213         5221.18524000
3214         5223.73639000
3215         5226.28845000
3216         5228.84107000
3217         5231.42822000
3218         5233.98136000
3219         5236.53569000
3220         5239.09057000
3221         5241.64670000
3222         5244.20271000
3223         5246.75927000
3224         5249.31639000
3225         5251.87345000
3226         5254.43203000
3227         5256.99082000
3228         5259.58460000
3229         5262.14520000
3230         5264.70600000
3231         5267.26736000
3232         5269.82926000
3233         5272.39110000
3234         5274.95410000
3235         5277.51765000
3236         5280.08245000
3237         5282.68128000
3238         5285.24682000
3239         5287.81256000
3240         5290.37857000
3241         5292.94575000
3242         5295.51311000
3243         5298.08137000
3244         5300.65086000
3245         5303.25481000
3246         5305.82469000
3247         5308.39448000
3248         5310.96578000
3249         5313.53762000
3250         5316.10998000
3251         5318.68288000
3252         5321.25702000
3253         5323.86534000
3254         5326.43984000
3255         5329.01459000
3256         5331.59050000
3257         5334.16693000
3258         5336.74389000
3259         5339.32138000
3260         5341.93452000
3261         5344.51342000
3262         5347.09185000
3263         5349.67178000
3264         5352.25224000
3265         5354.83357000
3266         5357.44956000
3267         5360.03229000
3268         5362.61518000
3269         5365.19859000
3270         5367.78187000
3271         5370.36630000
3272         5372.95161000
3273         5375.57199000
3274         5378.15832000
3275         5380.74552000
3276         5383.33323000
3277         5385.92045000
3278         5388.50917000
3279         5391.13303000
3280         5393.72277000
3281         5396.31337000
3282         5398.90412000
3283         5401.49645000
3284         5404.12260000
3285         5406.71522000
3286         5409.30833000
3287         5411.90231000
3288         5414.49678000
3289         5417.12648000
3290         5419.72267000
3291         5422.31900000
3292         5424.91518000
3293         5427.51249000
3294         5430.11028000
3295         5432.74374000
3296         5435.34289000
3297         5437.94253000
3298         5440.54339000
3299         5443.14372000
3300         5445.78003000
3301         5448.38199000
3302         5450.98479000
3303         5453.58771000
3304         5456.22637000
3305         5458.83099000
3306         5461.43646000
3307         5464.04139000
3308         5466.64745000
3309         5469.28893000
3310         5471.89631000
3311         5474.50417000
3312         5477.11250000
3313         5479.72167000
3314         5482.36603000
3315         5484.97653000
3316         5487.58711000
3317         5490.19854000
3318         5492.84548000
3319         5495.45823000
3320         5498.07106000
3321         5500.68482000
3322         5503.33404000
3323         5505.94902000
3324         5508.56446000
3325         5511.18036000
3326         5513.83222000
3327         5516.44942000
3328         5519.06707000
3329         5521.68527000
3330         5524.33939000
3331         5526.95917000
3332         5529.57902000
3333         5532.19971000
3334         5534.85643000
3335         5537.47840000
3336         5540.10016000
3337         5542.72378000
3338         5545.38235000
3339         5548.00688000
3340         5550.63147000
3341         5553.25688000
3342         5555.91803000
3343         5558.54472000
3344         5561.17156000
3345         5563.79951000
3346         5566.46286000
3347         5569.09169000
3348         5571.72134000
3349         5574.35142000
3350         5577.01732000
3351         5579.64763000
3352         5582.28017000
3353         5584.94779000
3354         5587.58082000
3355         5590.21428000
3356         5592.84855000
3357         5595.51871000
3358         5598.15385000
3359         5600.78913000
3360         5603.46176000
3361         5606.09857000
3362         5608.73618000
3363         5611.37459000
3364         5614.04896000
3365         5616.68823000
3366         5619.32764000
3367         5622.00369000
3368         5624.64538000
3369         5627.28710000
3370         5629.96483000
3371         5632.60777000
3372         5635.25113000
3373         5637.89528000
3374         5640.57482000
3375         5643.22058000
3376         5645.86636000
3377         5648.54861000
3378         5651.19560000
3379         5653.84300000
3380         5656.52690000
3381         5659.17484000
3382         5661.82424000
3383         5664.51056000
3384         5667.16077000
3385         5669.81178000
3386         5672.49934000
3387         5675.15154000
3388         5677.80413000
3389         5680.45684000
3390         5683.14683000
3391         5685.80179000
3392         5688.45715000
3393         5691.14875000
3394         5693.80490000
3395         5696.46184000
3396         5699.15436000
3397         5701.81247000
3398         5704.47176000
3399         5707.16695000
3400         5709.82663000
3401         5712.52301000
3402         5715.18426000
3403         5717.84549000
3404         5720.54317000
3405         5723.20596000
3406         5725.86993000
3407         5728.56947000
3408         5731.23419000
3409         5733.89930000
3410         5736.60080000
3411         5739.26638000
3412         5741.93341000
3413         5744.63687000
3414         5747.30545000
3415         5749.97400000
3416         5752.67901000
3417         5755.34910000
3418         5758.05527000
3419         5760.72583000
3420         5763.39703000
3421         5766.10554000
3422         5768.77868000
3423         5771.45178000
3424         5774.16182000
3425         5776.83645000
3426         5779.51144000
3427         5782.22231000
3428         5784.89883000
3429         5787.61234000
3430         5790.28958000
3431         5792.96758000
3432         5795.68219000
3433         5798.36131000
3434         5801.07677000
3435         5803.75700000
3436         5806.43798000
3437         5809.15643000
3438         5811.83852000
3439         5814.52096000
3440         5817.24049000
3441         5819.92444000
3442         5822.64440000
3443         5825.32945000
3444         5828.01483000
3445         5830.73818000
3446         5833.42466000
3447         5836.14830000
3448         5838.83628000
3449         5841.52431000
3450         5844.24982000
3451         5846.93922000
3452         5849.66665000
3453         5852.35755000
3454         5855.04877000
3455         5857.77723000
3456         5860.46994000
3457         5863.19881000
3458         5865.89259000
3459         5868.62366000
3460         5871.31893000
3461         5874.01452000
3462         5876.74700000
3463         5879.44366000
3464         5882.17695000
3465         5884.87507000
3466         5887.57311000
3467         5890.30891000
3468         5893.00925000
3469         5895.74613000
3470         5898.44668000
3471         5901.18464000
3472         5903.88595000
3473         5906.58870000
3474         5909.32846000
3475         5912.03225000
3476         5914.77390000
3477         5917.47873000
3478         5920.22061000
3479         5922.92689000
3480         5925.66955000
3481         5928.37686000
3482         5931.08448000
3483         5933.83045000
3484         5936.53952000
3485         5939.28570000
3486         5941.99579000
3487         5944.74273000
3488         5947.45384000
3489         5950.20294000
3490         5952.91549000
3491         5955.62917000
3492         5958.37961000
3493         5961.09388000
3494         5963.84536000
3495         5966.56035000
3496         5969.31328000
3497         5972.02998000
3498         5974.78393000
3499         5977.50249000
3500         5980.25746000
