   1            2.96404000
   2            7.09265000
   3           12.18369000
   4           18.12607000
   5           24.81552000
   6           32.17696000
   7           40.15396000
   8           48.70225000
   9           57.78593000
  10           67.37514000
  11           77.44452000
  12           87.97221000
  13           98.93910000
  14          110.32830000
  15          122.12469000
  16          134.31474000
  17          146.88617000
  18          159.82776000
  19          173.12929000
  20          186.78127000
  21          200.77496000
  22          215.10225000
  23          229.75563000
  24          244.72801000
  25          260.01279000
  26          275.60367000
  27          291.49493000
  28          307.68094000
  29          324.15643000
  30          340.91650000
  31          357.95642000
  32          375.27173000
  33          392.85812000
  34          410.71149000
  35          428.82797000
  36          447.20380000
  37          465.83545000
  38          484.71951000
  39          503.85254000
  40          523.23151000
  41          542.85327000
  42          562.71503000
  43          582.81384000
  44          603.14691000
  45          623.71179000
  46          644.50574000
  47          665.52643000
  48          686.77136000
  49          708.23840000
  50          729.92511000
  51          751.82922000
  52          773.94891000
  53          796.28204000
  54          818.82654000
  55          841.58044000
  56          864.54211000
  57          887.70941000
  58          911.08069000
  59          934.65430000
  60          958.42828000
  61          982.40118000
  62         1006.57141000
  63         1030.93738000
  64         1055.49744000
  65         1080.25024000
  66         1105.19421000
  67         1130.32812000
  68         1155.65015000
  69         1181.15930000
  70         1206.85413000
  71         1232.73340000
  72         1258.79565000
  73         1285.03992000
  74         1311.46472000
  75         1338.06897000
  76         1364.85132000
  77         1391.81091000
  78         1418.94641000
  79         1446.25647000
  80         1473.74072000
  81         1501.39734000
  82         1529.22571000
  83         1557.22473000
  84         1585.39319000
  85         1613.73047000
  86         1642.23523000
  87         1670.90649000
  88         1699.74365000
  89         1728.74561000
  90         1757.91162000
  91         1787.24036000
  92         1816.73120000
  93         1846.38342000
  94         1876.19617000
  95         1906.18727000
  96         1936.31831000
  97         1966.60744000
  98         1997.05403000
  99         2027.65675000
 100         2058.41487000
 101         2089.32777000
 102         2120.39474000
 103         2151.61503000
 104         2183.00997000
 105         2214.53550000
 106         2246.21142000
 107         2278.03824000
 108         2310.01471000
 109         2342.16377000
 110         2374.43817000
 111         2406.86029000
 112         2439.45450000
 113         2472.17017000
 114         2505.05738000
 115         2538.06489000
 116         2571.24240000
 117         2604.53907000
 118         2638.00545000
 119         2671.58861000
 120         2705.34068000
 121         2739.23528000
 122         2773.24395000
 123         2807.42109000
 124         2841.73883000
 125         2876.19691000
 126         2910.79437000
 127         2945.53073000
 128         2980.40597000
 129         3015.41867000
 130         3050.59955000
 131         3085.88724000
 132         3121.34308000
 133         3156.90335000
 134         3192.63128000
 135         3228.49471000
 136         3264.46076000
 137         3300.59386000
 138         3336.86126000
 139         3373.29643000
 140         3409.83135000
 141         3446.49936000
 142         3483.33432000
 143         3520.26721000
 144         3557.36733000
 145         3594.59936000
 146         3631.96259000
 147         3669.45679000
 148         3707.11902000
 149         3744.87434000
 150         3782.79773000
 151         3820.85095000
 152         3859.03497000
 153         3897.34737000
 154         3935.78940000
 155         3974.39930000
 156         4013.13840000
 157         4052.00599000
 158         4091.00231000
 159         4130.12691000
 160         4169.41951000
 161         4208.79891000
 162         4248.34737000
 163         4288.06607000
 164         4327.86882000
 165         4367.84266000
 166         4407.94332000
 167         4448.17083000
 168         4488.52473000
 169         4529.04975000
 170         4569.70104000
 171         4610.47911000
 172         4651.42942000
 173         4692.50641000
 174         4733.70961000
 175         4775.03857000
 176         4816.54087000
 177         4858.16982000
 178         4899.97284000
 179         4941.85362000
 180         4983.90938000
 181         5026.14043000
 182         5068.44795000
 183         5110.93118000
 184         5153.59188000
 185         5196.32781000
 186         5239.24068000
 187         5282.33178000
 188         5325.54989000
 189         5368.89357000
 190         5412.41777000
 191         5456.06847000
 192         5499.84528000
 193         5543.80389000
 194         5587.88906000
 195         5632.10034000
 196         5676.49626000
 197         5721.07518000
 198         5765.78116000
 199         5810.61422000
 200         5855.63316000
 201         5900.78018000
 202         5946.11398000
 203         5991.57638000
 204         6037.16597000
 205         6082.94474000
 206         6128.91258000
 207         6175.01009000
 208         6221.23733000
 209         6267.65611000
 210         6314.26633000
 211         6361.00634000
 212         6407.87768000
 213         6454.94296000
 214         6502.20311000
 215         6549.59468000
 216         6597.18359000
 217         6644.90449000
 218         6692.75748000
 219         6740.87608000
 220         6789.06012000
 221         6837.51270000
 222         6886.03139000
 223         6934.82057000
 224         6983.74508000
 225         7032.87202000
 226         7082.13590000
 227         7131.53485000
 228         7181.21024000
 229         7231.02325000
 230         7280.97351000
 231         7331.13241000
 232         7381.50197000
 233         7432.08273000
 234         7482.80300000
 235         7533.66240000
 236         7584.73718000
 237         7636.02543000
 238         7687.53066000
 239         7739.17786000
 240         7791.04271000
 241         7843.04974000
 242         7895.27757000
 243         7947.72581000
 244         8000.39751000
 245         8053.21380000
 246         8106.25426000
 247         8159.44203000
 248         8212.85470000
 249         8266.49586000
 250         8320.36661000
 251         8374.38515000
 252         8428.63603000
 253         8483.03450000
 254         8537.74993000
 255         8592.61672000
 256         8647.72035000
 257         8702.97462000
 258         8758.46803000
 259         8814.19925000
 260         8870.17091000
 261         8926.29881000
 262         8982.66848000
 263         9039.28459000
 264         9096.14380000
 265         9153.16192000
 266         9210.51686000
 267         9267.94219000
 268         9325.70671000
 269         9383.72377000
 270         9441.90263000
 271         9500.33541000
 272         9559.02481000
 273         9617.87760000
 274         9676.98942000
 275         9736.35898000
 276         9795.99001000
 277         9855.88529000
 278         9916.04146000
 279         9976.36830000
 280        10036.96154000
 281        10097.82193000
 282        10158.95121000
 283        10220.25406000
 284        10281.82830000
 285        10343.77484000
 286        10405.89667000
 287        10468.19502000
 288        10530.87054000
 289        10593.72508000
 290        10656.96244000
 291        10720.37833000
 292        10784.07782000
 293        10848.06276000
 294        10912.23105000
 295        10976.79073000
 296        11041.53532000
 297        11106.67605000
 298        11172.00427000
 299        11237.62679000
 300        11303.43732000
 301        11369.65242000
 302        11436.16530000
 303        11502.87220000
 304        11569.98879000
 305        11637.29997000
 306        11704.91740000
 307        11772.83878000
 308        11841.07016000
 309        11909.49936000
 310        11978.35170000
 311        12047.51659000
 312        12116.88543000
 313        12186.56953000
 314        12256.68551000
 315        12327.00641000
 316        12397.65039000
 317        12468.61627000
 318        12539.90803000
 319        12611.52554000
 320        12683.35478000
 321        12755.62903000
 322        12828.23798000
 323        12901.06076000
 324        12974.33710000
 325        13047.83005000
 326        13121.66340000
 327        13195.95788000
 328        13270.47323000
 329        13345.33172000
 330        13420.53535000
 331        13496.08715000
 332        13571.98915000
 333        13648.24120000
 334        13724.84742000
 335        13801.80665000
 336        13879.12409000
 337        13956.80068000
 338        14034.83740000
 339        14113.10751000
 340        14191.87104000
 341        14270.99971000
 342        14350.36617000
 343        14430.23388000
 344        14510.47501000
 345        14590.95623000
 346        14671.94443000
 347        14753.31008000
 348        14834.92241000
 349        14917.05076000
 350        14999.42554000
 351        15082.32165000
 352        15165.60560000
 353        15249.14267000
 354        15333.20802000
 355        15417.52733000
 356        15502.38138000
 357        15587.63160000
 358        15673.14364000
 359        15759.19525000
 360        15845.64940000
 361        15932.36778000
 362        16019.63497000
 363        16107.31109000
 364        16195.39938000
 365        16283.90199000
 366        16372.67439000
 367        16462.00931000
 368        16551.76280000
 369        16641.94147000
 370        16732.53973000
 371        16823.56641000
 372        16915.16841000
 373        17007.05352000
 374        17099.36914000
 375        17192.11972000
 376        17285.45791000
 377        17379.08333000
 378        17473.30201000
 379        17567.80999000
 380        17662.91684000
 381        17758.47199000
 382        17854.47654000
 383        17950.78026000
 384        18047.69080000
 385        18145.05631000
 386        18243.03896000
 387        18341.32741000
 388        18440.07528000
 389        18539.44775000
 390        18639.13098000
 391        18739.44457000
 392        18840.06993000
 393        18941.32686000
 394        19043.06147000
 395        19145.27605000
 396        19247.97291000
 397        19351.31531000
 398        19454.97958000
 399        19559.13184000
 400        19663.94191000
 401        19769.24353000
 402        19875.04134000
 403        19981.33766000
 404        20088.13248000
 405        20195.43281000
 406        20303.23396000
 407        20411.71250000
 408        20520.70250000
 409        20630.20630000
 410        20740.05010000
 411        20850.75528000
 412        20961.81228000
 413        21073.38543000
 414        21185.66054000
 415        21298.46016000
 416        21411.79144000
 417        21525.65201000
 418        21640.05379000
 419        21755.16438000
 420        21870.63491000
 421        21986.82751000
 422        22103.56261000
 423        22220.84507000
 424        22338.67971000
 425        22457.24508000
 426        22576.36636000
 427        22696.04354000
 428        22816.28391000
 429        22937.08507000
 430        23058.63363000
 431        23180.56675000
 432        23303.25346000
 433        23426.70065000
 434        23550.53912000
 435        23675.13934000
 436        23800.13452000
 437        23926.08890000
 438        24052.44071000
 439        24179.38299000
 440        24307.10646000
 441        24435.42423000
 442        24564.33878000
 443        24694.04279000
 444        24824.35491000
 445        24955.27268000
 446        25086.79608000
 447        25218.92765000
 448        25351.86833000
 449        25485.42860000
 450        25619.60593000
 451        25754.60331000
 452        25890.22669000
 453        26026.47354000
 454        26163.35403000
 455        26301.06623000
 456        26439.41597000
 457        26578.40329000
 458        26718.23591000
 459        26858.50932000
 460        26999.83585000
 461        27141.61095000
 462        27284.24309000
 463        27427.53097000
 464        27571.47978000
 465        27716.29421000
 466        27861.77614000
 467        28007.92557000
 468        28154.95180000
 469        28302.65738000
 470        28451.03704000
 471        28600.30740000
 472        28750.05175000
 473        28900.90344000
 474        29052.22913000
 475        29204.46013000
 476        29357.60381000
 477        29511.44415000
 478        29665.98382000
 479        29821.23082000
 480        29977.39724000
 481        30134.27774000
 482        30292.09113000
 483        30450.61455000
 484        30609.86421000
 485        30770.05283000
 486        30930.96907000
 487        31092.61563000
 488        31255.21269000
 489        31418.54689000
 490        31582.84250000
 491        31747.87934000
 492        31913.88856000
 493        32080.64308000
 494        32248.15394000
 495        32416.64336000
 496        32585.88766000
 497        32756.12714000
 498        32927.12840000
 499        33098.90263000
 500        33271.67262000
 501        33445.44603000
 502        33619.77087000
 503        33795.33662000
 504        33971.45657000
 505        34148.83283000
 506        34326.76324000
 507        34505.95690000
 508        34685.71601000
 509        34866.50779000
 510        35048.34576000
 511        35230.99015000
 512        35414.68346000
 513        35599.19602000
 514        35784.52200000
 515        35971.15360000
 516        36158.37043000
 517        36346.65671000
 518        36536.02037000
 519        36726.21882000
 520        36917.49733000
 521        37109.62070000
 522        37302.83860000
 523        37496.90266000
 524        37692.06987000
 525        37888.34231000
 526        38085.22868000
 527        38283.47488000
 528        38482.58893000
 529        38682.82552000
 530        38883.93720000
 531        39086.18011000
 532        39289.30841000
 533        39493.57367000
 534        39698.98095000
 535        39905.28226000
 536        40112.74042000
 537        40321.09692000
 538        40530.61600000
 539        40741.29977000
 540        40952.89973000
 541        41165.67011000
 542        41379.36409000
 543        41594.24037000
 544        41810.30413000
 545        42027.30026000
 546        42245.49586000
 547        42464.89611000
 548        42685.23437000
 549        42906.78938000
 550        43129.55056000
 551        43353.27427000
 552        43578.22893000
 553        43804.41024000
 554        44031.55663000
 555        44259.93865000
 556        44489.56791000
 557        44720.17427000
 558        44952.31309000
 559        45185.43163000
 560        45419.53937000
 561        45654.91775000
 562        45891.84150000
 563        46129.49794000
 564        46368.70708000
 565        46608.92995000
 566        46850.44197000
 567        47093.25504000
 568        47337.08753000
 569        47582.50806000
 570        47828.96380000
 571        48076.73386000
 572        48325.53691000
 573        48575.95755000
 574        48827.42707000
 575        49080.22749000
 576        49334.37426000
 577        49589.57895000
 578        49846.42376000
 579        50104.33579000
 580        50363.61771000
 581        50624.25797000
 582        50886.26877000
 583        51149.36734000
 584        51414.14849000
 585        51680.01305000
 586        51947.27185000
 587        52215.93034000
 588        52485.99402000
 589        52757.46142000
 590        53030.34844000
 591        53304.35248000
 592        53580.08060000
 593        53856.93515000
 594        54135.22989000
 595        54414.95625000
 596        54696.13384000
 597        54979.05634000
 598        55262.83667000
 599        55548.38005000
 600        55835.38267000
 601        56123.86433000
 602        56413.82351000
 603        56704.95527000
 604        56997.88540000
 605        57292.30977000
 606        57587.91391000
 607        57885.34645000
 608        58183.97203000
 609        58484.42059000
 610        58786.39512000
 611        59089.58089000
 612        59394.61989000
 613        59701.18704000
 614        60008.98373000
 615        60318.64556000
 616        60629.85990000
 617        60942.63612000
 618        61256.98747000
 619        61572.58160000
 620        61890.38948000
 621        62209.47036000
 622        62530.13030000
 623        62852.38641000
 624        63176.24820000
 625        63502.03394000
 626        63829.43462000
 627        64158.12664000
 628        64488.76987000
 629        64821.03758000
 630        65154.94333000
 631        65490.50064000
 632        65828.01365000
 633        66166.86899000
 634        66507.70875000
 635        66850.20929000
 636        67194.38422000
 637        67540.23945000
 638        67888.10706000
 639        68237.65226000
 640        68588.57700000
 641        68941.86257000
 642        69296.52348000
 643        69652.90137000
 644        70011.33307000
 645        70371.49513000
 646        70733.72591000
 647        71097.35099000
 648        71463.06628000
 649        71830.53722000
 650        72199.75330000
 651        72571.08138000
 652        72944.18451000
 653        73319.06866000
 654        73696.07015000
 655        74074.86615000
 656        74455.44601000
 657        74838.19003000
 658        75222.38963000
 659        75609.10125000
 660        75997.28042000
 661        76387.66118000
 662        76780.20125000
 663        77174.24303000
 664        77570.83814000
 665        77968.92151000
 666        78369.23560000
 667        78771.40580000
 668        79175.81354000
 669        79582.09968000
 670        79990.63014000
 671        80401.05275000
 672        80813.73507000
 673        81228.33205000
 674        81644.84988000
 675        82063.63227000
 676        82484.71404000
 677        82907.73832000
 678        83332.68465000
 679        83759.96185000
 680        84189.19275000
 681        84620.75235000
 682        85054.64926000
 683        85490.51264000
 684        85928.73792000
 685        86368.95268000
 686        86811.53600000
 687        87256.13195000
 688        87703.11223000
 689        88152.10095000
 690        88603.86592000
 691        89057.28715000
 692        89513.50206000
 693        89971.76446000
 694        90432.08055000
 695        90895.21738000
 696        91360.42380000
 697        91827.70606000
 698        92297.46275000
 699        92769.67440000
 700        93244.37808000
 701        93721.17834000
 702        94200.86331000
 703        94682.29281000
 704        95166.61520000
 705        95653.07393000
 706        96142.05530000
 707        96633.59708000
 708        97127.27840000
 709        97623.90888000
 710        98122.72408000
 711        98624.09476000
 712        99128.06900000
 713        99634.22111000
 714       100142.98324000
 715       100654.74164000
 716       101168.71195000
 717       101684.92045000
 718       102204.16289000
 719       102726.04037000
 720       103250.17058000
 721       103777.34407000
 722       104306.80680000
 723       104838.92869000
 724       105373.74911000
 725       105911.26705000
 726       106451.47111000
 727       106994.39075000
 728       107540.04534000
 729       108088.41314000
 730       108639.52382000
 731       109192.97589000
 732       109749.59883000
 733       110308.99209000
 734       110871.13341000
 735       111436.08419000
 736       112003.82225000
 737       112574.35669000
 738       113147.71781000
 739       113723.88304000
 740       114302.89343000
 741       114884.71550000
 742       115469.83194000
 743       116057.35921000
 744       116648.20116000
 745       117241.90394000
 746       117838.08587000
 747       118437.55873000
 748       119040.38879000
 749       119645.68135000
 750       120254.35160000
 751       120865.51211000
 752       121480.05986000
 753       122097.96248000
 754       122718.41558000
 755       123342.27728000
 756       123969.09396000
 757       124598.91966000
 758       125231.74141000
 759       125868.01447000
 760       126507.28141000
 761       127150.04463000
 762       127795.38492000
 763       128444.25377000
 764       129096.57172000
 765       129751.55133000
 766       130410.04650000
 767       131072.06931000
 768       131737.17773000
 769       132405.42777000
 770       133077.20320000
 771       133752.14118000
 772       134430.20447000
 773       135111.87287000
 774       135797.13496000
 775       136485.57798000
 776       137177.19966000
 777       137872.47185000
 778       138570.93170000
 779       139273.06477000
 780       139978.41837000
 781       140687.45599000
 782       141400.21416000
 783       142116.18883000
 784       142835.91912000
 785       143558.88675000
 786       144285.63308000
 787       145015.64992000
 788       145749.44392000
 789       146487.01509000
 790       147227.91403000
 791       147973.07581000
 792       148721.14982000
 793       149473.48649000
 794       150229.19519000
 795       150988.76453000
 796       151751.74000000
 797       152518.53582000
 798       153289.73509000
 799       154063.86716000
 800       154842.40245000
 801       155624.36163000
 802       156410.73806000
 803       157200.57440000
 804       157993.91942000
 805       158791.68139000
 806       159593.45160000
 807       160398.71343000
 808       161207.98076000
 809       162021.77136000
 810       162839.07526000
 811       163660.46237000
 812       164485.86565000
 813       165315.37777000
 814       166148.44793000
 815       166986.12142000
 816       167827.87481000
 817       168673.77482000
 818       169523.78000000
 819       170377.94385000
 820       171236.25188000
 821       172098.74418000
 822       172965.39240000
 823       173836.26433000
 824       174711.30379000
 825       175591.11369000
 826       176474.62439000
 827       177362.89160000
 828       178255.39298000
 829       179152.18346000
 830       180053.24783000
 831       180958.62724000
 832       181868.80586000
 833       182782.82690000
 834       183701.64614000
 835       184625.36508000
 836       185552.92153000
 837       186485.36252000
 838       187422.21334000
 839       188363.93491000
 840       189310.09412000
 841       190260.68959000
 842       191215.73439000
 843       192175.72172000
 844       193140.74110000
 845       194109.68222000
 846       195083.66878000
 847       196062.65729000
 848       197046.19417000
 849       198034.24772000
 850       199027.42212000
 851       200025.61294000
 852       201028.43887000
 853       202035.83760000
 854       203048.38748000
 855       204066.07414000
 856       205088.39196000
 857       206115.89195000
 858       207148.06682000
 859       208185.43874000
 860       209228.03926000
 861       210275.34271000
 862       211327.90512000
 863       212385.77408000
 864       213448.32675000
 865       214516.23226000
 866       215589.39623000
 867       216667.41394000
 868       217751.25291000
 869       218839.97652000
 870       219933.51840000
 871       221032.99494000
 872       222137.85646000
 873       223247.63044000
 874       224362.81998000
 875       225483.50650000
 876       226609.60834000
 877       227741.25644000
 878       228878.36869000
 879       230021.01071000
 880       231169.18240000
 881       232322.38861000
 882       233481.66775000
 883       234646.57592000
 884       235817.04581000
 885       236992.64618000
 886       238174.33793000
 887       239361.75886000
 888       240554.80699000
 889       241754.13626000
 890       242958.57413000
 891       244168.72259000
 892       245385.18784000
 893       246607.38149000
 894       247835.37210000
 895       249069.12416000
 896       250309.23060000
 897       251555.13336000
 898       252806.93694000
 899       254064.53500000
 900       255328.61276000
 901       256598.53766000
 902       257874.41518000
 903       259156.72077000
 904       260445.01463000
 905       261739.77345000
 906       263040.55633000
 907       264347.28990000
 908       265660.65184000
 909       266979.99984000
 910       268306.01411000
 911       269638.03149000
 912       270976.75306000
 913       272322.08811000
 914       273673.59109000
 915       275031.20499000
 916       276395.56195000
 917       277766.68189000
 918       279144.50966000
 919       280528.59689000
 920       281919.44826000
 921       283316.57650000
 922       284721.12839000
 923       286131.95730000
 924       287549.64684000
 925       288973.68786000
 926       290405.17648000
 927       291843.07411000
 928       293287.89085000
 929       294739.72428000
 930       296198.51667000
 931       297663.81309000
 932       299136.66068000
 933       300616.60585000
 934       302103.01443000
 935       303597.13583000
 936       305097.73884000
 937       306606.17710000
 938       308121.07537000
 939       309643.81159000
 940       311173.68707000
 941       312710.88379000
 942       314255.21946000
 943       315806.87682000
 944       317365.79484000
 945       318932.64077000
 946       320506.78989000
 947       322088.26248000
 948       323677.12019000
 949       325273.97276000
 950       326877.64272000
 951       328489.28765000
 952       330109.07763000
 953       331736.25431000
 954       333370.98558000
 955       335013.80220000
 956       336664.19573000
 957       338322.05894000
 958       339988.22344000
 959       341662.52003000
 960       343344.48047000
 961       345034.06082000
 962       346731.92597000
 963       348438.09952000
 964       350152.00257000
 965       351874.19375000
 966       353604.82844000
 967       355343.17071000
 968       357090.02472000
 969       358845.21467000
 970       360608.33393000
 971       362379.92358000
 972       364159.98487000
 973       365948.60895000
 974       367745.16280000
 975       369550.91560000
 976       371364.64404000
 977       373187.00640000
 978       375018.02687000
 979       376858.34577000
 980       378706.75530000
 981       380563.87183000
 982       382429.71929000
 983       384304.36811000
 984       386187.79597000
 985       388080.07371000
 986       389981.80147000
 987       391891.82943000
 988       393811.28657000
 989       395739.78745000
 990       397677.09499000
 991       399623.49563000
 992       401579.47488000
 993       403544.47833000
 994       405518.53043000
 995       407501.63126000
 996       409494.46142000
 997       411496.48847000
 998       413508.27331000
 999       415529.23292000
1000       417560.05207000
1001       419599.99783000
1002       421649.29270000
1003       423708.47598000
1004       425777.62486000
1005       427856.05131000
1006       429944.59717000
1007       432042.37076000
1008       434150.31752000
1009       436268.26248000
1010       438396.43674000
1011       440533.94142000
1012       442681.78084000
1013       444839.67474000
1014       447007.23385000
1015       449185.62722000
1016       451373.68827000
1017       453572.69265000
1018       455781.41897000
1019       458000.41419000
1020       460229.86380000
1021       462469.74340000
1022       464720.08100000
1023       466980.79806000
1024       469252.82039000
1025       471534.59411000
1026       473827.62441000
1027       476130.62131000
1028       478444.87938000
1029       480769.79408000
1030       483106.02983000
1031       485452.28876000
1032       487809.98170000
1033       490178.44633000
1034       492558.35046000
1035       494949.14032000
1036       497351.43011000
1037       499763.91127000
1038       502188.64966000
1039       504624.39212000
1040       507070.94179000
1041       509529.36777000
1042       511999.41891000
1043       514480.53590000
1044       516973.45260000
1045       519477.49457000
1046       521993.34002000
1047       524521.07797000
1048       527060.68237000
1049       529611.59062000
1050       532175.13786000
1051       534749.99257000
1052       537336.89696000
1053       539935.82398000
1054       542546.92346000
1055       545169.33348000
1056       547804.63584000
1057       550452.14728000
1058       553111.90001000
1059       555783.86587000
1060       558468.13698000
1061       561164.68491000
1062       563874.38661000
1063       566596.43127000
1064       569330.91191000
1065       572077.79942000
1066       574837.18714000
1067       577609.77444000
1068       580394.99056000
1069       583193.53729000
1070       586004.65565000
1071       588828.37753000
1072       591665.53193000
1073       594516.09115000
1074       597379.48122000
1075       600256.28158000
1076       603145.98011000
1077       606049.22129000
1078       608965.42850000
1079       611895.98885000
1080       614839.39143000
1081       617796.60574000
1082       620766.79383000
1083       623751.54411000
1084       626749.33727000
1085       629761.89807000
1086       632787.43981000
1087       635827.00801000
1088       638880.44012000
1089       641948.72300000
1090       645030.25710000
1091       648126.71694000
1092       651236.43065000
1093       654361.07724000
1094       657499.87131000
1095       660653.05294000
1096       663821.07740000
1097       667003.49627000
1098       670200.14037000
1099       673412.01419000
1100       676638.25626000
1101       679879.04159000
1102       683134.89389000
1103       686406.13088000
1104       689691.95522000
1105       692992.33330000
1106       696308.91110000
1107       699639.41963000
1108       702986.13679000
1109       706347.48789000
1110       709725.34288000
1111       713117.90879000
1112       716525.36554000
1113       719949.23195000
1114       723388.99033000
1115       726843.46597000
1116       730314.69228000
1117       733800.93138000
1118       737303.78464000
1119       740821.72789000
1120       744356.58902000
1121       747907.25561000
1122       751473.98999000
1123       755057.62024000
1124       758656.61257000
1125       762272.43332000
1126       765905.42748000
1127       769554.46873000
1128       773219.97645000
1129       776901.61073000
1130       780601.30714000
1131       784316.57110000
1132       788049.83130000
1133       791799.69256000
1134       795565.96324000
1135       799349.71735000
1136       803150.76506000
1137       806969.38473000
1138       810805.38484000
1139       814658.16157000
1140       818528.48242000
1141       822417.35750000
1142       826322.97925000
1143       830246.43699000
1144       834187.45431000
1145       838147.36895000
1146       842124.03933000
1147       846119.61814000
1148       850132.93283000
1149       854164.43451000
1150       858213.84113000
1151       862282.09628000
1152       866368.59342000
1153       870473.94930000
1154       874597.63916000
1155       878739.45817000
1156       882900.44046000
1157       887080.63418000
1158       891279.17799000
1159       895496.94261000
1160       899733.31768000
1161       903989.83630000
1162       908264.80431000
1163       912558.52242000
1164       916872.44247000
1165       921205.95435000
1166       925558.27268000
1167       929931.02598000
1168       934323.42927000
1169       938734.78056000
1170       943166.71437000
1171       947618.44244000
1172       952090.18953000
1173       956582.58107000
1174       961095.09179000
1175       965627.41416000
1176       970179.95290000
1177       974753.42455000
1178       979347.12340000
1179       983961.85647000
1180       988597.67522000
1181       993253.78082000
1182       997930.49620000
1183      1002629.02689000
1184      1007348.27043000
1185      1012088.67063000
1186      1016849.79260000
1187      1021633.40100000
1188      1026437.36923000
1189      1031264.02438000
1190      1036111.32747000
1191      1040981.14340000
1192      1045871.89733000
1193      1050785.36622000
1194      1055720.45562000
1195      1060677.79000000
1196      1065657.71630000
1197      1070658.74451000
1198      1075682.75885000
1199      1080729.91294000
1200      1085798.90632000
1201      1090891.34460000
1202      1096005.82604000
1203      1101142.69595000
1204      1106303.66096000
1205      1111487.12545000
1206      1116693.82251000
1207      1121924.10596000
1208      1127176.95369000
1209      1132453.40022000
1210      1137754.08305000
1211      1143077.69643000
1212      1148425.86233000
1213      1153796.97007000
1214      1159192.74552000
1215      1164612.36042000
1216      1170055.97391000
1217      1175523.33398000
1218      1181015.90390000
1219      1186532.43874000
1220      1192073.30665000
1221      1197639.04289000
1222      1203230.02011000
1223      1208845.29716000
1224      1214486.04013000
1225      1220151.09387000
1226      1225842.42148000
1227      1231558.39024000
1228      1237299.96075000
1229      1243066.07572000
1230      1248858.81648000
1231      1254677.12546000
1232      1260521.38774000
1233      1266391.33919000
1234      1272287.36719000
1235      1278209.20565000
1236      1284157.02396000
1237      1290131.79551000
1238      1296132.89239000
1239      1302160.95889000
1240      1308215.36502000
1241      1314297.09031000
1242      1320404.83210000
1243      1326540.35685000
1244      1332702.13400000
1245      1338892.51998000
1246      1345109.28351000
1247      1351353.97894000
1248      1357625.06127000
1249      1363925.13091000
1250      1370252.75480000
1251      1376608.57471000
1252      1382992.07774000
1253      1389403.79283000
1254      1395843.43630000
1255      1402312.23954000
1256      1408808.98446000
1257      1415334.32519000
1258      1421888.67335000
1259      1428472.69028000
1260      1435084.91252000
1261      1441725.88209000
1262      1448396.12653000
1263      1455096.31569000
1264      1461825.91641000
1265      1468585.48133000
1266      1475373.64852000
1267      1482192.74134000
1268      1489040.93768000
1269      1495919.95608000
1270      1502829.28863000
1271      1509768.63482000
1272      1516738.31133000
1273      1523739.09276000
1274      1530769.51692000
1275      1537832.01677000
1276      1544925.25693000
1277      1552048.92957000
1278      1559204.44315000
1279      1566391.36356000
1280      1573609.31116000
1281      1580859.89866000
1282      1588141.53123000
1283      1595454.98653000
1284      1602800.72552000
1285      1610178.30363000
1286      1617588.31375000
1287      1625030.43925000
1288      1632505.01481000
1289      1640012.82375000
1290      1647553.36532000
1291      1655127.29209000
1292      1662733.97071000
1293      1670373.20924000
1294      1678046.32569000
1295      1685753.39910000
1296      1693493.12287000
1297      1701268.07244000
1298      1709075.95939000
1299      1716918.11235000
1300      1724794.33684000
1301      1732704.98354000
1302      1740649.99399000
1303      1748629.58400000
1304      1756643.41692000
1305      1764693.25378000
1306      1772777.49077000
1307      1780897.61584000
1308      1789052.43717000
1309      1797242.45466000
1310      1805468.32064000
1311      1813730.39963000
1312      1822028.34711000
1313      1830361.95765000
1314      1838732.59768000
1315      1847138.77841000
1316      1855581.58271000
1317      1864060.94899000
1318      1872577.81932000
1319      1881131.56345000
1320      1889721.97201000
1321      1898349.41992000
1322      1907014.85366000
1323      1915717.34775000
1324      1924457.99708000
1325      1933235.87432000
1326      1942052.22631000
1327      1950906.99056000
1328      1959800.25351000
1329      1968730.93204000
1330      1977701.44950000
1331      1986709.70400000
1332      1995757.82219000
1333      2004844.71797000
1334      2013970.93735000
1335      2023136.10761000
1336      2032341.80446000
1337      2041586.47311000
1338      2050871.69292000
1339      2060196.21354000
1340      2069561.46519000
1341      2078967.22528000
1342      2088414.05651000
1343      2097900.70145000
1344      2107429.15988000
1345      2116997.61021000
1346      2126608.21595000
1347      2136260.03225000
1348      2145953.31141000
1349      2155688.30801000
1350      2165465.18557000
1351      2175284.12803000
1352      2185145.29687000
1353      2195048.71874000
1354      2204994.71556000
1355      2214984.20393000
1356      2225016.29078000
1357      2235090.84560000
1358      2245209.40141000
1359      2255371.66916000
1360      2265577.41209000
1361      2275826.55710000
1362      2286119.36690000
1363      2296457.16501000
1364      2306838.48255000
1365      2317265.49640000
1366      2327736.05233000
1367      2338251.99138000
1368      2348812.89764000
1369      2359419.73176000
1370      2370070.83786000
1371      2380768.62017000
1372      2391510.86920000
1373      2402300.17079000
1374      2413135.55821000
1375      2424017.85314000
1376      2434945.36425000
1377      2445920.88119000
1378      2456942.17126000
1379      2468011.49463000
1380      2479127.69406000
1381      2490291.23294000
1382      2501503.11542000
1383      2512761.28066000
1384      2524068.90015000
1385      2535424.27086000
1386      2546828.40950000
1387      2558280.32281000
1388      2569782.12028000
1389      2581332.08375000
1390      2592932.33405000
1391      2604580.96087000
1392      2616279.53222000
1393      2628028.34441000
1394      2639827.31964000
1395      2651676.18852000
1396      2663574.71638000
1397      2675524.63985000
1398      2687525.35033000
1399      2699576.38478000
1400      2711679.91127000
1401      2723833.98066000
1402      2736040.19010000
1403      2748297.93425000
1404      2760607.65497000
1405      2772969.85156000
1406      2785384.44180000
1407      2797851.21230000
1408      2810371.31857000
1409      2822944.74894000
1410      2835571.02394000
1411      2848250.65427000
1412      2860984.27223000
1413      2873772.99443000
1414      2886614.41508000
1415      2899510.05499000
1416      2912461.46571000
1417      2925466.72450000
1418      2938526.86511000
1419      2951643.94847000
1420      2964814.40955000
1421      2978041.84779000
1422      2991325.05301000
1423      3004663.52198000
1424      3018058.91725000
1425      3031510.64636000
1426      3045019.12594000
1427      3058585.31612000
1428      3072208.28718000
1429      3085889.21457000
1430      3099628.01225000
1431      3113422.81102000
1432      3127278.00362000
1433      3141190.29437000
1434      3155161.66063000
1435      3169191.51447000
1436      3183280.69272000
1437      3197429.32002000
1438      3211638.17569000
1439      3225905.36489000
1440      3240233.96749000
1441      3254621.59164000
1442      3269070.44570000
1443      3283579.94779000
1444      3298150.00501000
1445      3312781.45350000
1446      3327475.54215000
1447      3342229.89859000
1448      3357047.15922000
1449      3371924.71366000
1450      3386866.82660000
1451      3401870.87981000
1452      3416937.91429000
1453      3432067.83392000
1454      3447261.70826000
1455      3462518.96371000
1456      3477839.50213000
1457      3493224.39438000
1458      3508674.00777000
1459      3524188.71224000
1460      3539768.17599000
1461      3555412.76834000
1462      3571122.62571000
1463      3586899.06312000
1464      3602739.86016000
1465      3618648.45477000
1466      3634622.62278000
1467      3650663.46215000
1468      3666770.85153000
1469      3682947.56573000
1470      3699189.67818000
1471      3715500.45714000
1472      3731879.28440000
1473      3748325.63193000
1474      3764841.74299000
1475      3781425.41387000
1476      3798079.87611000
1477      3814802.88521000
1478      3831595.03025000
1479      3848457.45254000
1480      3865390.80262000
1481      3882393.71841000
1482      3899467.09807000
1483      3916612.79914000
1484      3933828.75089000
1485      3951116.55603000
1486      3968476.87550000
1487      3985908.65171000
1488      4003413.93725000
1489      4020990.20091000
1490      4038641.04961000
1491      4056363.69276000
1492      4074161.65932000
1493      4092031.45653000
1494      4109976.18968000
1495      4127995.75172000
1496      4146090.29694000
1497      4164259.44678000
1498      4182504.15229000
1499      4200823.34664000
1500      4219220.32051000
1501      4237691.28515000
1502      4256239.92416000
1503      4274866.67413000
1504      4293568.01746000
1505      4312347.51283000
1506      4331204.50178000
1507      4350141.47633000
1508      4369154.20263000
1509      4388246.96144000
1510      4407418.12810000
1511      4426668.82189000
1512      4445997.68270000
1513      4465407.23090000
1514      4484897.35317000
1515      4504467.36761000
1516      4524117.43278000
1517      4543850.37664000
1518      4563664.55738000
1519      4583558.70740000
1520      4603535.95671000
1521      4623593.78398000
1522      4643737.16805000
1523      4663960.88099000
1524      4684269.62508000
1525      4704661.44409000
1526      4725137.38415000
1527      4745696.44272000
1528      4766340.04268000
1529      4787069.53690000
1530      4807884.50916000
1531      4828783.57025000
1532      4849770.01652000
1533      4870841.55861000
1534      4892000.47249000
1535      4913245.79216000
1536      4934577.93047000
1537      4955998.33537000
1538      4977506.57714000
1539      4999102.83016000
1540      5020787.26927000
1541      5042561.61270000
1542      5064423.26405000
1543      5086375.83994000
1544      5108417.31320000
1545      5130549.76654000
1546      5152774.35480000
1547      5175087.75094000
1548      5197492.67376000
1549      5219989.94285000
1550      5242578.81305000
1551      5265259.76393000
1552      5288033.63276000
1553      5310901.56667000
1554      5333861.17717000
1555      5356915.22967000
1556      5380063.91177000
1557      5403307.41708000
1558      5426643.65371000
1559      5450076.38637000
1560      5473605.15563000
1561      5497230.15380000
1562      5520950.26957000
1563      5544767.30376000
1564      5568682.46924000
1565      5592693.96589000
1566      5616802.95230000
1567      5641011.29809000
1568      5665318.23220000
1569      5689722.56131000
1570      5714227.47682000
1571      5738831.23253000
1572      5763535.97665000
1573      5788339.90656000
1574      5813245.21915000
1575      5838251.42575000
1576      5863360.80046000
1577      5888569.45331000
1578      5913881.61240000
1579      5939296.85846000
1580      5964816.02433000
1581      5990437.28266000
1582      6016162.86562000
1583      6041992.26950000
1584      6067927.82953000
1585      6093966.90911000
1586      6120112.46835000
1587      6146363.38198000
1588      6172721.30003000
1589      6199186.22437000
1590      6225756.40363000
1591      6252435.56354000
1592      6279223.07928000
1593      6306117.08098000
1594      6333119.97540000
1595      6360234.06406000
1596      6387455.87332000
1597      6414788.57102000
1598      6442231.63392000
1599      6469785.27861000
1600      6497450.32195000
1601      6525226.37734000
1602      6553115.77158000
1603      6581115.86006000
1604      6609230.32732000
1605      6637457.27681000
1606      6665797.68705000
1607      6694253.31644000
1608      6722824.04171000
1609      6751508.12385000
1610      6780308.69346000
1611      6809224.61736000
1612      6838258.66630000
1613      6867406.17410000
1614      6896672.44785000
1615      6926058.51460000
1616      6955560.66190000
1617      6985182.27345000
1618      7014922.21204000
1619      7044782.44455000
1620      7074760.66310000
1621      7104861.23294000
1622      7135082.43968000
1623      7165424.28331000
1624      7195886.99209000
1625      7226472.99272000
1626      7257182.77502000
1627      7288013.30793000
1628      7318968.41204000
1629      7350047.19430000
1630      7381252.68347000
1631      7412580.68182000
1632      7444033.37090000
1633      7475613.49071000
1634      7507320.73852000
1635      7539153.95132000
1636      7571113.09354000
1637      7603201.20586000
1638      7635418.83863000
1639      7667764.24001000
1640      7700237.09646000
1641      7732842.17502000
1642      7765576.92407000
1643      7798442.68449000
1644      7831437.42273000
1645      7864566.26780000
1646      7897826.86932000
1647      7931218.93615000
1648      7964743.79039000
1649      7998404.66859000
1650      8032197.42487000
1651      8066125.49291000
1652      8100189.13192000
1653      8134388.60013000
1654      8168724.15880000
1655      8203195.16611000
1656      8237804.20286000
1657      8272550.10467000
1658      8307434.56082000
1659      8342459.26490000
1660      8377620.70827000
1661      8412924.76134000
1662      8448367.10551000
1663      8483949.31983000
1664      8519674.03327000
1665      8555541.52362000
1666      8591550.70749000
1667      8627701.33801000
1668      8663995.55380000
1669      8700436.51897000
1670      8737018.79696000
1671      8773748.37530000
1672      8810622.19115000
1673      8847641.46548000
1674      8884809.37068000
1675      8922122.32850000
1676      8959584.94830000
1677      8997195.11155000
1678      9034952.59977000
1679      9072858.65588000
1680      9110918.42777000
1681      9149126.36603000
1682      9187485.65937000
1683      9225996.58766000
1684      9264659.47350000
1685      9303475.03628000
1686      9342445.07240000
1687      9381566.41618000
1688      9420844.28296000
1689      9460275.95827000
1690      9499863.73483000
1691      9539606.43392000
1692      9579507.85062000
1693      9619565.69622000
1694      9659781.27142000
1695      9700154.41327000
1696      9740688.95432000
1697      9781381.08216000
1698      9822232.11073000
1699      9863246.93119000
1700      9904421.25480000
1701      9945757.29295000
1702      9987255.51045000
1703     10028919.19364000
1704     10070745.05701000
1705     10112734.88630000
1706     10154890.04215000
1707     10197212.96738000
1708     10239697.56958000
1709     10282352.05408000
1710     10325173.52405000
1711     10368164.02541000
1712     10411319.96803000
1713     10454647.48497000
1714     10498143.22097000
1715     10541811.17325000
1716     10585649.47390000
1717     10629659.53145000
1718     10673842.06832000
1719     10718197.70600000
1720     10762726.86012000
1721     10807430.55890000
1722     10852307.61263000
1723     10897360.24509000
1724     10942591.02969000
1725     10987998.04337000
1726     11033582.35448000
1727     11079343.92174000
1728     11125284.96254000
1729     11171405.04640000
1730     11217706.79770000
1731     11264186.72591000
1732     11310847.04581000
1733     11357691.55701000
1734     11404719.08016000
1735     11451930.68334000
1736     11499324.80789000
1737     11546903.67726000
1738     11594668.44941000
1739     11642618.64220000
1740     11690755.77740000
1741     11739079.35238000
1742     11787592.93511000
1743     11836293.29290000
1744     11885185.04905000
1745     11934264.25953000
1746     11983537.98236000
1747     12033001.73383000
1748     12082655.51466000
1749     12132505.20597000
1750     12182546.85054000
1751     12232784.22275000
1752     12283213.01267000
1753     12333841.94044000
1754     12384664.86440000
1755     12435686.16991000
1756     12486903.10370000
1757     12538321.95709000
1758     12589937.76860000
1759     12641753.40675000
1760     12693770.79864000
1761     12745991.58451000
1762     12798410.75087000
1763     12851034.33428000
1764     12903861.13741000
1765     12956893.10183000
1766     13010129.30825000
1767     13063571.41468000
1768     13117221.36908000
1769     13171079.28032000
1770     13225143.18356000
1771     13279416.06049000
1772     13333899.87032000
1773     13388594.73678000
1774     13443498.65628000
1775     13498614.64765000
1776     13553943.09559000
1777     13609487.31088000
1778     13665243.66526000
1779     13721215.21597000
1780     13777405.05687000
1781     13833807.05744000
1782     13890428.36311000
1783     13947266.41876000
1784     14004327.54963000
1785     14061603.71093000
1786     14119102.59302000
1787     14176821.39692000
1788     14234763.50492000
1789     14292928.15321000
1790     14351315.73198000
1791     14409928.03014000
1792     14468766.85843000
1793     14527831.42596000
1794     14587120.51459000
1795     14646637.54857000
1796     14706385.97433000
1797     14766360.31967000
1798     14826565.44816000
1799     14887003.39212000
1800     14947672.77384000
1801     15008572.91863000
1802     15069707.12091000
1803     15131075.79795000
1804     15192680.83297000
1805     15254519.88713000
1806     15316596.29813000
1807     15378913.43973000
1808     15441465.99678000
1809     15504257.17747000
1810     15567289.03938000
1811     15630562.01287000
1812     15694075.02945000
1813     15757833.28106000
1814     15821833.92986000
1815     15886082.19984000
1816     15950572.34835000
1817     16015309.47116000
1818     16080294.00775000
1819     16145527.92999000
1820     16211008.72700000
1821     16276739.89858000
1822     16342721.89039000
1823     16408956.69925000
1824     16475441.76576000
1825     16542179.07349000
1826     16609173.84678000
1827     16676423.23967000
1828     16743926.38053000
1829     16811688.35392000
1830     16879706.45302000
1831     16947987.56010000
1832     17016524.11053000
1833     17085321.46197000
1834     17154383.22210000
1835     17223705.09825000
1836     17293290.76011000
1837     17363140.72121000
1838     17433258.64974000
1839     17503640.18023000
1840     17574289.02993000
1841     17645205.67051000
1842     17716393.92802000
1843     17787849.26975000
1844     17859575.51101000
1845     17931573.10072000
1846     18003847.54031000
1847     18076392.64643000
1848     18149210.52698000
1849     18222306.72265000
1850     18295681.72677000
1851     18369332.64733000
1852     18443261.64432000
1853     18517469.20987000
1854     18591960.93076000
1855     18666732.16448000
1856     18741785.12386000
1857     18817121.96916000
1858     18892746.69215000
1859     18968654.55657000
1860     19044847.82432000
1861     19121332.15301000
1862     19198102.78920000
1863     19275163.73647000
1864     19352513.72911000
1865     19430158.58373000
1866     19508095.14229000
1867     19586322.24487000
1868     19664847.39765000
1869     19743669.33467000
1870     19822786.76982000
1871     19902203.82127000
1872     19981917.29966000
1873     20061933.15262000
1874     20142249.99207000
1875     20222866.60046000
1876     20303787.04885000
1877     20385013.70788000
1878     20466543.30131000
1879     20548380.03868000
1880     20630524.45235000
1881     20712978.94197000
1882     20795741.90617000
1883     20878812.25829000
1884     20962197.76288000
1885     21045898.97543000
1886     21129908.87208000
1887     21214237.29193000
1888     21298883.06261000
1889     21383846.39996000
1890     21469122.42588000
1891     21554722.67318000
1892     21640644.03577000
1893     21726885.12781000
1894     21813448.23355000
1895     21900335.84563000
1896     21987552.44065000
1897     22075090.54681000
1898     22162956.58357000
1899     22251152.87576000
1900     22339680.21071000
1901     22428534.96873000
1902     22517723.43321000
1903     22607246.41641000
1904     22697104.02120000
1905     22787295.04008000
1906     22877822.05049000
1907     22968687.13760000
1908     23059893.16411000
1909     23151438.42220000
1910     23243323.47441000
1911     23335552.71850000
1912     23428127.02210000
1913     23521044.63975000
1914     23614307.92193000
1915     23707923.67893000
1916     23801884.20348000
1917     23896192.14354000
1918     23990851.64629000
1919     24085866.03931000
1920     24181231.08830000
1921     24276953.38294000
1922     24373027.82785000
1923     24469464.98598000
1924     24566256.95089000
1925     24663408.58666000
1926     24760922.30167000
1927     24858798.70911000
1928     24957035.89652000
1929     25055636.98625000
1930     25154604.39944000
1931     25253942.74684000
1932     25353646.09586000
1933     25453719.43329000
1934     25554161.17623000
1935     25654986.62655000
1936     25756172.88592000
1937     25857739.28809000
1938     25959678.39537000
1939     26061998.93659000
1940     26164697.07548000
1941     26267773.43324000
1942     26371233.15907000
1943     26475076.46719000
1944     26579301.27509000
1945     26683910.93409000
1946     26788910.21316000
1947     26894294.71761000
1948     27000067.84263000
1949     27106229.76185000
1950     27212789.90567000
1951     27319737.33836000
1952     27427084.33712000
1953     27534824.07404000
1954     27642964.22511000
1955     27751500.76540000
1956     27860436.18256000
1957     27969772.97031000
1958     28079515.24039000
1959     28189664.46503000
1960     28300212.29720000
1961     28411170.80802000
1962     28522538.29367000
1963     28634314.87423000
1964     28746501.21375000
1965     28859098.56161000
1966     28972115.60828000
1967     29085548.77258000
1968     29199393.83533000
1969     29313660.70204000
1970     29428342.67722000
1971     29543447.23906000
1972     29658972.60588000
1973     29774928.80857000
1974     29891307.23380000
1975     30008112.29790000
1976     30125344.69681000
1977     30243008.30298000
1978     30361104.40024000
1979     30479629.94685000
1980     30598587.50874000
1981     30717992.45165000
1982     30837825.07393000
1983     30958095.60529000
1984     31078809.91903000
1985     31199966.18326000
1986     31321564.41830000
1987     31443607.93966000
1988     31566096.76284000
1989     31689036.84761000
1990     31812421.07369000
1991     31936259.19383000
1992     32060548.17925000
1993     32185297.86803000
1994     32310494.98325000
1995     32436151.64431000
1996     32562267.85047000
1997     32688841.67063000
1998     32815875.74472000
1999     32943375.41779000
2000     33071347.69446000
2001     33199778.17951000
2002     33328676.55699000
2003     33458042.76864000
2004     33587885.80757000
2005     33718194.63086000
2006     33848985.68058000
2007     33980246.78727000
2008     34111993.63649000
2009     34244211.20831000
2010     34376910.52172000
2011     34510097.09948000
2012     34643764.21157000
2013     34777916.46799000
2014     34912557.48112000
2015     35047685.21169000
2016     35183308.06161000
2017     35319424.01120000
2018     35456030.05745000
2019     35593127.90687000
2020     35730732.80333000
2021     35868830.17242000
2022     36007431.41995000
2023     36146538.36107000
2024     36286141.11288000
2025     36426252.14499000
2026     36566870.31622000
2027     36708002.33035000
2028     36849646.09293000
2029     36991796.50208000
2030     37134459.26187000
2031     37277646.09894000
2032     37421345.92731000
2033     37565567.50511000
2034     37710306.70906000
2035     37855577.34312000
2036     38001365.15309000
2037     38147680.04082000
2038     38294527.87490000
2039     38441903.42414000
2040     38589811.44536000
2041     38738248.85225000
2042     38887223.50721000
2043     39036745.57700000
2044     39186796.23020000
2045     39337388.69944000
2046     39488525.83937000
2047     39640208.53343000
2048     39792437.66153000
2049     39945214.90891000
2050     40098542.32834000
2051     40252419.60918000
2052     40406849.60200000
2053     40561839.56833000
2054     40717387.22820000
2055     40873491.02681000
2056     41030154.28920000
2057     41187380.64739000
2058     41345183.97183000
2059     41503540.48223000
2060     41662468.02361000
2061     41821967.51731000
2062     41982051.73720000
2063     42142693.33577000
2064     42303916.91982000
2065     42465716.81627000
2066     42628102.58546000
2067     42791069.85611000
2068     42954616.87701000
2069     43118751.24321000
2070     43283479.27557000
2071     43448795.19689000
2072     43614696.53761000
2073     43781195.00412000
2074     43948296.36752000
2075     44115986.55712000
2076     44284282.17622000
2077     44453180.78363000
2078     44622676.44161000
2079     44792781.01606000
2080     44963498.96338000
2081     45134822.29343000
2082     45306754.53104000
2083     45479301.58313000
2084     45652473.49014000
2085     45826260.72766000
2086     46000659.20620000
2087     46175684.01172000
2088     46351331.09135000
2089     46527617.72256000
2090     46704519.94414000
2091     46882052.99397000
2092     47060218.35884000
2093     47239033.04330000
2094     47418467.61045000
2095     47598543.13386000
2096     47779262.68513000
2097     47960636.21009000
2098     48142641.19509000
2099     48325297.36022000
2100     48508599.99514000
2101     48692566.96539000
2102     48877173.40872000
2103     49062439.24299000
2104     49248370.93078000
2105     49434956.65155000
2106     49622205.26791000
2107     49810117.44663000
2108     49998700.43680000
2109     50187953.22802000
2110     50377875.14751000
2111     50568463.40348000
2112     50759738.45143000
2113     50951691.68337000
2114     51144316.75820000
2115     51337628.03386000
2116     51531626.90088000
2117     51726314.44032000
2118     51921686.02612000
2119     52117746.58456000
2120     52314508.95009000
2121     52511966.64255000
2122     52710116.78196000
2123     52908968.32158000
2124     53108528.42483000
2125     53308796.34463000
2126     53509765.20010000
2127     53711440.03988000
2128     53913836.27688000
2129     54116946.84166000
2130     54320766.86852000
2131     54525313.77983000
2132     54730584.67719000
2133     54936572.53811000
2134     55143284.61730000
2135     55350734.34100000
2136     55558914.78740000
2137     55767820.82667000
2138     55977461.89578000
2139     56187851.59224000
2140     56398978.63495000
2141     56610846.26561000
2142     56823457.72175000
2143     57036824.67330000
2144     57250941.98917000
2145     57465804.50547000
2146     57681426.03045000
2147     57897816.28761000
2148     58114953.03317000
2149     58332852.31504000
2150     58551521.70958000
2151     58770966.77934000
2152     58991173.56854000
2153     59212149.71308000
2154     59433909.34131000
2155     59656451.57244000
2156     59879762.29112000
2157     60103855.64555000
2158     60328752.70050000
2159     60554419.36888000
2160     60780883.26090000
2161     61008141.20327000
2162     61236196.57756000
2163     61465045.97839000
2164     61694697.38221000
2165     61925158.69021000
2166     62156424.31486000
2167     62388490.94604000
2168     62621382.22193000
2169     62855074.57210000
2170     63089594.11924000
2171     63324928.21415000
2172     63561085.07190000
2173     63798065.68914000
2174     64035880.53997000
2175     64274526.31759000
2176     64513994.69477000
2177     64754300.82612000
2178     64995460.02889000
2179     65237445.24036000
2180     65480276.41301000
2181     65723950.12722000
2182     65968490.93852000
2183     66213867.05097000
2184     66460098.66376000
2185     66707205.77740000
2186     66955156.32260000
2187     67203972.84807000
2188     67453659.32200000
2189     67704214.01708999
2190     67955638.22592001
2191     68207928.39275999
2192     68461107.46675000
2193     68715169.30151001
2194     68970107.63428000
2195     69225938.49590001
2196     69482643.54918000
2197     69740253.18043000
2198     69998761.12021001
2199     70258151.59682000
2200     70518445.24183001
2201     70779660.68469000
2202     71041762.05744000
2203     71304770.10139000
2204     71568693.43728000
2205     71833548.67900001
2206     72099309.05001000
2207     72365986.03140000
2208     72633595.64949000
2209     72902126.88533001
2210     73171587.76135001
2211     73441982.59988999
2212     73713320.22775000
2213     73985581.34687001
2214     74258794.76274000
2215     74532944.05958000
2216     74808053.77641000
2217     75084111.91967000
2218     75361114.61540000
2219     75639070.74129000
2220     75918012.70641001
2221     76197892.04438999
2222     76478741.14494000
2223     76760572.17306000
2224     77043367.47778000
2225     77327133.82354000
2226     77611887.93244000
2227     77897615.09359001
2228     78184335.25007001
2229     78472046.74347000
2230     78760734.68385001
2231     79050419.12027000
2232     79341120.31127000
2233     79632803.57509001
2234     79925492.35568000
2235     80219187.14013000
2236     80513909.40473001
2237     80809631.86627001
2238     81106374.96881001
2239     81404137.98688000
2240     81702917.99815001
2241     82002733.39415000
2242     82303568.78681999
2243     82605452.89624999
2244     82908368.02102000
2245     83212311.06913000
2246     83517298.37530001
2247     83823356.78692000
2248     84130440.75225000
2249     84438580.51266000
2250     84747785.73930000
2251     85058046.44696000
2252     85369366.45613000
2253     85681757.75006001
2254     85995216.05975001
2255     86309754.71815000
2256     86625368.16313000
2257     86942054.34579000
2258     87259824.36047000
2259     87578698.63404000
2260     87898646.74733000
2261     88219686.75114000
2262     88541838.27313000
2263     88865087.27725001
2264     89189431.62224001
2265     89514895.66069999
2266     89841470.41620000
2267     90169148.48749000
2268     90497957.35261001
2269     90827875.05034000
2270     91158946.17163000
2271     91491117.07323000
2272     91824430.95288999
2273     92158883.33855000
2274     92494480.57629000
2275     92831209.55594000
2276     93169097.63813999
2277     93508119.13822000
2278     93848311.75403000
2279     94189664.69473000
2280     94532165.32669000
2281     94875831.95209999
2282     95220692.42713000
2283     95566701.58284999
2284     95913897.66850001
2285     96262265.52958000
2286     96611832.62704000
2287     96962577.28720000
2288     97314509.99492000
2289     97667637.15266000
2290     98021984.24742000
2291     98377512.09525000
2292     98734248.52079000
2293     99092219.77287000
2294     99451381.57966000
2295     99811770.98995000
2296    100173365.65163000
2297    100536209.52934000
2298    100900273.56550001
2299    101265568.52986000
2300    101632089.45758000
2301    101999883.24880999
2302    102368897.87822001
2303    102739164.44709000
2304    103110689.53791000
2305    103483479.45644000
2306    103857520.32964000
2307    104232823.13297001
2308    104609392.05779000
2309    104987258.90479000
2310    105366377.26364000
2311    105746778.93319000
2312    106128477.52360000
2313    106511461.02430999
2314    106895740.66300000
2315    107281306.66937999
2316    107668172.66126999
2317    108056366.37368999
2318    108445845.06699000
2319    108836655.46907000
2320    109228778.24719000
2321    109622212.91508000
2322    110016985.19373000
2323    110413075.52594000
2324    110810509.77282000
2325    111209280.28883000
2326    111609388.97679999
2327    112010849.82961001
2328    112413662.41365001
2329    112817821.28903000
2330    113223357.68482000
2331    113630231.95736000
2332    114038497.52491000
2333    114448126.80215999
2334    114859129.09663001
2335    115271521.25447001
2336    115685295.25288001
2337    116100447.98232999
2338    116517006.30134000
2339    116934949.70982000
2340    117354325.18138000
2341    117775077.04554000
2342    118197247.21870001
2343    118620842.94247000
2344    119045853.49665000
2345    119472293.41608000
2346    119900144.13500001
2347    120329446.10445000
2348    120760180.76846001
2349    121192349.72317000
2350    121625981.17317000
2351    122061061.26955000
2352    122497578.84615000
2353    122935575.07088000
2354    123375023.14943001
2355    123815971.89851999
2356    124258355.41712999
2357    124702222.56094000
2358    125147593.85791001
2359    125594439.64478000
2360    126042788.43839000
2361    126492617.70085000
2362    126943948.64878000
2363    127396809.46498001
2364    127851159.48678000
2365    128307035.67470001
2366    128764423.22517000
2367    129223338.08524001
2368    129683795.60629000
2369    130145765.16892999
2370    130609297.42738000
2371    131074359.20476000
2372    131540965.81982000
2373    132009138.56628001
2374    132478868.01943000
2375    132950162.25895000
2376    133423011.69879000
2377    133897431.85405999
2378    134373456.19130999
2379    134851035.40621999
2380    135330224.92280000
2381    135810984.59018001
2382    136293370.22180000
2383    136777329.36171001
2384    137262898.37788999
2385    137750095.68979001
2386    138238903.92061001
2387    138729336.47246000
2388    139221377.11289999
2389    139715054.09862000
2390    140210407.25007001
2391    140707362.82135001
2392    141205978.04776999
2393    141706233.93542001
2394    142208161.74359000
2395    142711752.54585001
2396    143217000.99349001
2397    143723927.15795001
2398    144232542.38117999
2399    144742836.23734999
2400    145254798.10780999
2401    145768472.76172000
2402    146283843.20960000
2403    146800905.24687001
2404    147319688.45772001
2405    147840191.29484999
2406    148362409.57605001
2407    148886339.03873000
2408    149411991.18735000
2409    149939424.71506000
2410    150468554.01576000
2411    150999453.78082001
2412    151532082.63837999
2413    152066510.76958999
2414    152602656.68586999
2415    153140577.10576999
2416    153680283.96511999
2417    154221763.51831999
2418    154765032.79179999
2419    155310077.85791999
2420    155856932.26208001
2421    156405582.05847001
2422    156956032.27789000
2423    157508297.58660999
2424    158062366.38220000
2425    158618291.98315999
2426    159176011.92050999
2427    159735589.35350999
2428    160297000.35597000
2429    160860233.04574999
2430    161425341.37276000
2431    161992288.79355001
2432    162561124.94183999
2433    163131800.57491001
2434    163704358.15628999
2435    164278787.80728999
2436    164855127.18687001
2437    165433331.68704000
2438    166013418.91295999
2439    166595441.69519001
2440    167179355.09213001
2441    167765189.64295000
2442    168352927.72821000
2443    168942607.61339000
2444    169534221.90084001
2445    170127747.76021999
2446    170723231.35110000
2447    171320647.17890999
2448    171920064.98353001
2449    172521397.26095000
2450    173124713.85012999
2451    173729983.75077999
2452    174337269.61056000
2453    174946503.74871999
2454    175557733.23313001
2455    176170984.52710000
2456    176786213.03389999
2457    177403455.67296001
2458    178022709.88677999
2459    178644007.75275999
2460    179267306.70837000
2461    179892646.71456999
2462    180520006.50896001
2463    181149450.52472001
2464    181780919.67171001
2465    182414440.85371000
2466    183050043.85958001
2467    183687709.86508000
2468    184327446.93482000
2469    184969263.14761999
2470    185613183.31404999
2471    186259193.66442001
2472    186907324.42885000
2473    187557509.45221001
2474    188209828.50240999
2475    188864306.93516999
2476    189520861.15343001
2477    190179591.32831001
2478    190840430.57696000
2479    191503457.23146001
2480    192168586.71599999
2481    192835912.31140000
2482    193505379.66639999
2483    194177034.49237001
2484    194850862.33759001
2485    195526871.45627999
2486    196205087.80537999
2487    196885453.27450001
2488    197568088.83206999
2489    198252881.96768001
2490    198939936.37941000
2491    199629185.40906000
2492    200320684.01135999
2493    201014417.25213000
2494    201710414.35811001
2495    202408631.31755000
2496    203109129.02118000
2497    203811860.52970001
2498    204516905.47778001
2499    205224201.03963000
2500    205933779.38707000
2501    206645664.91025999
2502    207359847.54986000
2503    208076354.53894001
2504    208795143.41571999
2505    209516273.72857001
2506    210239724.42882001
2507    210965531.14589000
2508    211693621.01754999
2509    212424127.68311000
2510    213156937.13036001
2511    213892150.90849999
2512    214629703.67087999
2513    215369650.76493001
2514    216111953.86497000
2515    216856690.89844999
2516    217603767.95622000
2517    218353296.45875999
2518    219105232.35482001
2519    219859556.30349001
2520    220616350.05162999
2521    221375549.17837000
2522    222137207.67713001
2523    222901283.34123001
2524    223667858.81963000
2525    224436866.15759999
2526    225208365.41565001
2527    225982311.13122001
2528    226758786.86456001
2529    227537723.84024000
2530    228319180.01205000
2531    229103112.10999000
2532    229889581.14243001
2533    230678564.37680000
2534    231470099.74056000
2535    232264137.93665001
2536    233060769.86543000
2537    233859895.75435001
2538    234661627.91760999
2539    235465868.75347999
2540    236272758.00547999
2541    237082173.59263000
2542    237894196.60181001
2543    238708814.67144999
2544    239526061.10791001
2545    240345912.39030001
2546    241168380.25207001
2547    241993470.91637000
2548    242821220.80059999
2549    243651611.65331000
2550    244484619.38821000
2551    245320335.75766000
2552    246158687.09018001
2553    246999737.82736999
2554    247843438.73473999
2555    248689854.58965999
2556    249538991.94806999
2557    250390832.03823999
2558    251245353.00448000
2559    252102620.30129999
2560    252962612.17293000
2561    253825369.00624999
2562    254690840.39818999
2563    255559118.29532000
2564    256430094.87996000
2565    257303899.49930000
2566    258180420.92802000
2567    259059809.71140000
2568    259941933.63521999
2569    260826914.99990001
2570    261714644.12362999
2571    262605278.82778001
2572    263498679.72637001
2573    264394973.27472001
2574    265294045.72194999
2575    266196059.39662001
2576    267100870.50672999
2577    268008577.13630000
2578    268919129.27849001
2579    269832652.87655002
2580    270749008.15627003
2581    271668297.07581002
2582    272590460.54705000
2583    273515604.13150001
2584    274443644.00624001
2585    275374647.38295001
2586    276308563.01964998
2587    277245494.73245001
2588    278185352.06230003
2589    279128211.44827998
2590    280074049.02394003
2591    281022874.34899002
2592    281974663.14964998
2593    282929515.18624997
2594    283887383.90369999
2595    284848273.22812998
2596    285812164.27961999
2597    286779155.06265002
2598    287749164.01858997
2599    288722260.93289000
2600    289698395.19651997
2601    290677665.90754002
2602    291659990.51788002
2603    292645439.56555998
2604    293633961.79817998
2605    294625625.27103001
2606    295620442.87794000
2607    296618357.14837998
2608    297619410.02051002
2609    298623646.67716002
2610    299631071.47005999
2611    300641629.12809998
2612    301655364.87996000
2613    302672315.70577002
2614    303692464.54939002
2615    304715815.54615003
2616    305742381.48115999
2617    306772232.97825003
2618    307805252.98092997
2619    308841548.26015002
2620    309881059.14213997
2621    310923932.63405001
2622    311970008.18184000
2623    313019396.60566998
2624    314072074.31968999
2625    315128082.43957001
2626    316187368.94520998
2627    317249969.08723003
2628    318315933.00424999
2629    319385268.17088997
2630    320457918.98065001
2631    321533924.00515997
2632    322613328.01858997
2633    323696109.62766999
2634    324782313.83468997
2635    325871843.40219003
2636    326964848.05528998
2637    328061268.33274001
2638    329161114.45836002
2639    330264396.67115998
2640    331371122.30150002
2641    332481342.97917002
2642    333595024.89396000
2643    334712184.19435000
2644    335832867.00546998
2645    336957009.20662999
2646    338084689.92260998
2647    339215853.46197999
2648    340350615.58394003
2649    341488914.66321999
2650    342630724.69802999
2651    343776125.87619001
2652    344925095.26596999
2653    346077643.31734997
2654    347233780.49559999
2655    348393514.33165997
2656    349556895.27942997
2657    350723931.20273000
2658    351894524.23786998
2659    353068830.63002002
2660    354246752.24318999
2661    355428408.95418000
2662    356613661.45797002
2663    357802635.88925999
2664    358995340.21370000
2665    360191747.43576998
2666    361391871.17097002
2667    362595680.96939999
2668    363803343.17356998
2669    365014636.31165999
2670    366229765.43226999
2671    367448658.80721003
2672    368671374.78226000
2673    369897802.14096999
2674    371128106.56167001
2675    372362224.46866000
2676    373600163.68405998
2677    374841901.79448003
2678    376087561.28662002
2679    377337074.81089997
2680    378590459.21869999
2681    379847719.41237003
2682    381108832.53386003
2683    382373962.60800999
2684    383642927.71662998
2685    384915855.38145000
2686    386192676.52643001
2687    387473522.68566000
2688    388758287.30805999
2689    390047062.11030000
2690    391339774.19441998
2691    392636559.49457997
2692    393937266.34746999
2693    395242069.00553000
2694    396550900.10745001
2695    397863764.73250002
2696    399180680.04425001
2697    400501615.78092998
2698    401826745.83578002
2699    403155877.24581999
2700    404489145.77667999
2701    405826479.25263000
2702    407168017.52490002
2703    408513643.21613002
2704    409863454.69177002
2705    411217418.21744001
2706    412575551.16014999
2707    413937904.35140997
2708    415304361.45598000
2709    416675107.30969000
2710    418050065.12405998
2711    419429295.38822001
2712    420812674.34658003
2713    422200391.82169998
2714    423592329.83484000
2715    424988629.95362002
2716    426389170.47030997
2717    427793968.62027001
2718    429203210.93594003
2719    430616687.11711001
2720    432034543.29607999
2721    433456702.97109997
2722    434883357.71696001
2723    436314253.52702999
2724    437749623.75450999
2725    439189391.36780000
2726    440633571.07560003
2727    442082216.39143997
2728    443535255.39494997
2729    444992786.68708998
2730    446454734.82334000
2731    447921247.42534000
2732    449392154.79549998
2733    450867699.37777001
2734    452347662.01796001
2735    453832197.68905002
2736    455321272.54009002
2737    456814898.40425003
2738    458313130.32748997
2739    459815897.00050002
2740    461323296.82756001
2741    462835298.51486999
2742    464351963.87706000
2743    465873164.47046000
2744    467399102.78807002
2745    468929741.28851998
2746    470464953.54149997
2747    472004943.62602001
2748    473549530.99176002
2749    475098971.57919002
2750    476653036.41444999
2751    478211883.76046997
2752    479775529.22556001
2753    481343885.78956997
2754    482917068.11409003
2755    484494991.81677997
2756    486077811.35150999
2757    487665399.75931001
2758    489257817.72237998
2759    490855077.47171003
2760    492457292.63766003
2761    494064328.51038003
2762    495676200.11374003
2763    497293067.92724001
2764    498914848.89867002
2765    500541552.23193002
2766    502173149.78701001
2767    503809747.37937999
2768    505451313.90467000
2769    507097912.11414999
2770    508749504.38493001
2771    510406058.87260997
2772    512067787.44962001
2773    513734401.74004000
2774    515406168.08736998
2775    517082952.71313000
2776    518764918.46218002
2777    520451927.61623001
2778    522143995.51507998
2779    523841341.16288000
2780    525543722.39818001
2781    527251306.97772002
2782    528964006.91609001
2783    530682043.52309000
2784    532405171.93506998
2785    534133512.29531002
2786    535867130.03378999
2787    537605988.69406998
2788    539350154.02844000
2789    541099479.93988001
2790    542854200.95431995
2791    544614271.00995004
2792    546379549.16048002
2793    548150211.66367996
2794    549926214.83880997
2795    551707631.96149004
2796    553494368.18191004
2797    555286547.74283004
2798    557084187.26262999
2799    558887191.08301997
2800    560695681.18099999
2801    562509567.75831997
2802    564328973.42007005
2803    566153859.76086998
2804    567984239.88481998
2805    569820188.76987004
2806    571661661.21346998
2807    573508676.80724001
2808    575361192.85921001
2809    577219337.40064001
2810    579083127.32638001
2811    580952520.00564003
2812    582827531.92786002
2813    584708122.97610998
2814    586594479.57695997
2815    588486385.00751996
2816    590384089.73387003
2817    592287493.56843996
2818    594196609.90277004
2819    596111455.38223004
2820    598032049.91494000
2821    599958461.56843996
2822    601890594.74851000
2823    603828582.05272996
2824    605772437.46413004
2825    607721999.57195997
2826    609677583.87729001
2827    611638849.42016995
2828    613606106.34087002
2829    615579257.51517999
2830    617558375.84371996
2831    619543356.63893998
2832    621534282.45885003
2833    623531283.21139002
2834    625534137.28680003
2835    627543044.15049005
2836    629558014.78736997
2837    631578952.53749001
2838    633605991.79451001
2839    635639025.49887002
2840    637678198.54448998
2841    639723518.74821997
2842    641774887.97535002
2843    643832445.61790001
2844    645896018.33042002
2845    647965998.92236996
2846    650041970.56061995
2847    652124197.03091002
2848    654212696.14629996
2849    656307420.13455999
2850    658408392.94552004
2851    660515562.73711002
2852    662629138.17376995
2853    664749011.72612000
2854    666875134.40925002
2855    669007653.14665997
2856    671146458.98134005
2857    673291756.60844004
2858    675443436.94825006
2859    677601396.21515000
2860    679765965.20220006
2861    681936841.40392995
2862    684114302.78130996
2863    686298174.02093005
2864    688488602.00941002
2865    690685471.64147997
2866    692888868.66425002
2867    695098876.22017002
2868    697315574.84223998
2869    699538661.51273000
2870    701768478.60786998
2871    704004843.55412996
2872    706247979.08141994
2873    708497635.21904004
2874    710754095.19017005
2875    713017181.09516001
2876    715287044.27850997
2877    717563632.85096002
2878    719846897.57742000
2879    722136997.61889994
2880    724434015.91434002
2881    726737629.21247995
2882    729048204.10323000
2883    731365545.25705004
2884    733689950.47596002
2885    736021096.91963005
2886    738359139.20385003
2887    740704164.51171994
2888    743056053.52995002
2889    745415035.20100999
2890    747780920.64008999
2891    750153793.94940996
2892    752533750.08462000
2893    754920664.67390001
2894    757314695.98790002
2895    759715866.43893003
2896    762123983.44506001
2897    764539350.75776994
2898    766961768.53527999
2899    769391478.27383995
2900    771828282.44822001
2901    774272199.14219999
2902    776723461.47546995
2903    779181948.93940997
2904    781647611.60083997
2905    784120608.73046005
2906    786600814.81523001
2907    789088545.34542000
2908    791583453.43052995
2909    794085702.77883005
2910    796595392.26156998
2911    799112464.58227003
2912    801636942.07967997
2913    804168840.31123996
2914    806708259.03903997
2915    809255143.70774996
2916    811809439.01194000
2917    814371312.52681994
2918    816940790.76267004
2919    819517661.79276001
2920    822102250.95344996
2921    824694356.03630996
2922    827294215.39414001
2923    829901632.53814006
2924    832516622.71424997
2925    835139436.40357006
2926    837769941.47424996
2927    840408157.26784003
2928    843054110.01857996
2929    845707738.77200997
2930    848369297.14942002
2931    851038654.60314000
2932    853715749.64980996
2933    856400763.52699995
2934    859093638.44988000
2935    861794397.42869997
2936    864503134.94756997
2937    867219642.50413001
2938    869944332.26073003
2939    872676834.42413998
2940    875417401.48959005
2941    878166140.08250999
2942    880922676.79821002
2943    883687425.00761998
2944    886460249.25364006
2945    889241172.84447002
2946    892030219.12061000
2947    894827323.90123999
2948    897632759.37038004
2949    900446377.73654997
2950    903268046.90710998
2951    906098267.44006002
2952    908936500.64579999
2953    911783174.11310005
2954    914638145.02728999
2955    917501272.37925994
2956    920372905.14496005
2957    923252989.02879000
2958    926141296.03258002
2959    929038264.45463002
2960    931943499.58169997
2961    934857274.72431004
2962    937779527.04626000
2963    940710199.86459994
2964    943649484.93444002
2965    946597399.83568001
2966    949553884.48100996
2967    952518966.35990000
2968    955492580.85160995
2969    958474922.05580997
2970    961466014.71726000
2971    964465622.70325005
2972    967474112.91260004
2973    970491162.35671997
2974    973517406.21980000
2975    976552171.51840997
2976    979595654.34011996
2977    982648143.26494002
2978    985709482.19518995
2979    988779523.82947004
2980    991858642.49795997
2981    994946596.31421006
2982    998043850.44544005
2983   1001149901.08649004
2984   1004264774.93104994
2985   1007388843.95179999
2986   1010521959.26418996
2987   1013664056.06862998
2988   1016815423.75893998
2989   1019975728.85408998
2990   1023145538.95879996
2991   1026324335.94748998
2992   1029512237.34914994
2993   1032709441.82480001
2994   1035915982.03435004
2995   1039131602.58474004
2996   1042356700.20510995
2997   1045591294.14751005
2998   1048834954.37199998
2999   1052088168.52074003
3000   1055350586.03992999
3001   1058622605.00775003
3002   1061903973.11345994
3003   1065194804.41315997
3004   1068495224.66743004
3005   1071805443.59668005
3006   1075124827.63347006
3007   1078453971.26837993
3008   1081792520.09384990
3009   1085140876.58161998
3010   1088498972.68938994
3011   1091866549.17266989
3012   1095243919.73727989
3013   1098631298.26520991
3014   1102028044.99985003
3015   1105434855.35432005
3016   1108851368.09577990
3017   1112277615.29876995
3018   1115713808.40243006
3019   1119159883.93406010
3020   1122616156.09612012
3021   1126082168.46403003
3022   1129558039.58840990
3023   1133043994.37286997
3024   1136540059.43845010
3025   1140045969.21003008
3026   1143562139.96842003
3027   1147088206.32871008
3028   1150624884.79100990
3029   1154171415.39837003
3030   1157728018.08829999
3031   1161295022.25492001
3032   1164872251.15750003
3033   1168459637.56953001
3034   1172057405.14091992
3035   1175665479.72007990
3036   1179283996.29012990
3037   1182912876.62889004
3038   1186552147.09337997
3039   1190201735.49690008
3040   1193861876.07992005
3041   1197532386.97380996
3042   1201213499.89279008
3043   1204905249.44884992
3044   1208607663.01010990
3045   1212320556.73978996
3046   1216044067.84722996
3047   1219778115.03445005
3048   1223522940.71320009
3049   1227278565.12566996
3050   1231044711.44220996
3051   1234822033.61468005
3052   1238609825.71577001
3053   1242408532.30671000
3054   1246218192.12478995
3055   1250038506.18353009
3056   1253869934.20314002
3057   1257712290.81281996
3058   1261565495.79559994
3059   1265430009.40786004
3060   1269305322.04100990
3061   1273191682.83867002
3062   1277089220.06770992
3063   1280997755.51676011
3064   1284917420.92828012
3065   1288848356.55293012
3066   1292790375.27566004
3067   1296744052.60518003
3068   1300708758.95160007
3069   1304684527.51198006
3070   1308671826.63977003
3071   1312670574.67733002
3072   1316680470.19735003
3073   1320701873.56520009
3074   1324735044.22733998
3075   1328779228.16390991
3076   1332835123.67742991
3077   1336902655.07284999
3078   1340981508.63208008
3079   1345072053.77046990
3080   1349174326.68196988
3081   1353288014.89017010
3082   1357413828.95598006
3083   1361551121.76150990
3084   1365700030.54016995
3085   1369860938.45517993
3086   1374033407.08316994
3087   1378217936.05409002
3088   1382414320.00911999
3089   1386622478.56552005
3090   1390842908.42519999
3091   1395075057.15202999
3092   1399319072.06040001
3093   1403575332.50010991
3094   1407843641.02860999
3095   1412123912.00576997
3096   1416416409.40810990
3097   1420721044.22417998
3098   1425038093.84323001
3099   1429367108.67894006
3100   1433708481.23243999
3101   1438062005.53689003
3102   1442427945.65096998
3103   1446806222.27208996
3104   1451196747.41973996
3105   1455600149.76564002
3106   1460015499.83405995
3107   1464443555.71074009
3108   1468884108.38211012
3109   1473337068.54158998
3110   1477802831.63454008
3111   1482281067.96599007
3112   1486771932.59672999
3113   1491275824.81093001
3114   1495792165.85477996
3115   1500320986.92742991
3116   1504862936.96286988
3117   1509417561.05658007
3118   1513985005.03222990
3119   1518565313.48385000
3120   1523158641.46321988
3121   1527765019.45046997
3122   1532384359.36341000
3123   1537016571.90112996
3124   1541661681.96921992
3125   1546320111.14232993
3126   1550991636.14394999
3127   1555676166.56976008
3128   1560374243.72462010
3129   1565085265.81197000
3130   1569809393.36774993
3131   1574547050.23521996
3132   1579298005.72469997
3133   1584062171.57260990
3134   1588839836.99368000
3135   1593630910.32902002
3136   1598435560.09256005
3137   1603253682.60590005
3138   1608085319.57852006
3139   1612930241.71557999
3140   1617789009.32662010
3141   1622661393.86280990
3142   1627547300.69827008
3143   1632447162.22171998
3144   1637361010.93181992
3145   1642288092.51097012
3146   1647229233.91434002
3147   1652184206.71208000
3148   1657152910.70319009
3149   1662135788.42423010
3150   1667132470.34119010
3151   1672143129.66143990
3152   1677168209.28714991
3153   1682207064.97293997
3154   1687259866.20581007
3155   1692326928.68842006
3156   1697408284.46914005
3157   1702503560.00747991
3158   1707613340.71579003
3159   1712737671.40644002
3160   1717875748.55869007
3161   1723028585.02800989
3162   1728195664.89453006
3163   1733377018.43950009
3164   1738573104.37726998
3165   1743783682.83595991
3166   1749008652.11062002
3167   1754248607.74054003
3168   1759502884.07758999
3169   1764771664.22253990
3170   1770055405.75721002
3171   1775353864.88357997
3172   1780666791.12108994
3173   1785994942.79456997
3174   1791337783.78206992
3175   1796695637.01098990
3176   1802068398.77581000
3177   1807455963.98373008
3178   1812858512.65545988
3179   1818276234.10674000
3180   1823709015.58702993
3181   1829156754.65161991
3182   1834620072.93737006
3183   1840098421.76427007
3184   1845591696.64826989
3185   1851100526.57537007
3186   1856624649.86089993
3187   1862163966.08525991
3188   1867718949.28346992
3189   1873289206.06699991
3190   1878875063.17663002
3191   1884476416.11308002
3192   1890093305.37559009
3193   1895725616.85316992
3194   1901373696.16115999
3195   1907037581.14414001
3196   1912716858.05310011
3197   1918412022.08545995
3198   1924123420.40797997
3199   1929850179.31578994
3200   1935592945.85709000
3201   1941351608.36805010
3202   1947126057.66023993
3203   1952916797.21318007
3204   1958723556.67560005
3205   1964546066.62514997
3206   1970385300.02273011
3207   1976240522.44695997
3208   1982111465.11225009
3209   1987999099.01442003
3210   1993903005.30311990
3211   1999822906.25336003
3212   2005759477.05078006
3213   2011712757.65472007
3214   2017681998.07410002
3215   2023667873.20518994
3216   2029670429.93467999
3217   2035689231.29996991
3218   2041724954.28936005
3219   2047777325.60462999
3220   2053846391.17433000
3221   2059932346.60468006
3222   2066034915.18460989
3223   2072154466.54735994
3224   2078290555.73645997
3225   2084443871.26395011
3226   2090614134.63988996
3227   2096801228.19244003
3228   2103005517.86467004
3229   2109227212.09313989
3230   2115465702.97873998
3231   2121721353.83400989
3232   2127994381.27080011
3233   2134284496.29432988
3234   2140592070.04735994
3235   2146916987.27167010
3236   2153259458.44371986
3237   2159619355.56464005
3238   2165996729.57603979
3239   2172391285.61815023
3240   2178803737.52156019
3241   2185233799.40288019
3242   2191681684.56506014
3243   2198146921.65939999
3244   2204630418.53201008
3245   2211131528.48996019
3246   2217650129.82435989
3247   2224187124.79308987
3248   2230741869.86323023
3249   2237314411.31356001
3250   2243905138.54667997
3251   2250514100.50956011
3252   2257141171.80416012
3253   2263786392.12868977
3254   2270449813.37037992
3255   2277131303.68183994
3256   2283831257.94334984
3257   2290549729.52034998
3258   2297286228.67606020
3259   2304041333.24477005
3260   2310815626.34616995
3261   2317607913.29411983
3262   2324418413.15189981
3263   2331248067.60043001
3264   2338096206.43668985
3265   2344962876.82229996
3266   2351848667.51573992
3267   2358753629.77833986
3268   2365676903.85890007
3269   2372619261.86633015
3270   2379580571.62584019
3271   2386560695.15833998
3272   2393560229.58585978
3273   2400578859.28261995
3274   2407616269.17866993
3275   2414673600.63483000
3276   2421749806.42666006
3277   2428845489.38592005
3278   2435960134.24611998
3279   2443094354.85784006
3280   2450248193.77776003
3281   2457421144.09958982
3282   2464613999.39788008
3283   2471827004.28163004
3284   2479058887.85905981
3285   2486310643.95555019
3286   2493582319.59616995
3287   2500873395.85680008
3288   2508184681.83784008
3289   2515515848.31673002
3290   2522867332.28011990
3291   2530238222.94116020
3292   2537629335.70045996
3293   2545040722.14028978
3294   2552471858.08327007
3295   2559923562.03333998
3296   2567395498.65893984
3297   2574887527.77615023
3298   2582400479.30337000
3299   2589933621.18009996
3300   2597486810.55485010
3301   2605060685.17313004
3302   2612655301.34807014
3303   2620270505.42889023
3304   2627906158.47116995
3305   2635562707.10081005
3306   2643240601.87325001
3307   2650938501.40301991
3308   2658657455.27812004
3309   2666397511.98228979
3310   2674158326.36157990
3311   2681940351.24506998
3312   2689743441.64403009
3313   2697567442.35103989
3314   2705413223.59737015
3315   2713280023.35861015
3316   2721168099.90650988
3317   2729077096.01516008
3318   2737007880.27564001
3319   2744960310.38340998
3320   2752933607.55348015
3321   2760929483.39978981
3322   2768946540.39899015
3323   2776984840.15831995
3324   2785045255.29284000
3325   2793127432.46161985
3326   2801231419.74989986
3327   2809357072.57537985
3328   2817504853.42341995
3329   2825675245.67839003
3330   2833866829.36829996
3331   2842080924.31527996
3332   2850317162.17847013
3333   2858575383.13146019
3334   2866856072.97051001
3335   2875159076.72651005
3336   2883484653.02220011
3337   2891832654.40497017
3338   2900203133.94193983
3339   2908596148.97694016
3340   2917011320.32599020
3341   2925449785.89704990
3342   2933910738.99835014
3343   2942394231.45065022
3344   2950901410.82262993
3345   2959430809.45173979
3346   2967983357.81206989
3347   2976558671.39374018
3348   2985157251.62497997
3349   2993778928.72307014
3350   3002423547.77351999
3351   3011091822.92925978
3352   3019783819.88637018
3353   3028498261.62406015
3354   3037236537.62421989
3355   3045998261.22658014
3356   3054783490.95414019
3357   3063592064.39101982
3358   3072424707.48180008
3359   3081280811.68480015
3360   3090161106.35086012
3361   3099064979.82193995
3362   3107992708.88378000
3363   3116944361.07555008
3364   3125919757.87222004
3365   3134919424.59967995
3366   3143943417.88797998
3367   3152991106.43567991
3368   3162063938.43705988
3369   3171160580.25669003
3370   3180281333.32077980
3371   3189426712.97818995
3372   3198596551.29979992
3373   3207791142.14037991
3374   3217009842.96495008
3375   3226254126.02006006
3376   3235522638.90502977
3377   3244815442.53788996
3378   3254133545.69240999
3379   3263476765.85910988
3380   3272844701.70113993
3381   3282237403.23843002
3382   3291655651.14847994
3383   3301099513.64842987
3384   3310567612.41159010
3385   3320061687.89856005
3386   3329580844.12762022
3387   3339125377.94598007
3388   3348695120.41279984
3389   3358290847.63633013
3390   3367912153.60485983
3391   3377559086.44091988
3392   3387231720.23209000
3393   3396930116.19670010
3394   3406654089.39730978
3395   3416404439.87730980
3396   3426180494.71537018
3397   3435982813.98322010
3398   3445811216.78637981
3399   3455665760.46126986
3400   3465546760.87200022
3401   3475453288.73655987
3402   3485386902.16665983
3403   3495346666.49853992
3404   3505333155.04823017
3405   3515345669.00557995
3406   3525385791.71649981
3407   3535452072.99905014
3408   3545544571.56224012
3409   3555664631.03249979
3410   3565811300.39452982
3411   3575985148.95067978
3412   3586185474.34839010
3413   3596413379.44582987
3414   3606668922.02870989
3415   3616950628.28127003
3416   3627260106.60396004
3417   3637597176.70248985
3418   3647961377.64368010
3419   3658352775.13111019
3420   3668772225.39409018
3421   3679219274.61589003
3422   3689693981.85765982
3423   3700196423.77090979
3424   3710726932.87479019
3425   3721285040.01468992
3426   3731870820.20085001
3427   3742485134.67406988
3428   3753127258.71463013
3429   3763798057.53461981
3430   3774496798.37809992
3431   3785223821.25799990
3432   3795979190.40417004
3433   3806762713.05138016
3434   3817575260.00621986
3435   3828416093.72274017
3436   3839285285.62396002
3437   3850184262.68144989
3438   3861111734.26628017
3439   3872067776.45921993
3440   3883052172.95568991
3441   3894066375.35424995
3442   3905109354.51581001
3443   3916181727.14292002
3444   3927282741.35791016
3445   3938414127.06213999
3446   3949574293.84530020
3447   3960763587.02901983
3448   3971982639.17261982
3449   3983231522.30644989
3450   3994509750.15023994
3451   4005817386.47043991
3452   4017155922.20198011
3453   4028523730.76099014
3454   4039921171.56091976
3455   4051348878.23235989
3456   4062806646.86499977
3457   4074294829.85524988
3458   4085812648.50852013
3459   4097361315.13544989
3460   4108940913.69594002
3461   4120549786.21952009
3462   4132189737.33539009
3463   4143860261.92834997
3464   4155561731.15020990
3465   4167293043.12438011
3466   4179056034.75150013
3467   4190849895.93102980
3468   4202675294.62329006
3469   4214530540.48412991
3470   4226417476.38479996
3471   4238335882.65722990
3472   4250284651.99289989
3473   4262265633.22341013
3474   4274277722.29788017
3475   4286321586.54081011
3476   4298397005.62001038
3477   4310504060.95855999
3478   4322643121.30790997
3479   4334813667.56704998
3480   4347015477.17257977
3481   4359250128.36431980
3482   4371516794.27190018
3483   4383815561.37265015
3484   4396146498.23318958
3485   4408509687.01329994
3486   4420905205.46288967
3487   4433332517.09920025
3488   4445793234.93564034
3489   4458286209.07077980
3490   4470811515.43645000
3491   4483370780.40198040
3492   4495962230.73668003
3493   4508586563.51784992
3494   4521243228.16530037
3495   4533933872.91720009
3496   4546657323.57075024
3497   4559413971.15340996
3498   4572203588.35369015
3499   4585027822.66222000
3500   4597884870.83825970
