   1           23.82603000
   2           63.94038000
   3          115.46426000
   4          176.26091000
   5          245.08302000
   6          321.08435000
   7          403.64136000
   8          492.26962000
   9          586.57898000
  10          686.24591000
  11          790.99683000
  12          900.59644000
  13         1014.83911000
  14         1133.54321000
  15         1256.54785000
  16         1383.70776000
  17         1514.89124000
  18         1649.97900000
  19         1788.86108000
  20         1931.43738000
  21         2077.61450000
  22         2227.30615000
  23         2380.43164000
  24         2536.91626000
  25         2696.68896000
  26         2859.68408000
  27         3025.83984000
  28         3195.09644000
  29         3367.39868000
  30         3542.69409000
  31         3720.93189000
  32         3902.06543000
  33         4086.04884000
  34         4272.83888000
  35         4462.39505000
  36         4654.67437000
  37         4849.64364000
  38         5047.26333000
  39         5247.49975000
  40         5450.31874000
  41         5655.68907000
  42         5863.57757000
  43         6073.95643000
  44         6286.79643000
  45         6502.06831000
  46         6719.74678000
  47         6939.80362000
  48         7162.21599000
  49         7386.95771000
  50         7614.00795000
  51         7843.33960000
  52         8074.93487000
  53         8308.77064000
  54         8544.82581000
  55         8783.07982000
  56         9023.51462000
  57         9266.10835000
  58         9510.84898000
  59         9757.71579000
  60        10006.68621000
  61        10257.75338000
  62        10510.89594000
  63        10766.09752000
  64        11023.34481000
  65        11282.62367000
  66        11543.92011000
  67        11807.22224000
  68        12072.51348000
  69        12339.78520000
  70        12609.02410000
  71        12880.21900000
  72        13153.35894000
  73        13428.43120000
  74        13705.43011000
  75        13984.34827000
  76        14265.16777000
  77        14547.88558000
  78        14832.49694000
  79        15118.98760000
  80        15407.35625000
  81        15697.59305000
  82        15989.69426000
  83        16283.65450000
  84        16579.46277000
  85        16877.12301000
  86        17176.62675000
  87        17477.96678000
  88        17781.14595000
  89        18086.15959000
  90        18393.00527000
  91        18701.68478000
  92        19012.18848000
  93        19324.52268000
  94        19638.68420000
  95        19954.67020000
  96        20272.48594000
  97        20592.13113000
  98        20913.60776000
  99        21236.91421000
 100        21562.05112000
 101        21889.02923000
 102        22217.84590000
 103        22548.50857000
 104        22881.01524000
 105        23215.37787000
 106        23551.59507000
 107        23889.67160000
 108        24229.61647000
 109        24571.43701000
 110        24915.13695000
 111        25260.72033000
 112        25608.20127000
 113        25957.58048000
 114        26308.86876000
 115        26662.07917000
 116        27017.21134000
 117        27374.27890000
 118        27733.29187000
 119        28094.26642000
 120        28457.19742000
 121        28822.10947000
 122        29189.01174000
 123        29557.90581000
 124        29928.81121000
 125        30301.73399000
 126        30676.70013000
 127        31053.70243000
 128        31432.77134000
 129        31813.91591000
 130        32197.14151000
 131        32582.46755000
 132        32969.90976000
 133        33359.48014000
 134        33751.19295000
 135        34145.07054000
 136        34541.12174000
 137        34939.35554000
 138        35339.80888000
 139        35742.47542000
 140        36147.38862000
 141        36554.55047000
 142        36963.98301000
 143        37375.72037000
 144        37789.75332000
 145        38206.12834000
 146        38624.82864000
 147        39045.90515000
 148        39469.35336000
 149        39895.21272000
 150        40323.49107000
 151        40754.20040000
 152        41187.38080000
 153        41623.03270000
 154        42061.18863000
 155        42501.86935000
 156        42945.07982000
 157        43390.86517000
 158        43839.21870000
 159        44290.18595000
 160        44743.77259000
 161        45200.01653000
 162        45658.91978000
 163        46120.52064000
 164        46584.83750000
 165        47051.88896000
 166        47521.70180000
 167        47994.29897000
 168        48469.69957000
 169        48947.93092000
 170        49429.01649000
 171        49912.97991000
 172        50399.84501000
 173        50889.63980000
 174        51382.37627000
 175        51878.09494000
 176        52376.81626000
 177        52878.56078000
 178        53383.35333000
 179        53891.23110000
 180        54402.19473000
 181        54916.30221000
 182        55433.55446000
 183        55953.98939000
 184        56477.63278000
 185        57004.50649000
 186        57534.64482000
 187        58068.07407000
 188        58604.81655000
 189        59144.89060000
 190        59688.34359000
 191        60235.19420000
 192        60785.46949000
 193        61339.20085000
 194        61896.39906000
 195        62457.12490000
 196        63021.38532000
 197        63589.21652000
 198        64160.64656000
 199        64735.69946000
 200        65314.39937000
 201        65896.80833000
 202        66482.91733000
 203        67072.76778000
 204        67666.40972000
 205        68263.85131000
 206        68865.13031000
 207        69470.27623000
 208        70079.31874000
 209        70692.30040000
 210        71309.23425000
 211        71930.17171000
 212        72555.13037000
 213        73184.12793000
 214        73817.25056000
 215        74454.45649000
 216        75095.84088000
 217        75741.39639000
 218        76391.17583000
 219        77045.22368000
 220        77703.55014000
 221        78366.19139000
 222        79033.17515000
 223        79704.56397000
 224        80380.35993000
 225        81060.63476000
 226        81745.37337000
 227        82434.64790000
 228        83128.47842000
 229        83826.91140000
 230        84529.96720000
 231        85237.69268000
 232        85950.11733000
 233        86667.27078000
 234        87389.21824000
 235        88115.96321000
 236        88847.54469000
 237        89584.01083000
 238        90325.41894000
 239        91071.78202000
 240        91823.09517000
 241        92579.48795000
 242        93340.92900000
 243        94107.49475000
 244        94879.19892000
 245        95656.08239000
 246        96438.19534000
 247        97225.55190000
 248        98018.22993000
 249        98816.25310000
 250        99619.63600000
 251       100428.45738000
 252       101242.73224000
 253       102062.52160000
 254       102887.84079000
 255       103718.73284000
 256       104555.26880000
 257       105397.45527000
 258       106245.36384000
 259       107098.99205000
 260       107958.43068000
 261       108823.67756000
 262       109694.82417000
 263       110571.89683000
 264       111454.90314000
 265       112343.92613000
 266       113238.99266000
 267       114140.14864000
 268       115047.43073000
 269       115960.91390000
 270       116880.61631000
 271       117806.58487000
 272       118738.84756000
 273       119677.47091000
 274       120622.52190000
 275       121574.00034000
 276       122531.97364000
 277       123496.50969000
 278       124467.59895000
 279       125445.36823000
 280       126429.79863000
 281       127420.96894000
 282       128418.89953000
 283       129423.65021000
 284       130435.29101000
 285       131453.84296000
 286       132479.37673000
 287       133511.91370000
 288       134551.52514000
 289       135598.27282000
 290       136652.18882000
 291       137713.30532000
 292       138781.69492000
 293       139857.41051000
 294       140940.49516000
 295       142030.99214000
 296       143128.98569000
 297       144234.47893000
 298       145347.57720000
 299       146468.29429000
 300       147596.71590000
 301       148732.81486000
 302       149876.76011000
 303       151028.54565000
 304       152188.22763000
 305       153355.85206000
 306       154531.48611000
 307       155715.18688000
 308       156907.00131000
 309       158106.99764000
 310       159315.21284000
 311       160531.74762000
 312       161756.59713000
 313       162989.84151000
 314       164231.57215000
 315       165481.77389000
 316       166740.59244000
 317       168008.02380000
 318       169284.16094000
 319       170569.04334000
 320       171862.73233000
 321       173165.28959000
 322       174476.76624000
 323       175797.24654000
 324       177126.77137000
 325       178465.40378000
 326       179813.22932000
 327       181170.26759000
 328       182536.66050000
 329       183912.33907000
 330       185297.46834000
 331       186692.09135000
 332       188096.27378000
 333       189510.04781000
 334       190933.51359000
 335       192366.69250000
 336       193809.76539000
 337       195262.64041000
 338       196725.45358000
 339       198198.29614000
 340       199681.21383000
 341       201174.27569000
 342       202677.52791000
 343       204191.06342000
 344       205714.95245000
 345       207249.21880000
 346       208794.00361000
 347       210349.37860000
 348       211915.29762000
 349       213491.95075000
 350       215079.38715000
 351       216677.63226000
 352       218286.75923000
 353       219906.86566000
 354       221538.04990000
 355       223180.38684000
 356       224833.85482000
 357       226498.60168000
 358       228174.75223000
 359       229862.26094000
 360       231561.27769000
 361       233271.87980000
 362       234994.09561000
 363       236728.07730000
 364       238473.80425000
 365       240231.45476000
 366       242001.03355000
 367       243782.62021000
 368       245576.32001000
 369       247382.21370000
 370       249200.43327000
 371       251030.95911000
 372       252873.87291000
 373       254729.33370000
 374       256597.39917000
 375       258478.10137000
 376       260371.57566000
 377       262277.88067000
 378       264197.07522000
 379       266129.27049000
 380       268074.55232000
 381       270033.05963000
 382       272004.74782000
 383       273989.86231000
 384       275988.35887000
 385       278000.37864000
 386       280026.01047000
 387       282065.23639000
 388       284118.30676000
 389       286185.28551000
 390       288266.15540000
 391       290361.11588000
 392       292470.15002000
 393       294593.48644000
 394       296731.05387000
 395       298883.08263000
 396       301049.63946000
 397       303230.62468000
 398       305426.43797000
 399       307637.00849000
 400       309862.40392000
 401       312102.80471000
 402       314358.28002000
 403       316628.89922000
 404       318914.76024000
 405       321216.01870000
 406       323532.57377000
 407       325864.81104000
 408       328212.65918000
 409       330576.24761000
 410       332955.73582000
 411       335351.05148000
 412       337762.50065000
 413       340190.06998000
 414       342633.86287000
 415       345094.01287000
 416       347570.65456000
 417       350063.80444000
 418       352573.62774000
 419       355100.20119000
 420       357643.69195000
 421       360204.14789000
 422       362781.70754000
 423       365376.38882000
 424       367988.45313000
 425       370617.76651000
 426       373264.71467000
 427       375929.28685000
 428       378611.59503000
 429       381311.68966000
 430       384029.83923000
 431       386765.93955000
 432       389520.32367000
 433       392292.95014000
 434       395083.96577000
 435       397893.48667000
 436       400721.75711000
 437       403568.76800000
 438       406434.57325000
 439       409319.38759000
 440       412223.29849000
 441       415146.45853000
 442       418088.98886000
 443       421050.91324000
 444       424032.41874000
 445       427033.69409000
 446       430054.76437000
 447       433095.81982000
 448       436156.88583000
 449       439238.18757000
 450       442339.78465000
 451       445461.87108000
 452       448604.50740000
 453       451767.82171000
 454       454951.97687000
 455       458157.10279000
 456       461383.22719000
 457       464630.61802000
 458       467899.40775000
 459       471189.59086000
 460       474501.43901000
 461       477835.01704000
 462       481190.38946000
 463       484567.83174000
 464       487967.37482000
 465       491389.22618000
 466       494833.48831000
 467       498300.26393000
 468       501789.65599000
 469       505301.94770000
 470       508837.31681000
 471       512395.57954000
 472       515977.13070000
 473       519582.07728000
 474       523210.63657000
 475       526862.73310000
 476       530538.69557000
 477       534238.63361000
 478       537962.69431000
 479       541710.91343000
 480       545483.43841000
 481       549280.64362000
 482       553102.56724000
 483       556949.20861000
 484       560820.94671000
 485       564717.74398000
 486       568639.94485000
 487       572587.43486000
 488       576560.63812000
 489       580559.51751000
 490       584584.26779000
 491       588635.04602000
 492       592712.16733000
 493       596815.55559000
 494       600945.52797000
 495       605102.16638000
 496       609285.67214000
 497       613496.16792000
 498       617733.85709000
 499       621998.78305000
 500       626291.23139000
 501       630611.44981000
 502       634959.44306000
 503       639335.33731000
 504       643739.50599000
 505       648171.99602000
 506       652632.93630000
 507       657122.49766000
 508       661640.89366000
 509       666188.33944000
 510       670764.92531000
 511       675370.91042000
 512       680006.38632000
 513       684671.61473000
 514       689366.73122000
 515       694091.78575000
 516       698847.12917000
 517       703632.94274000
 518       708449.19137000
 519       713296.27397000
 520       718174.37474000
 521       723083.59093000
 522       728024.10771000
 523       732996.02256000
 524       737999.69964000
 525       743035.28346000
 526       748102.96373000
 527       753202.75100000
 528       758335.06095000
 529       763499.99607000
 530       768697.74960000
 531       773928.42432000
 532       779192.49004000
 533       784489.86861000
 534       789820.84891000
 535       795185.53644000
 536       800584.12958000
 537       806017.29631000
 538       811484.58417000
 539       816986.57030000
 540       822523.17513000
 541       828094.79165000
 542       833701.81695000
 543       839344.07650000
 544       845021.87247000
 545       850735.70311000
 546       856485.29550000
 547       862271.24759000
 548       868093.67520000
 549       873952.69374000
 550       879848.61548000
 551       885781.65637000
 552       891752.03347000
 553       897759.76528000
 554       903805.26927000
 555       909888.56463000
 556       916010.17379000
 557       922170.11785000
 558       928368.92520000
 559       934606.31207000
 560       940882.80918000
 561       947198.54096000
 562       953553.83842000
 563       959948.72359000
 564       966383.73816000
 565       972858.80138000
 566       979374.45985000
 567       985930.73834000
 568       992527.65950000
 569       999165.98902000
 570      1005845.43342000
 571      1012566.65782000
 572      1019329.58116000
 573      1026134.65939000
 574      1032981.91870000
 575      1039871.92834000
 576      1046804.49757000
 577      1053780.19949000
 578      1060799.28261000
 579      1067861.66422000
 580      1074968.14782000
 581      1082118.31807000
 582      1089312.98419000
 583      1096551.83931000
 584      1103835.81289000
 585      1111164.71106000
 586      1118539.01807000
 587      1125958.76525000
 588      1133424.44135000
 589      1140935.84770000
 590      1148493.82241000
 591      1156098.51622000
 592      1163749.72890000
 593      1171448.30966000
 594      1179193.94085000
 595      1186987.59743000
 596      1194829.07988000
 597      1202718.65929000
 598      1210656.84751000
 599      1218643.56073000
 600      1226679.55543000
 601      1234764.62802000
 602      1242899.17675000
 603      1251083.48109000
 604      1259318.18990000
 605      1267603.22054000
 606      1275938.85680000
 607      1284325.50805000
 608      1292763.46248000
 609      1301253.00973000
 610      1309794.06389000
 611      1318387.29153000
 612      1327032.98673000
 613      1335731.57226000
 614      1344482.96352000
 615      1353287.71248000
 616      1362146.11923000
 617      1371058.35604000
 618      1380024.59460000
 619      1389045.65789000
 620      1398121.20073000
 621      1407251.78894000
 622      1416438.12613000
 623      1425679.86374000
 624      1434977.70851000
 625      1444331.84078000
 626      1453742.70863000
 627      1463210.62918000
 628      1472735.78591000
 629      1482318.36165000
 630      1491958.81139000
 631      1501657.32005000
 632      1511414.62189000
 633      1521230.90734000
 634      1531106.08893000
 635      1541041.18760000
 636      1551035.83963000
 637      1561090.79428000
 638      1571206.24564000
 639      1581382.38719000
 640      1591619.69591000
 641      1601918.65274000
 642      1612279.59945000
 643      1622702.44798000
 644      1633188.11589000
 645      1643736.37175000
 646      1654347.99563000
 647      1665023.19165000
 648      1675762.01645000
 649      1686565.40805000
 650      1697433.42777000
 651      1708366.28248000
 652      1719364.62607000
 653      1730428.36984000
 654      1741558.32230000
 655      1752754.54568000
 656      1764017.70590000
 657      1775347.86632000
 658      1786745.39301000
 659      1798210.96106000
 660      1809744.78971000
 661      1821347.09753000
 662      1833018.41338000
 663      1844758.80207000
 664      1856569.42261000
 665      1868449.71706000
 666      1880400.69457000
 667      1892422.42420000
 668      1904515.44981000
 669      1916679.99970000
 670      1928916.62283000
 671      1941225.71134000
 672      1953607.49726000
 673      1966062.53727000
 674      1978591.39266000
 675      1991193.80915000
 676      2003870.67662000
 677      2016622.23343000
 678      2029449.04936000
 679      2042351.69887000
 680      2055330.25880000
 681      2068384.97063000
 682      2081516.58157000
 683      2094725.50729000
 684      2108011.99528000
 685      2121376.12128000
 686      2134819.50221000
 687      2148341.36391000
 688      2161942.47198000
 689      2175623.42597000
 690      2189384.65587000
 691      2203226.06811000
 692      2217148.97002000
 693      2231152.91889000
 694      2245239.23347000
 695      2259407.28986000
 696      2273658.23729000
 697      2287992.34086000
 698      2302410.58622000
 699      2316912.52140000
 700      2331498.95453000
 701      2346170.33666000
 702      2360927.48773000
 703      2375770.31539000
 704      2390699.09013000
 705      2405715.38087000
 706      2420818.54048000
 707      2436009.59004000
 708      2451288.81036000
 709      2466656.48140000
 710      2482113.26123000
 711      2497660.00353000
 712      2513296.42420000
 713      2529023.37988000
 714      2544841.54317000
 715      2560751.01182000
 716      2576752.65644000
 717      2592846.77125000
 718      2609033.84541000
 719      2625313.97711000
 720      2641688.64263000
 721      2658157.15578000
 722      2674721.00323000
 723      2691379.89108000
 724      2708134.91992000
 725      2724986.39626000
 726      2741934.82816000
 727      2758980.72607000
 728      2776124.39874000
 729      2793366.35895000
 730      2810707.73918000
 731      2828148.23818000
 732      2845688.78840000
 733      2863329.91492000
 734      2881072.14528000
 735      2898915.79944000
 736      2916862.04013000
 737      2934910.34858000
 738      2953061.67983000
 739      2971317.63909000
 740      2989676.84960000
 741      3008141.56583000
 742      3026711.26241000
 743      3045387.13559000
 744      3064168.86891000
 745      3083058.54201000
 746      3102054.52573000
 747      3121159.13011000
 748      3140372.70221000
 749      3159695.14308000
 750      3179127.68612000
 751      3198670.23215000
 752      3218324.02539000
 753      3238088.96645000
 754      3257966.08328000
 755      3277955.72969000
 756      3298058.25842000
 757      3318275.63108000
 758      3338606.37061000
 759      3359052.91072000
 760      3379614.22558000
 761      3400292.53869000
 762      3421087.28590000
 763      3441999.30104000
 764      3463029.18787000
 765      3484177.07753000
 766      3505445.48290000
 767      3526832.39757000
 768      3548340.82824000
 769      3569969.71610000
 770      3591720.40382000
 771      3613592.78702000
 772      3635588.46469000
 773      3657707.58088000
 774      3679950.52112000
 775      3702319.40358000
 776      3724812.39457000
 777      3747432.11756000
 778      3770178.22267000
 779      3793052.10907000
 780      3816053.42152000
 781      3839183.82209000
 782      3862442.95320000
 783      3885831.97932000
 784      3909352.07632000
 785      3933002.88310000
 786      3956786.61603000
 787      3980702.13742000
 788      4004751.15679000
 789      4028934.09213000
 790      4053251.62361000
 791      4077704.69907000
 792      4102293.74257000
 793      4127018.64356000
 794      4151881.42385000
 795      4176883.05474000
 796      4202021.81513000
 797      4227301.36951000
 798      4252720.53432000
 799      4278280.55811000
 800      4303982.15266000
 801      4329826.58418000
 802      4355813.47076000
 803      4381943.24923000
 804      4408218.86620000
 805      4434639.10572000
 806      4461205.25488000
 807      4487917.76586000
 808      4514778.22401000
 809      4541785.66884000
 810      4568943.40465000
 811      4596249.61275000
 812      4623706.18367000
 813      4651314.16162000
 814      4679073.72694000
 815      4706986.80511000
 816      4735052.12032000
 817      4763271.89801000
 818      4791646.61815000
 819      4820177.35277000
 820      4848863.69264000
 821      4877706.70824000
 822      4906709.58092000
 823      4935869.80454000
 824      4965190.87897000
 825      4994670.27062000
 826      5024312.41723000
 827      5054116.60815000
 828      5084083.34270000
 829      5114212.19147000
 830      5144506.12234000
 831      5174966.58410000
 832      5205591.59752000
 833      5236384.48219000
 834      5267343.87030000
 835      5298472.47960000
 836      5329770.20000000
 837      5361238.50637000
 838      5392877.28442000
 839      5424686.40786000
 840      5456670.58782000
 841      5488827.46083000
 842      5521159.17765000
 843      5553665.29578000
 844      5586347.32693000
 845      5619206.13735000
 846      5652243.92237000
 847      5685459.57617000
 848      5718855.97257000
 849      5752431.99730000
 850      5786187.18071000
 851      5820127.79769000
 852      5854250.02975000
 853      5888556.80306000
 854      5923048.34266000
 855      5957726.24120000
 856      5992590.03597000
 857      6027641.32480000
 858      6062881.02491000
 859      6098310.05757000
 860      6133931.45259000
 861      6169741.93888000
 862      6205745.96029000
 863      6241943.05139000
 864      6278333.44083000
 865      6314918.78159000
 866      6351702.18008000
 867      6388680.28609000
 868      6425856.93028000
 869      6463233.08388000
 870      6500808.26114000
 871      6538584.89118000
 872      6576561.74828000
 873      6614743.49162000
 874      6653127.41891000
 875      6691717.48232000
 876      6730512.44628000
 877      6769513.29815000
 878      6808723.29374000
 879      6848141.18318000
 880      6887769.48850000
 881      6927607.70493000
 882      6967658.37558000
 883      7007920.22195000
 884      7048398.11893000
 885      7089089.24407000
 886      7129996.95332000
 887      7171121.51391000
 888      7212463.97085000
 889      7254024.58454000
 890      7295805.98409000
 891      7337810.03324000
 892      7380033.82071000
 893      7422482.39517000
 894      7465153.62744000
 895      7508051.00049000
 896      7551174.79390000
 897      7594525.27887000
 898      7638105.99151000
 899      7681916.40392000
 900      7725955.14140000
 901      7770228.24906000
 902      7814732.70828000
 903      7859472.11861000
 904      7904447.60946000
 905      7949657.78961000
 906      7995105.45805000
 907      8040793.44578000
 908      8086719.50362000
 909      8132888.17650000
 910      8179296.33855000
 911      8225950.28653000
 912      8272845.14836000
 913      8319989.00064000
 914      8367377.81582000
 915      8415013.62231000
 916      8462901.10746000
 917      8511036.18495000
 918      8559424.44636000
 919      8608063.54349000
 920      8656957.33583000
 921      8706104.34378000
 922      8755510.26148000
 923      8805171.80941000
 924      8855092.00193000
 925      8905272.97525000
 926      8955712.30493000
 927      9006417.63053000
 928      9057382.84785000
 929      9108614.72027000
 930      9160111.72716000
 931      9211876.98186000
 932      9263908.94077000
 933      9316211.67369000
 934      9368785.51706000
 935      9421631.74737000
 936      9474752.60007000
 937      9528146.50161000
 938      9581816.64421000
 939      9635763.36082000
 940      9689990.85042000
 941      9744496.55370000
 942      9799283.71544000
 943      9854352.67493000
 944      9909707.69991000
 945      9965346.19072000
 946     10021271.44548000
 947     10077484.80647000
 948     10133987.62157000
 949     10190781.24434000
 950     10247866.02541000
 951     10305244.33020000
 952     10362918.54592000
 953     10420888.01963000
 954     10479155.14598000
 955     10537719.25498000
 956     10596586.88069000
 957     10655751.16237000
 958     10715222.81487000
 959     10774997.02630000
 960     10835075.18861000
 961     10895463.96863000
 962     10956158.48463000
 963     11017166.50693000
 964     11078483.11520000
 965     11140115.07166000
 966     11202058.47932000
 967     11264320.15488000
 968     11326896.17064000
 969     11389794.48616000
 970     11453008.97122000
 971     11516546.53975000
 972     11580408.69379000
 973     11644594.73087000
 974     11709108.35877000
 975     11773946.64144000
 976     11839116.64604000
 977     11904614.30372000
 978     11970446.73841000
 979     12036612.11335000
 980     12103110.81738000
 981     12169948.93284000
 982     12237124.60159000
 983     12304641.66824000
 984     12372497.09193000
 985     12440697.03942000
 986     12509239.60990000
 987     12578131.03343000
 988     12647367.06206000
 989     12716952.78405000
 990     12786894.53250000
 991     12857183.28868000
 992     12927827.74982000
 993     12998828.35635000
 994     13070185.53646000
 995     13141898.49987000
 996     13213978.53364000
 997     13286416.41791000
 998     13359218.63341000
 999     13432386.84315000
1000     13505921.48676000
1001     13579826.69637000
1002     13654100.45025000
1003     13728749.38869000
1004     13803767.73980000
1005     13879164.67664000
1006     13954938.16089000
1007     14031088.63094000
1008     14107621.59061000
1009     14184537.51210000
1010     14261838.13432000
1011     14339522.63380000
1012     14417595.31279000
1013     14496056.63647000
1014     14574910.95670000
1015     14654156.14789000
1016     14733795.27101000
1017     14813834.04545000
1018     14894266.37469000
1019     14975101.95429000
1020     15056339.96389000
1021     15137980.88502000
1022     15220023.84403000
1023     15302478.70652000
1024     15385339.24738000
1025     15468614.05300000
1026     15552298.19630000
1027     15636396.22739000
1028     15720912.74654000
1029     15805846.88917000
1030     15891204.67641000
1031     15976978.30507000
1032     16063179.35924000
1033     16149804.17642000
1034     16236861.66921000
1035     16324343.92834000
1036     16412255.65215000
1037     16500605.85888000
1038     16589387.97452000
1039     16678611.07174000
1040     16768269.94793000
1041     16858373.74730000
1042     16948915.77589000
1043     17039905.23291000
1044     17131344.12808000
1045     17223228.60768000
1046     17315565.04966000
1047     17408352.51181000
1048     17501601.89509000
1049     17595303.37392000
1050     17689464.90654000
1051     17784084.03384000
1052     17879173.31957000
1053     17974724.29860000
1054     18070738.99122000
1055     18167228.58299000
1056     18264187.55616000
1057     18361621.04934000
1058     18459528.08053000
1059     18557913.82867000
1060     18656778.86051000
1061     18756128.41380000
1062     18855958.37314000
1063     18956275.55529000
1064     19057083.69748000
1065     19158378.63640000
1066     19260168.86194000
1067     19362453.37672000
1068     19465234.35301000
1069     19568513.97162000
1070     19672296.03971000
1071     19776579.52589000
1072     19881369.87868000
1073     19986669.33227000
1074     20092476.84351000
1075     20198801.22380000
1076     20305634.83704000
1077     20412991.51166000
1078     20520860.23429000
1079     20629256.59677000
1080     20738171.18198000
1081     20847616.34616000
1082     20957585.96909000
1083     21068087.41891000
1084     21179121.32001000
1085     21290689.99399000
1086     21402802.65588000
1087     21515446.17547000
1088     21628636.67712000
1089     21742369.61449000
1090     21856656.07395000
1091     21971482.72142000
1092     22086862.40945000
1093     22202804.62598000
1094     22319294.12747000
1095     22436345.69801000
1096     22553960.01295000
1097     22672137.72973000
1098     22790877.68514000
1099     22910189.52678000
1100     23030075.75712000
1101     23150529.77118000
1102     23271563.13817000
1103     23393176.55222000
1104     23515366.99991000
1105     23638140.65089000
1106     23761505.59999000
1107     23885455.10985000
1108     24009995.42176000
1109     24135132.84408000
1110     24260862.42747000
1111     24387194.27513000
1112     24514125.30174000
1113     24641663.80081000
1114     24769802.82996000
1115     24898552.62655000
1116     25027917.76123000
1117     25157895.08912000
1118     25288487.22537000
1119     25419704.61000000
1120     25551540.16186000
1121     25684002.41002000
1122     25817092.07887000
1123     25950809.87295000
1124     26085164.44236000
1125     26220152.54462000
1126     26355780.88955000
1127     26492048.20117000
1128     26628959.21867000
1129     26766518.72241000
1130     26904723.38418000
1131     27043590.24613000
1132     27183103.72948000
1133     27323276.83808000
1134     27464108.26131000
1135     27605607.01980000
1136     27747769.73202000
1137     27890599.20984000
1138     28034106.67792000
1139     28178284.52273000
1140     28323141.91405000
1141     28468677.50578000
1142     28614902.69453000
1143     28761805.46834000
1144     28909401.53548000
1145     29057689.55350000
1146     29206674.62181000
1147     29356353.18950000
1148     29506734.70894000
1149     29657822.17240000
1150     29809614.18665000
1151     29962118.13028000
1152     30115328.16902000
1153     30269265.02849000
1154     30423909.53891000
1155     30579282.53273000
1156     30735382.63510000
1157     30892203.90002000
1158     31049756.11864000
1159     31208046.92149000
1160     31367074.88667000
1161     31526845.41076000
1162     31687352.43393000
1163     31848608.24307000
1164     32010618.32202000
1165     32173374.24114000
1166     32336888.42702000
1167     32501166.42566000
1168     32666197.35796000
1169     32832003.21349000
1170     32998570.71291000
1171     33165914.89889000
1172     33334034.28245000
1173     33502932.11097000
1174     33672606.82991000
1175     33843068.90481000
1176     34014319.22151000
1177     34186361.07610000
1178     34359200.22048000
1179     34532837.55029000
1180     34707271.47489000
1181     34882510.22672000
1182     35058564.60520000
1183     35235420.63595000
1184     35413096.58501000
1185     35591590.88706000
1186     35770904.43239000
1187     35951045.66852000
1188     36132010.44664000
1189     36313819.98137000
1190     36496449.75875000
1191     36679926.16913000
1192     36864242.48279000
1193     37049402.16862000
1194     37235416.49208000
1195     37422278.61789000
1196     37609999.86661000
1197     37798581.19353000
1198     37988026.16168000
1199     38178333.06016000
1200     38369518.68619000
1201     38561576.07815000
1202     38754511.49556000
1203     38948317.83449000
1204     39143020.16404000
1205     39338608.74369000
1206     39535087.21279000
1207     39732467.39487000
1208     39930736.64467000
1209     40129917.75809000
1210     40330003.53387000
1211     40531005.97229000
1212     40732912.23753000
1213     40935742.68163000
1214     41139492.75886000
1215     41344169.03662000
1216     41549780.95424000
1217     41756315.43380000
1218     41963801.72038000
1219     42172215.34108000
1220     42381580.00981000
1221     42591891.05939000
1222     42803149.46896000
1223     43015376.42267000
1224     43228555.65957000
1225     43442705.57690000
1226     43657815.57317000
1227     43873907.11565000
1228     44090966.61145000
1229     44309015.68700000
1230     44528034.71490000
1231     44748045.41582000
1232     44969060.82324000
1233     45191061.12302000
1234     45414071.32155000
1235     45638074.44546000
1236     45863098.71911000
1237     46089120.98775000
1238     46316169.65073000
1239     46544236.68112000
1240     46773329.27702000
1241     47003445.42834000
1242     47234592.35160000
1243     47466795.99815000
1244     47700020.17853000
1245     47934306.50560000
1246     48169627.92769000
1247     48406016.95850000
1248     48643455.82151000
1249     48881955.06669000
1250     49121531.73992000
1251     49362174.24191000
1252     49603890.05692000
1253     49846686.73179000
1254     50090575.11730000
1255     50335540.15237000
1256     50581612.21289000
1257     50828766.36733000
1258     51077039.75646000
1259     51326400.69855000
1260     51576883.25779000
1261     51828482.04761000
1262     52081198.22677000
1263     52335036.27094000
1264     52590007.39583000
1265     52846112.80871000
1266     53103357.07068000
1267     53361737.96085000
1268     53621266.82161000
1269     53881944.83891000
1270     54143790.34845000
1271     54406780.51250000
1272     54670944.03490000
1273     54936278.71870000
1274     55202785.76972000
1275     55470476.85963000
1276     55739346.21496000
1277     56009405.55359000
1278     56280659.63581000
1279     56553113.23892000
1280     56826771.15723000
1281     57101638.20220000
1282     57377712.02140000
1283     57655008.19283000
1284     57933524.38523000
1285     58213269.06921000
1286     58494239.85592000
1287     58776456.20637000
1288     59059912.12330000
1289     59344612.51654000
1290     59630566.00976000
1291     59917777.58782000
1292     60206248.52981000
1293     60495987.55245000
1294     60786999.69371000
1295     61079290.00945000
1296     61372852.23966000
1297     61667710.31080000
1298     61963854.19318000
1299     62261304.20854000
1300     62560050.25325000
1301     62860112.79592000
1302     63161470.07563000
1303     63464161.95756000
1304     63768162.71655000
1305     64073500.83931000
1306     64380169.91415000
1307     64688175.17252000
1308     64997525.80981000
1309     65308227.13697000
1310     65620280.50942000
1311     65933695.22109000
1312     66248476.63909000
1313     66564630.14942000
1314     66882149.06088000
1315     67201066.99256000
1316     67521348.95017000
1317     67843036.81499000
1318     68166115.74699000
1319     68490607.57923000
1320     68816497.31901000
1321     69143811.04651999
1322     69472529.50952999
1323     69802695.59003000
1324     70134277.49072000
1325     70467289.03768000
1326     70801752.61633000
1327     71137665.52256000
1328     71475033.43174000
1329     71813845.01657000
1330     72154131.43415000
1331     72495881.36589999
1332     72839126.28433999
1333     73183828.97799000
1334     73530020.95897000
1335     73877716.73825000
1336     74226913.51667000
1337     74577599.63180999
1338     74929815.93239000
1339     75283533.21572000
1340     75638783.76931000
1341     75995564.73983000
1342     76353864.25088000
1343     76713714.93612000
1344     77075113.90915000
1345     77438058.17643000
1346     77802553.68171000
1347     78168624.54457000
1348     78536267.83397999
1349     78905480.51038000
1350     79276268.60009000
1351     79648656.56645000
1352     80022632.19205999
1353     80398220.11394000
1354     80775398.71870001
1355     81154220.73973000
1356     81534627.11244000
1357     81916680.15262000
1358     82300358.03394000
1359     82685666.97228000
1360     83072632.22075000
1361     83461241.15690000
1362     83851500.06087001
1363     84243434.45399000
1364     84637041.22007000
1365     85032288.09321000
1366     85429258.83327000
1367     85827921.35597000
1368     86228252.82984000
1369     86630298.74614000
1370     87034055.91621999
1371     87439530.92130999
1372     87846700.60021999
1373     88255640.96072000
1374     88666279.13725001
1375     89078671.51504999
1376     89492824.89454000
1377     89908725.90212999
1378     90326371.03630000
1379     90745797.35626000
1380     91167021.96199000
1381     91589980.18119000
1382     92014770.81276000
1383     92441318.62616999
1384     92869692.17308000
1385     93299877.79805000
1386     93731872.00189000
1387     94165681.62350000
1388     94601345.02084000
1389     95038837.80509000
1390     95478135.16653000
1391     95919328.58362000
1392     96362372.33383000
1393     96807262.71153000
1394     97254038.77522001
1395     97702686.25639001
1396     98153223.00386000
1397     98605656.20558999
1398     99059982.19923000
1399     99516219.01978000
1400     99974373.92823000
1401    100434454.21021000
1402    100896434.09051000
1403    101360386.95892000
1404    101826264.99346000
1405    102294097.63517000
1406    102763903.47739001
1407    103235645.17781000
1408    103709386.15620001
1409    104185088.92354999
1410    104662783.43588001
1411    105142488.60931000
1412    105624189.27978000
1413    106107904.37458000
1414    106593630.00261000
1415    107081396.76380999
1416    107571177.69351999
1417    108063003.48266999
1418    108556881.84435000
1419    109052808.81307000
1420    109550815.52201000
1421    110050874.52562000
1422    110553040.70483001
1423    111057250.93652000
1424    111563607.87658000
1425    112072036.25484000
1426    112582579.59983000
1427    113095245.85980999
1428    113610018.85467000
1429    114126966.93132000
1430    114646025.52659000
1431    115167251.13157000
1432    115690639.70852000
1433    116216174.78768000
1434    116743888.91259000
1435    117273777.87063999
1436    117805886.97646999
1437    118340187.32210000
1438    118876674.51789001
1439    119415394.21905001
1440    119956329.67190000
1441    120499489.07209000
1442    121044918.67968000
1443    121592588.97074001
1444    122142495.45582999
1445    122694671.93038000
1446    123249114.00349000
1447    123805881.63711999
1448    124364893.13771001
1449    124926221.46849000
1450    125489849.27161001
1451    126055837.33898000
1452    126624102.83395000
1453    127194706.55967000
1454    127767670.42405000
1455    128342936.97360000
1456    128920634.17989001
1457    129500651.32359999
1458    130083063.65987000
1459    130667866.71661000
1460    131255042.37339000
1461    131844639.86341999
1462    132436654.66377001
1463    133031068.46152000
1464    133627930.99699000
1465    134227196.51459000
1466    134828942.50205001
1467    135433164.49219999
1468    136039802.38152000
1469    136648962.14849001
1470    137260569.59334999
1471    137874689.52719000
1472    138491317.25328001
1473    139110433.80313000
1474    139732090.64138001
1475    140356297.22481000
1476    140982963.25273001
1477    141612254.56681001
1478    142244066.47573000
1479    142878465.58194000
1480    143515447.04526001
1481    144154976.85550001
1482    144797151.40110001
1483    145441863.87577000
1484    146089254.98131001
1485    146739261.42982000
1486    147391877.96981999
1487    148047128.78343999
1488    148705067.99142000
1489    149365660.93149999
1490    150028947.13802001
1491    150694831.53114000
1492    151363473.60224000
1493    152034823.40436000
1494    152708830.20098001
1495    153385609.79286000
1496    154065126.82286999
1497    154747375.97646999
1498    155432336.39442000
1499    156120079.35448000
1500    156810599.63872999
1501    157503891.85214999
1502    158199981.57903999
1503    158898863.38396001
1504    159600610.07788000
1505    160305075.01761001
1506    161012456.88185999
1507    161722671.72832999
1508    162435713.85889000
1509    163151625.25325000
1510    163870400.33249000
1511    164592081.52118999
1512    165316647.24540001
1513    166044091.70012000
1514    166774473.80011001
1515    167507788.02652001
1516    168244012.33805999
1517    168983222.63806000
1518    169725347.72117999
1519    170470480.33927000
1520    171218532.24015000
1521    171969629.86423001
1522    172723701.19655001
1523    173480773.50086001
1524    174240907.86985001
1525    175004048.22073001
1526    175770255.88640001
1527    176539440.31797001
1528    177311747.80866000
1529    178087121.67653999
1530    178865572.86824000
1531    179647163.92264000
1532    180431837.40250000
1533    181219638.78997001
1534    182010561.98683000
1535    182804600.69692999
1536    183601835.81250000
1537    184402226.44672000
1538    185205748.63813001
1539    186012519.22534001
1540    186822479.36418000
1541    187635587.07058001
1542    188451995.84900001
1543    189271592.75119999
1544    190094478.63148999
1545    190920557.42940000
1546    191749948.56731001
1547    192582627.87459999
1548    193418552.53694001
1549    194257806.84610000
1550    195100384.51539001
1551    195946297.43129000
1552    196795502.19306001
1553    197648102.72437999
1554    198504055.69953999
1555    199363354.34237999
1556    200226066.42499000
1557    201092204.24844000
1558    201961686.07589999
1559    202834598.85734999
1560    203710992.70418000
1561    204590823.24851999
1562    205474102.60688999
1563    206360823.80148000
1564    207251056.42150000
1565    208144793.82137999
1566    209041971.16520000
1567    209942755.29346001
1568    210847062.25283000
1569    211754884.91121000
1570    212666255.08234999
1571    213581204.87876001
1572    214499766.71373001
1573    215421933.74305999
1574    216347639.36219001
1575    217276995.15928999
1576    218209994.21309999
1577    219146629.37825999
1578    220086913.39504999
1579    221030919.57883000
1580    221978580.37072000
1581    222929908.43020001
1582    223885018.35716999
1583    224843801.21590999
1584    225806351.64552000
1585    226772580.15639001
1586    227742643.76345000
1587    228716452.78687000
1588    229694040.95530999
1589    230675463.17100999
1590    231660691.21983001
1591    232649738.37020001
1592    233642638.99803999
1593    234639385.52713999
1594    235640012.55623001
1595    236644512.45354000
1596    237652920.04194999
1597    238665249.05103001
1598    239681491.76530999
1599    240701640.22846001
1600    241725772.76234999
1601    242753903.48174000
1602    243785937.67929000
1603    244821997.70763999
1604    245862097.81301999
1605    246906164.32833001
1606    247954276.90643001
1607    249006471.84336999
1608    250062696.94003999
1609    251123032.85069999
1610    252187404.67174000
1611    253255915.79118001
1612    254328558.31018999
1613    255405278.92842001
1614    256486249.99950001
1615    257571282.41163000
1616    258660549.20140001
1617    259753996.80067000
1618    260851639.63547000
1619    261953538.22521999
1620    263059638.23737001
1621    264169954.00477001
1622    265284592.91174001
1623    266403500.30787000
1624    267526620.67372999
1625    268654155.91105002
1626    269785980.60606998
1627    270922156.63006002
1628    272062627.95218003
1629    273207575.56361002
1630    274356800.78169000
1631    275510437.41795999
1632    276668548.81572002
1633    277831054.37295002
1634    278998017.37099999
1635    280169380.46156001
1636    281345304.45806998
1637    282525683.50461000
1638    283710606.20120001
1639    284899940.93493003
1640    286093924.11684000
1641    287292374.50848001
1642    288495431.01758999
1643    289703059.89929998
1644    290915326.74203002
1645    292132197.57483000
1646    293353662.97022998
1647    294579788.90481001
1648    295810616.74823999
1649    297046061.28696001
1650    298286214.36181003
1651    299531143.29501998
1652    300780762.27785999
1653    302035009.94555002
1654    303294159.47847003
1655    304558073.18706000
1656    305826741.30021000
1657    307100179.81847000
1658    308378509.36781001
1659    309661642.14458001
1660    310949620.60971999
1661    312242540.41250002
1662    313540312.88230997
1663    314843007.45567000
1664    316150561.02091998
1665    317463096.68524998
1666    318780578.00878000
1667    320103102.49361998
1668    321430498.70012999
1669    322762999.16393000
1670    324100485.94603002
1671    325442975.73983002
1672    326790567.35145003
1673    328143278.36818999
1674    329501043.83749002
1675    330863880.65566999
1676    332231861.18765002
1677    333605030.76463002
1678    334983295.68792999
1679    336366812.67966002
1680    337755487.69841999
1681    339149422.42461997
1682    340548493.68168998
1683    341952916.61479998
1684    343362539.35961002
1685    344777521.66953999
1686    346197681.80444998
1687    347623294.81515998
1688    349054235.93349999
1689    350490407.49348998
1690    351932029.22649002
1691    353379119.97443998
1692    354831581.95432001
1693    356289345.20837998
1694    357752661.64670002
1695    359221521.16720998
1696    360695765.61603999
1697    362175501.40074998
1698    363660836.11825001
1699    365151639.90786999
1700    366647960.62276000
1701    368149996.66719002
1702    369657587.37282997
1703    371170751.11641997
1704    372689506.32843000
1705    374214053.94872999
1706    375744109.20060003
1707    377279934.34328997
1708    378821457.09320998
1709    380368788.84987998
1710    381921733.26831001
1711    383480494.26076001
1712    385045153.78039002
1713    386615482.68637002
1714    388191686.83771998
1715    389773691.99193001
1716    391361643.22463000
1717    392955402.92322999
1718    394555021.69519001
1719    396160677.78904998
1720    397772232.56282997
1721    399389769.39937001
1722    401013212.05053002
1723    402642772.92457998
1724    404278246.97981000
1725    405919815.25432003
1726    407567465.83652002
1727    409221186.46419001
1728    410880964.52165997
1729    412546852.67891002
1730    414218969.93010002
1731    415897205.37533998
1732    417581645.30947000
1733    419272243.96838999
1734    420969088.18542999
1735    422672198.79672003
1736    424381529.58802003
1737    426097201.86938000
1738    427819135.67431998
1739    429547453.07327002
1740    431282005.61783999
1741    433023085.95039999
1742    434770443.04667002
1743    436524234.16942000
1744    438284515.12750000
1745    440051169.61149001
1746    441824356.69180000
1747    443604028.79633999
1748    445390207.24430001
1749    447182948.37822002
1750    448982238.90122998
1751    450788100.32059997
1752    452600589.49908000
1753    454419622.19106001
1754    456245361.48632002
1755    458077758.55921000
1756    459916906.71193999
1757    461762756.80224001
1758    463615294.81778997
1759    465474614.59110999
1760    467340702.35052001
1761    469213616.54531997
1762    471093343.30741000
1763    472979904.91092998
1764    474873360.34277999
1765    476773658.82543999
1766    478680933.11783999
1767    480595132.45951998
1768    482516279.45148998
1769    484444359.53373998
1770    486379581.80430001
1771    488321708.24290001
1772    490270873.39300001
1773    492227213.27017999
1774    494190638.49330997
1775    496161134.19677001
1776    498138723.15714002
1777    500123619.06146002
1778    502115616.87526000
1779    504114854.44046003
1780    506121278.46168000
1781    508135066.64115000
1782    510156010.98613000
1783    512184289.57506001
1784    514219965.45546001
1785    516262984.83218002
1786    518313410.77201998
1787    520371110.01156998
1788    522436381.89881003
1789    524509093.43238997
1790    526589149.46039999
1791    528676772.38028997
1792    530772027.15584999
1793    532874738.60703999
1794    534984970.59792000
1795    537102868.29738998
1796    539228456.96433997
1797    541361599.44974005
1798    543502360.39387000
1799    545650927.62988997
1800    547807204.08824003
1801    549971132.37696004
1802    552142901.68561006
1803    554322579.16905999
1804    556509941.99027002
1805    558705055.78341997
1806    560908237.38065004
1807    563119304.52025998
1808    565338198.51357996
1809    567564986.17940998
1810    569799904.08402002
1811    572042809.70050001
1812    574293643.58651996
1813    576552516.05211997
1814    578819624.16217005
1815    581094737.69907999
1816    583377924.90312004
1817    585669341.04272997
1818    587968969.67323995
1819    590276706.93244004
1820    592592752.72701001
1821    594917002.94240999
1822    597249615.22907996
1823    599590440.79758000
1824    601939726.16390002
1825    604297322.01482999
1826    606663299.07500005
1827    609037684.12527001
1828    611420593.42609000
1829    613811920.21784997
1830    616211646.12088001
1831    618620113.20211995
1832    621037033.92288005
1833    623462480.08606994
1834    625896569.65830004
1835    628339376.12732005
1836    630790836.18193996
1837    633250793.55999005
1838    635719735.15059996
1839    638197321.31301999
1840    640683718.12144005
1841    643178814.30720997
1842    645682823.61355996
1843    648195774.92130005
1844    650717509.39646995
1845    653248101.45533001
1846    655787720.64100003
1847    658336348.78005004
1848    660893967.20361996
1849    663460509.07095003
1850    666036241.18455005
1851    668621049.62901998
1852    671214915.04015005
1853    673817914.06315005
1854    676430172.41725004
1855    679051525.76401997
1856    681682245.79593003
1857    684322118.75042999
1858    686971368.96872997
1859    689629879.21768999
1860    692297826.34593999
1861    694975042.94158995
1862    697661706.46792996
1863    700357797.27573001
1864    703063494.80496001
1865    705778529.91264999
1866    708503081.75089002
1867    711237281.02166998
1868    713981108.19825995
1869    716734441.89595997
1870    719497463.89052999
1871    722270204.96621001
1872    725052695.99443996
1873    727844916.64914000
1874    730646743.18761003
1875    733458514.45018005
1876    736280159.08555996
1877    739111552.66940999
1878    741952881.38382995
1879    744804281.16050005
1880    747665522.59841001
1881    750536688.47271001
1882    753417914.97870004
1883    756309286.81131005
1884    759210571.26631999
1885    762122117.52461004
1886    765043745.27969003
1887    767975592.76466000
1888    770917638.59426999
1889    773869914.65355003
1890    776832506.90687001
1891    779805393.75176001
1892    782788553.02315998
1893    785782125.43369997
1894    788786198.45225000
1895    791800531.43445003
1896    794825375.30996001
1897    797860873.45895004
1898    800906783.52715003
1899    803963192.77434003
1900    807030300.49805999
1901    810108140.66630995
1902    813196523.43321002
1903    816295480.93815005
1904    819405439.61204004
1905    822526039.93291998
1906    825657427.61733997
1907    828799636.18181002
1908    831952756.23076999
1909    835116821.97958004
1910    838291695.72399998
1911    841477697.87439001
1912    844674575.54920995
1913    847882477.50123000
1914    851101495.93005002
1915    854331665.62149000
1916    857572963.07993996
1917    860825247.10011995
1918    864089020.48439002
1919    867363967.08300996
1920    870650062.02829003
1921    873947576.12839997
1922    877256426.50597000
1923    880576707.80258000
1924    883908276.30244994
1925    887251346.06628001
1926    890606073.24710000
1927    893972193.22906995
1928    897349800.95574999
1929    900739113.56597996
1930    904140046.10923004
1931    907552451.23152006
1932    910976853.08194995
1933    914412921.88901997
1934    917860631.60546994
1935    921320264.47047997
1936    924791733.94725001
1937    928275200.74232996
1938    931770390.76966000
1939    935277589.05785000
1940    938796832.86137998
1941    942328222.43518996
1942    945871480.37881994
1943    949426831.82307005
1944    952994567.70845997
1945    956574281.95631003
1946    960166329.36237001
1947    963770492.35817003
1948    967386999.96579003
1949    971015890.36554003
1950    974657137.24327004
1951    978310843.20646000
1952    981976916.78330004
1953    985655395.41899002
1954    989346512.76741004
1955    993050242.65461004
1956    996766623.99705994
1957   1000495234.15233004
1958   1004236835.77339995
1959   1007991271.40735996
1960   1011758314.82591999
1961   1015537936.97206998
1962   1019330710.50355995
1963   1023136274.66135001
1964   1026954668.02716005
1965   1030786131.87311995
1966   1034630503.59604001
1967   1038487754.16276002
1968   1042358330.74626005
1969   1046241933.81229997
1970   1050138602.57410002
1971   1054048445.08326006
1972   1057971639.24337006
1973   1061908088.13176000
1974   1065857831.99792004
1975   1069820772.10370004
1976   1073797226.69827008
1977   1077787237.58634996
1978   1081790495.86750007
1979   1085807462.70513010
1980   1089837757.39893007
1981   1093881843.80975008
1982   1097939409.96674991
1983   1102010780.66435003
1984   1106095712.85878992
1985   1110194533.23569989
1986   1114307140.96261001
1987   1118433649.76488996
1988   1122574102.07186007
1989   1126728033.16897988
1990   1130896280.71306992
1991   1135078598.46111012
1992   1139274956.19591999
1993   1143485249.64074993
1994   1147709667.04983997
1995   1151948472.25663996
1996   1156201266.11215997
1997   1160468608.75911999
1998   1164749876.14071989
1999   1169045854.20707011
2000   1173355990.70982003
2001   1177680702.22749996
2002   1182019958.19392991
2003   1186373500.80749989
2004   1190741750.27786994
2005   1195124599.80164003
2006   1199522169.39391994
2007   1203934350.94074988
2008   1208361264.46971011
2009   1212803107.84071994
2010   1217259772.62899995
2011   1221731071.46482992
2012   1226217511.88038993
2013   1230718751.96824002
2014   1235235069.02766991
2015   1239766586.83844995
2016   1244313194.99831009
2017   1248874938.67307997
2018   1253451547.70062995
2019   1258043697.46554995
2020   1262651198.28277993
2021   1267273937.38775992
2022   1271911800.29147005
2023   1276565390.90109992
2024   1281234437.02277994
2025   1285918904.31183004
2026   1290618919.03873992
2027   1295334527.58179998
2028   1300066019.98980999
2029   1304812875.07967997
2030   1309575708.35025001
2031   1314354241.23799992
2032   1319148437.90212989
2033   1323958838.23106003
2034   1328785079.30747008
2035   1333627373.47491002
2036   1338485436.61778998
2037   1343359647.49129009
2038   1348250221.69182992
2039   1353156957.84849000
2040   1358079651.82110000
2041   1363018771.01032996
2042   1367974111.52563000
2043   1372945890.57511997
2044   1377934157.40169001
2045   1382938876.11094999
2046   1387960095.47107005
2047   1392997521.33256006
2048   1398051801.81448007
2049   1403123074.55136991
2050   1408210786.27022004
2051   1413315157.65553999
2052   1418436411.50905991
2053   1423574510.99799991
2054   1428729505.92532992
2055   1433901709.49847007
2056   1439090645.99184990
2057   1444296716.38325000
2058   1449519706.20960999
2059   1454760108.26432991
2060   1460017886.40599990
2061   1465292467.91917992
2062   1470584616.13429999
2063   1475894025.16882992
2064   1481221105.59197998
2065   1486565188.49111009
2066   1491927136.52038002
2067   1497306550.16521001
2068   1502703753.58453012
2069   1508118343.38167000
2070   1513550918.82420993
2071   1519001258.71198010
2072   1524469046.69607997
2073   1529954978.78125000
2074   1535459017.15392995
2075   1540980844.29010010
2076   1546520697.75095010
2077   1552078443.49766994
2078   1557654695.35153008
2079   1563248945.68833995
2080   1568861623.28237009
2081   1574492688.65556002
2082   1580141911.78138995
2083   1585809249.68666005
2084   1591495325.89401007
2085   1597200101.22790003
2086   1602923535.57479000
2087   1608665203.20420003
2088   1614425637.47047997
2089   1620204893.76359010
2090   1626002833.63424993
2091   1631819802.91312003
2092   1637655565.61810994
2093   1643510371.70284009
2094   1649383884.87674999
2095   1655276945.09947991
2096   1661188822.84745002
2097   1667119967.07748008
2098   1673070236.04439998
2099   1679039883.91240001
2100   1685029167.24715996
2101   1691037344.33119011
2102   1697065270.17938995
2103   1703112400.10086012
2104   1709179595.65199995
2105   1715266108.31322002
2106   1721372398.52097988
2107   1727498524.30798006
2108   1733644135.56389999
2109   1739809901.33264995
2110   1745995471.22289991
2111   1752201313.90221000
2112   1758426664.02672005
2113   1764672403.49820995
2114   1770938177.87960005
2115   1777224252.87978005
2116   1783530479.07696009
2117   1789857123.65504003
2118   1796204246.31356001
2119   1802571275.13554001
2120   1808959531.89230990
2121   1815368234.97715998
2122   1821797655.30049992
2123   1828247214.40307999
2124   1834717608.25037003
2125   1841208897.62053990
2126   1847721143.44987011
2127   1854254191.44220996
2128   1860808317.02819991
2129   1867383581.61593008
2130   1873979612.34083009
2131   1880597120.74415994
2132   1887235952.10289001
2133   1893895949.40550995
2134   1900577173.00827003
2135   1907279683.41939998
2136   1914003762.20775008
2137   1920749472.04896998
2138   1927516875.78112006
2139   1934305813.62961006
2140   1941116570.28275990
2141   1947948761.00723004
2142   1954803119.48762989
2143   1961679260.68212008
2144   1968577246.50580001
2145   1975497592.13368011
2146   1982439682.04036999
2147   1989404260.17968988
2148   1996390936.00033998
2149   2003399772.21234989
2150   2010431061.42635012
2151   2017485098.98270988
2152   2024560796.78100991
2153   2031659602.42472005
2154   2038780888.26819992
2155   2045924717.98426008
2156   2053091622.65714002
2157   2060280967.35867000
2158   2067493519.08699012
2159   2074728639.32720995
2160   2081987099.33501005
2161   2089268256.99056005
2162   2096573125.39582992
2163   2103900346.10510993
2164   2111251172.76086998
2165   2118625674.65528011
2166   2126023200.57855010
2167   2133444536.85760999
2168   2140889270.18202996
2169   2148357224.28516006
2170   2155849192.02989006
2171   2163364756.58762980
2172   2170904228.70151997
2173   2178467432.10000992
2174   2186054679.22298002
2175   2193665546.46913004
2176   2201300839.92465019
2177   2208960383.33256006
2178   2216644246.24342012
2179   2224352000.26303005
2180   2232083960.90243006
2181   2239840446.60306978
2182   2247621527.61377001
2183   2255427274.36281013
2184   2263257757.45826006
2185   2271112541.21730995
2186   2278991946.33554983
2187   2286896805.76436996
2188   2294826173.66659021
2189   2302780629.41427994
2190   2310759987.92512989
2191   2318764061.45728016
2192   2326794208.70069981
2193   2334849213.80059004
2194   2342929664.10374022
2195   2351035111.53157997
2196   2359166407.69358015
2197   2367322842.37960005
2198   2375505271.87524986
2199   2383712718.78316021
2200   2391946833.75006008
2201   2400206902.97746992
2202   2408491938.71875000
2203   2416803336.94249010
2204   2425140907.20849991
2205   2433504456.33332014
2206   2441894056.71707010
2207   2450310588.18917990
2208   2458752511.22735977
2209   2467220974.36853981
2210   2475716324.27445984
2211   2484238638.72490978
2212   2492787177.27968979
2213   2501362284.92879009
2214   2509963761.22098017
2215   2518593053.25289011
2216   2527248589.39300013
2217   2535931269.24733019
2218   2544641724.35985994
2219   2553378645.87248993
2220   2562142383.04729986
2221   2570934127.24843979
2222   2579753680.31695986
2223   2588599997.74836016
2224   2597473714.51366997
2225   2606375189.22211981
2226   2615305067.24810982
2227   2624262294.83094978
2228   2633246376.04747009
2229   2642259667.07008982
2230   2651301110.07399988
2231   2660369634.93247986
2232   2669466464.49176979
2233   2678591967.48993015
2234   2687746226.27851009
2235   2696927870.72734022
2236   2706138719.70205021
2237   2715377982.16599989
2238   2724645443.58772993
2239   2733942355.05797005
2240   2743267624.45238018
2241   2752622214.33484983
2242   2762005024.15850019
2243   2771417316.22749996
2244   2780858579.44396019
2245   2790329490.69722986
2246   2799829236.68329000
2247   2809358195.30859995
2248   2818917048.94440985
2249   2828505279.38688993
2250   2838122664.73290014
2251   2847770497.36390018
2252   2857447648.63762999
2253   2867155112.81136990
2254   2876892364.48666000
2255   2886659485.41579008
2256   2896456249.92498016
2257   2906283663.03580999
2258   2916141812.11600018
2259   2926029544.20855999
2260   2935947869.96527004
2261   2945897186.69367981
2262   2955876957.29216003
2263   2965886951.61816978
2264   2975927879.42989016
2265   2986000457.49126005
2266   2996103197.10664988
2267   3006236811.19757986
2268   3016401701.94303989
2269   3026598275.16704988
2270   3036826301.34073019
2271   3047084906.95867014
2272   3057374814.53736019
2273   3067697720.05153990
2274   3078050492.39448977
2275   3088436119.02230978
2276   3098853072.84099007
2277   3109302739.91974020
2278   3119783255.74467993
2279   3130296663.28729010
2280   3140841744.39815998
2281   3151419570.95152998
2282   3162029245.53338003
2283   3172671845.76429987
2284   3183346469.33642006
2285   3194054199.64424992
2286   3204794129.46213007
2287   3215567013.49163008
2288   3226372943.04898977
2289   3237212009.67607021
2290   3248083630.73393011
2291   3258988907.10558987
2292   3269927255.68753004
2293   3280898086.32340002
2294   3291903187.68166018
2295   3302941974.60785007
2296   3314013512.17615986
2297   3325119947.05143976
2298   3336259658.47520018
2299   3347432734.70281982
2300   3358640303.32103014
2301   3369882114.05381012
2302   3381157564.90709019
2303   3392467094.16009998
2304   3403811494.14942980
2305   3415190511.80311012
2306   3426603538.54823017
2307   3438051017.28923988
2308   3449534102.66682005
2309   3461052186.80602980
2310   3472604298.72631979
2311   3484191596.59793997
2312   3495813819.52902985
2313   3507471420.30657005
2314   3519164136.59170008
2315   3530892784.10094023
2316   3542656378.89694023
2317   3554456825.57106018
2318   3566290596.52114010
2319   3578161414.04222012
2320   3590068654.75035000
2321   3602010955.00591993
2322   3613990241.90725994
2323   3626005147.40996981
2324   3638055765.26156998
2325   3650143670.59618998
2326   3662267484.31518984
2327   3674428045.37901020
2328   3686625454.37628984
2329   3698859812.14112997
2330   3711130469.25335979
2331   3723438273.54576015
2332   3735782572.07844019
2333   3748165351.90386009
2334   3760584448.56168985
2335   3773041096.09068012
2336   3785535015.75203991
2337   3798065925.00482988
2338   3810635837.31728983
2339   3823242943.49907017
2340   3835887726.31334019
2341   3848571445.56930017
2342   3861292274.48283005
2343   3874050696.51572990
2344   3886847978.35684013
2345   3899684227.86423016
2346   3912558770.13289022
2347   3925471314.78253984
2348   3938423141.88729000
2349   3951413176.44201994
2350   3964442309.57706022
2351   3977511044.30026007
2352   3990617899.19109011
2353   4003764965.72943020
2354   4016950757.74837017
2355   4030175777.16025019
2356   4043440932.34628010
2357   4056745125.11683989
2358   4070089669.54624987
2359   4083473461.57910013
2360   4096897415.92176008
2361   4110361234.08122015
2362   4123866247.17344999
2363   4137410523.58193016
2364   4150994984.36665010
2365   4164620147.81490993
2366   4178286124.06794024
2367   4191993851.17953014
2368   4205740541.96910000
2369   4219529203.04544020
2370   4233358700.86025000
2371   4247229143.58796978
2372   4261141058.95579004
2373   4275094138.55108976
2374   4289088912.82511997
2375   4303125916.91670990
2376   4317203572.04154015
2377   4331322830.93249989
2378   4345484655.47589016
2379   4359688735.53728008
2380   4373934756.78563976
2381   4388223259.30974007
2382   4402553496.62020016
2383   4416926439.77589989
2384   4431341771.00804996
2385   4445800035.97226048
2386   4460300915.17220020
2387   4474844957.07011032
2388   4489432277.69688988
2389   4504062993.36161041
2390   4518736341.53923988
2391   4533452872.90003014
2392   4548213584.83563042
2393   4563018155.20092010
2394   4577865369.16236019
2395   4592757560.92436028
2396   4607693516.20092964
2397   4622672454.68626022
2398   4637696728.84718037
2399   4652765114.75347042
2400   4667878630.61616993
2401   4683035137.79703045
2402   4698237463.32730007
2403   4713484370.31647968
2404   4728775519.78652954
2405   4744111939.58100033
2406   4759493750.74413967
2407   4774921534.09727955
2408   4790393572.11147976
2409   4805911823.44946957
2410   4821475950.81676960
2411   4837085148.10951996
2412   4852739530.85321045
2413   4868441548.40303993
2414   4884189463.30051994
2415   4899981988.10509968
2416   4915822524.66753006
2417   4931709321.83294010
2418   4947642027.62487030
2419   4963621233.51560974
2420   4979648011.43739033
2421   4995721537.44682026
2422   5011842888.99559021
2423   5028010279.83222961
2424   5044225745.95009041
2425   5060488454.68696976
2426   5076798046.43074989
2427   5093156576.70691967
2428   5109562724.79220963
2429   5126016128.18060017
2430   5142518858.32870960
2431   5159068606.11003017
2432   5175666959.59846973
2433   5192313556.18033028
2434   5209009014.08617020
2435   5225753956.93375015
2436   5242547032.29421043
2437   5259388859.28139973
2438   5276280560.34615993
2439   5293220273.22080994
2440   5310211120.39647007
2441   5327249732.25251007
2442   5344338740.39330006
2443   5361477271.87983990
2444   5378666466.46971035
2445   5395904939.65295982
2446   5413193324.78779030
2447   5430532770.36983967
2448   5447921881.04179955
2449   5465362831.71646023
2450   5482853196.58891964
2451   5500394642.87716961
2452   5517986789.10412025
2453   5535630283.88516045
2454   5553324743.70769978
2455   5571070820.46234035
2456   5588868128.59125042
2457   5606718369.05860996
2458   5624619065.37290001
2459   5642571393.53730965
2460   5660576013.69058037
2461   5678632535.11423016
2462   5696741621.27414036
2463   5714903410.37611008
2464   5733118040.95003986
2465   5751385118.11748028
2466   5769704776.95081997
2467   5788077152.82958031
2468   5806502381.44108963
2469   5824981677.23857021
2470   5843513562.98602962
2471   5862099797.14852047
2472   5880739438.22179031
2473   5899432078.69484997
2474   5918180036.63823032
2475   5936981272.24030972
2476   5955836468.48633003
2477   5974745763.89984035
2478   5993710400.87816048
2479   6012729973.84659004
2480   6031803517.32489967
2481   6050932278.91709995
2482   6070115288.12010002
2483   6089354916.57030964
2484   6108648516.40328979
2485   6127998467.02898026
2486   6147404355.29362011
2487   6166865198.06394005
2488   6186382831.18717003
2489   6205956270.75459957
2490   6225584521.64684963
2491   6245269429.32536983
2492   6265012285.14741039
2493   6284811526.06081009
2494   6304667296.10233021
2495   6324579163.43006992
2496   6344549579.01191998
2497   6364575805.38041019
2498   6384659720.89568996
2499   6404801475.65470982
2500   6425001220.10272980
2501   6445258519.98190975
2502   6465574108.51521015
2503   6485947549.15828991
2504   6506378989.26657963
2505   6526868576.52690029
2506   6547416458.95814991
2507   6568024566.97830963
2508   6588690680.71856022
2509   6609414944.69775009
2510   6630200496.51455021
2511   6651043903.65285015
2512   6671947111.83845043
2513   6692909069.80632973
2514   6713931737.64231014
2515   6735014669.42710972
2516   6756157413.48386002
2517   6777359512.34410954
2518   6798622335.07633018
2519   6819947263.42833996
2520   6841330780.85052013
2521   6862775488.28038979
2522   6884281543.86909962
2523   6905849724.67965984
2524   6927478333.95118999
2525   6949168143.22089005
2526   6970920553.87399006
2527   6992733231.31575966
2528   7014608827.27569008
2529   7036546879.19476986
2530   7058546918.56980038
2531   7080609102.06509018
2532   7102734219.43210983
2533   7124922432.81877041
2534   7147173268.81527042
2535   7169485610.44612980
2536   7191862163.06968021
2537   7214303095.11217022
2538   7236806648.32011986
2539   7259374265.31939030
2540   7282006110.83798027
2541   7304701702.76305962
2542   7327459904.00572014
2543   7350284118.12425995
2544   7373173216.90295029
2545   7396125405.69604969
2546   7419144113.66666031
2547   7442227546.91065979
2548   7465375868.21827030
2549   7488589240.74127960
2550   7511867165.99802017
2551   7535212457.50864983
2552   7558623298.51908016
2553   7582099853.65668964
2554   7605642287.91394997
2555   7629252107.31923008
2556   7652926799.61538982
2557   7676669889.30490971
2558   7700477505.72554970
2559   7724353862.97068977
2560   7748297107.18126965
2561   7772308086.42578983
2562   7796386291.61456013
2563   7820531891.10361958
2564   7844745739.20446968
2565   7869028010.15824986
2566   7893376811.56227970
2567   7917795065.90139008
2568   7942282953.74899960
2569   7966837879.34928036
2570   7991462787.01231003
2571   8016156463.22076035
2572   8040919079.75389957
2573   8065752211.05206013
2574   8090651822.80671024
2575   8115623704.06443024
2576   8140666636.37730980
2577   8165777971.38222027
2578   8190960002.36857986
2579   8216212197.42195988
2580   8241535444.86818981
2581   8266929210.05023003
2582   8292393668.61684990
2583   8317930434.19847965
2584   8343537532.18649960
2585   8369216578.79349041
2586   8394967032.44431973
2587   8420789796.72189045
2588   8446685055.03816032
2589   8472650072.89360046
2590   8498690132.54531002
2591   8524802502.10925961
2592   8550986626.16396046
2593   8577244889.79271984
2594   8603576006.98590088
2595   8629981639.56629944
2596   8656458268.01745033
2597   8683009034.14414024
2598   8709634125.45883942
2599   8736334477.77401924
2600   8763108035.81788063
2601   8789956480.42045021
2602   8816880000.77883911
2603   8843877275.89765930
2604   8870950756.15057945
2605   8898098360.45789909
2606   8925321029.38162041
2607   8952619711.38684082
2608   8979994598.19131088
2609   9007445881.94400978
2610   9034972986.75070000
2611   9062575329.56006050
2612   9090255409.22085953
2613   9118013425.29558945
2614   9145844145.17333031
2615   9173755509.18709946
2616   9201743055.92170906
2617   9229807751.27839088
2618   9257949785.48110008
2619   9286170920.57727051
2620   9314470571.59314919
2621   9342847356.68283081
2622   9371302253.46203041
2623   9399836247.73162079
2624   9428450333.52129936
2625   9457140728.84145927
2626   9485913205.06761932
2627   9514763973.24868011
2628   9543694025.23287964
2629   9572704361.16168022
2630   9601794375.05088043
2631   9630963453.43450928
2632   9660214220.12895012
2633   9689545257.28289986
2634   9718958392.31307030
2635   9748452200.30739975
2636   9778025240.79607010
2637   9807681806.09090996
2638   9837418820.19611931
2639   9867238126.74975014
2640   9897139104.20063972
2641   9927122781.91814041
2642   9957188535.19766998
2643   9987337398.35557938
2644  10017568743.51956940
2645  10047882772.53746986
2646  10078280527.17919922
2647  10108760533.24757004
2648  10139326362.13150024
2649  10169975699.01116943
2650  10200706204.78137970
2651  10231524013.90995979
2652  10262425096.85242081
2653  10293411360.69397926
2654  10324483017.53466988
2655  10355637705.55130005
2656  10386879920.06649971
2657  10418205575.52470016
2658  10449618324.68351936
2659  10481118388.27685928
2660  10512702512.94416046
2661  10544373507.31831932
2662  10576131587.22423935
2663  10607974343.91889000
2664  10639908115.02984047
2665  10671925229.86561012
2666  10704032044.03706932
2667  10736224370.74349022
2668  10768505952.18902969
2669  10800877013.95940971
2670  10833335112.05710030
2671  10865881345.81479073
2672  10898515034.94067001
2673  10931239077.06047058
2674  10964053700.22056961
2675  10996955529.38939095
2676  11029947476.65819931
2677  11063030670.27412033
2678  11096202617.86132050
2679  11129464439.85416985
2680  11162816354.06590080
2681  11196260406.96731949
2682  11229794081.66624069
2683  11263419427.80867958
2684  11297136671.76955032
2685  11330946040.42247963
2686  11364845910.69078064
2687  11398838351.93667984
2688  11432923592.50625038
2689  11467099065.36655998
2690  11501368716.43683052
2691  11535730909.35835075
2692  11570186806.40912056
2693  11604737579.42226982
2694  11639379693.41630936
2695  11674116196.42038918
2696  11708947320.75305939
2697  11743871398.96895981
2698  11778890555.50469971
2699  11814005024.18213081
2700  11849214082.30153084
2701  11884518917.12771034
2702  11919917840.69395065
2703  11955413966.88031960
2704  11991005606.40859032
2705  12026692989.17551994
2706  12062477316.53039932
2707  12098357853.06237030
2708  12134333854.50455093
2709  12170408479.67081070
2710  12206580014.33415985
2711  12242850656.78760910
2712  12279216714.28583908
2713  12315682356.28076935
2714  12352245851.74032021
2715  12388906443.35127068
2716  12425667343.09247017
2717  12462526807.22369003
2718  12499486071.51050949
2719  12536544378.28285980
2720  12573702969.12969971
2721  12610960076.03088951
2722  12648317948.17650032
2723  12685777843.17606926
2724  12723334945.79520988
2725  12760994555.52990913
2726  12798754890.01288986
2727  12836617211.38504028
2728  12874582792.08431053
2729  12912649836.73004913
2730  12950815502.34182930
2731  12989087226.66464043
2732  13027461149.07494926
2733  13065934405.93485069
2734  13104513449.94751930
2735  13143196466.80628014
2736  13181982666.27264977
2737  13220871248.67975044
2738  13259866646.70084000
2739  13298964926.62505913
2740  13338166328.70926094
2741  13377472149.59573936
2742  13416886871.75428963
2743  13456404409.16563034
2744  13496028186.97878075
2745  13535758463.21278000
2746  13575593359.33263016
2747  13615536332.50078011
2748  13655584429.06924057
2749  13695740046.36322021
2750  13736002366.37557030
2751  13776370561.38274002
2752  13816848129.60400963
2753  13857435341.20429039
2754  13898130288.75692940
2755  13938932136.38797951
2756  13979842226.94051933
2757  14020861914.17454910
2758  14061991463.32552910
2759  14103227833.86664963
2760  14144576792.25875092
2761  14186035299.08997917
2762  14227602503.99546051
2763  14269281997.10441971
2764  14311071824.43054008
2765  14352974483.07457924
2766  14394983527.37120056
2767  14437109296.85016060
2768  14479344213.12463951
2769  14521688523.68799019
2770  14564148132.70186043
2771  14606723328.84943962
2772  14649408718.43807030
2773  14692206829.66489983
2774  14735117928.80703926
2775  14778145716.80355072
2776  14821287043.19791985
2777  14864538725.60401917
2778  14907906772.33292007
2779  14951389157.65926933
2780  14994987309.55312920
2781  15038702667.50185966
2782  15082532027.39357948
2783  15126475652.37672997
2784  15170537314.03171921
2785  15214716129.36422920
2786  15259011204.94477081
2787  15303419281.64233971
2788  15347947690.99731064
2789  15392594366.50878906
2790  15437359591.94374084
2791  15482242462.91793060
2792  15527243256.00447083
2793  15572362248.35073090
2794  15617600914.86519051
2795  15662958342.30270004
2796  15708432403.88973045
2797  15754031801.76757050
2798  15799747190.49124908
2799  15845583670.54431915
2800  15891541531.69289017
2801  15937623498.43708992
2802  15983821339.51400948
2803  16030142640.28902054
2804  16076586475.91537094
2805  16123153139.22710037
2806  16169837997.95451927
2807  16216647483.09053993
2808  16263581897.96987915
2809  16310639066.33283997
2810  16357818032.33552933
2811  16405122812.88962936
2812  16452551216.13940048
2813  16500102279.27216911
2814  16547780047.31604958
2815  16595581055.03066063
2816  16643506845.01848984
2817  16691560235.85290909
2818  16739739004.18581963
2819  16788045981.68498993
2820  16836475116.96696091
2821  16885034329.91679001
2822  16933720106.46150017
2823  16982532741.68903923
2824  17031469962.40534973
2825  17080539771.58359909
2826  17129734759.46886063
2827  17179059085.95157051
2828  17228514354.73625946
2829  17278096984.18278885
2830  17327809869.73279953
2831  17377650709.31784058
2832  17427623720.40789032
2833  17477727910.87324905
2834  17527955703.18647003
2835  17578321850.09228897
2836  17628817463.61426926
2837  17679445486.30340958
2838  17730202250.59906006
2839  17781094693.85424042
2840  17832117816.52621841
2841  17883275924.75445175
2842  17934563986.19438934
2843  17985986317.55994034
2844  18037543236.42250061
2845  18089233712.15819931
2846  18141058054.26446915
2847  18193020638.31761932
2848  18245113653.64627075
2849  18297345552.03614044
2850  18349711215.51578140
2851  18402213682.89395905
2852  18454850535.11492157
2853  18507624824.95172882
2854  18560535499.26609039
2855  18613585634.44532013
2856  18666770030.66149902
2857  18720094533.11465836
2858  18773559478.34281921
2859  18827159630.00545883
2860  18880898080.59019089
2861  18934777949.05482101
2862  18988796768.50516129
2863  19042953453.13671112
2864  19097251133.63602066
2865  19151688728.75683975
2866  19206269393.34019852
2867  19260990631.36053085
2868  19315851343.97473907
2869  19370857549.89815140
2870  19426003886.74707031
2871  19481292103.12247086
2872  19536723961.49501038
2873  19592295481.28364944
2874  19648012740.71886063
2875  19703873196.49993896
2876  19759880076.34249115
2877  19816029372.44157028
2878  19872324317.23176956
2879  19928762333.43659973
2880  19985348130.91946030
2881  20042077664.38391876
2882  20098954195.85779190
2883  20155976596.65951920
2884  20213149630.08959961
2885  20270466264.04787064
2886  20327931263.23418045
2887  20385543488.18568039
2888  20443304766.19292068
2889  20501210965.78602982
2890  20559269888.80059814
2891  20617477405.17871094
2892  20675830847.88436890
2893  20734336565.39445114
2894  20792994920.04764938
2895  20851801732.89772034
2896  20910758854.01824951
2897  20969868148.08016968
2898  21029128445.46319962
2899  21088541619.24431992
2900  21148104962.75918961
2901  21207823416.99020004
2902  21267694273.20449066
2903  21327714795.21543884
2904  21387893038.41419983
2905  21448226285.71213913
2906  21508711792.44075012
2907  21569351454.96302032
2908  21630147184.57046127
2909  21691097780.77307892
2910  21752203596.48257065
2911  21813468126.44330978
2912  21874887024.09225845
2913  21936462211.47039032
2914  21998194044.35995865
2915  22060086049.23466873
2916  22122137016.44628143
2917  22184344130.37702942
2918  22246709334.71036148
2919  22309234588.39519882
2920  22371920262.53358078
2921  22434765122.14458084
2922  22497767918.33708954
2923  22560932230.82917023
2924  22624258433.73431015
2925  22687743658.78936005
2926  22751393135.28020096
2927  22815205621.73870850
2928  22879176597.26507950
2929  22943312952.00513840
2930  23007611795.53176117
2931  23072073496.11791992
2932  23136700070.40634155
2933  23201486945.24732971
2934  23266442744.31988907
2935  23331562896.00075912
2936  23396847772.30723953
2937  23462297746.00046921
2938  23527916531.11697006
2939  23593697828.44580078
2940  23659648701.67665863
2941  23725767867.75951004
2942  23792052343.69089127
2943  23858502495.30096817
2944  23925123768.65216064
2945  23991914868.57715988
2946  24058874485.34450150
2947  24126001294.58177948
2948  24193300791.61597824
2949  24260771669.08398819
2950  24328412604.93912125
2951  24396223982.63219070
2952  24464201013.90164948
2953  24532354416.95370865
2954  24600679416.75917816
2955  24669178135.73833847
2956  24737854452.64860916
2957  24806698328.34865952
2958  24875717107.13613129
2959  24944905935.44844055
2960  25014275713.80630112
2961  25083819842.54151917
2962  25153536950.07353973
2963  25223434487.58784103
2964  25293500483.51428986
2965  25363749488.91637039
2966  25434167710.22887039
2967  25504767980.52833939
2968  25575550732.73326111
2969  25646507442.26269150
2970  25717642074.69248962
2971  25788958628.71380997
2972  25860452117.07098007
2973  25932121120.39595032
2974  26003971451.72373962
2975  26076008973.81484985
2976  26148225038.02696991
2977  26220621860.31414032
2978  26293201673.82173920
2979  26365963063.96374893
2980  26438908273.75865173
2981  26512032200.50580978
2982  26585338917.18305969
2983  26658836228.81356812
2984  26732513475.57400894
2985  26806374757.72652817
2986  26880424209.65998077
2987  26954658537.04555893
2988  27029070673.02305984
2989  27103677848.25273895
2990  27178473026.91242981
2991  27253452871.90230179
2992  27328619673.59189987
2993  27403975740.06486893
2994  27479523397.20491028
2995  27555251691.99504089
2996  27631168608.09199905
2997  27707282198.09720993
2998  27783585285.08563995
2999  27860078291.12543869
3000  27936763560.04986954
3001  28013639603.26292038
3002  28090701056.69525146
3003  28167959910.12137985
3004  28245414690.49176025
3005  28323060023.30551910
3006  28400896323.50690842
3007  28478929860.57344055
3008  28557157179.08671188
3009  28635580669.54705811
3010  28714194883.35017014
3011  28793008101.42324829
3012  28872016836.86936951
3013  28951225478.75627899
3014  29030628542.40293884
3015  29110230423.04140091
3016  29190029579.63679123
3017  29270020463.69638062
3018  29350217471.62240982
3019  29430611074.93595886
3020  29511209734.93709946
3021  29592003866.96797943
3022  29672999938.81081009
3023  29754196384.39014053
3024  29835593647.17612076
3025  29917194202.67453003
3026  29998998509.66436005
3027  30081002947.39466095
3028  30163209994.00764084
3029  30245624195.99140167
3030  30328241921.66707993
3031  30411057445.33084106
3032  30494087680.54338837
3033  30577318674.12113953
3034  30660757067.46900177
3035  30744405404.39591980
3036  30828257922.36325073
3037  30912317148.57818985
3038  30996585629.61399841
3039  31081055454.81523132
3040  31165739639.93452835
3041  31250632371.46213913
3042  31335736218.18630981
3043  31421051654.50719833
3044  31506577037.08607101
3045  31592310704.74380112
3046  31678253106.46527863
3047  31764417488.95822906
3048  31850789425.19535828
3049  31937373637.21014023
3050  32024166297.70854950
3051  32111180756.46287918
3052  32198408912.98989868
3053  32285846914.19293976
3054  32373503866.18959045
3055  32461378098.13946915
3056  32549467921.02371979
3057  32637773808.05038071
3058  32726298418.66432953
3059  32815040052.25090027
3060  32903994794.82505035
3061  32993167493.88378143
3062  33082567445.99650955
3063  33172184140.46313095
3064  33262024685.72779846
3065  33352082933.77130127
3066  33442361575.76552963
3067  33532856635.97890854
3068  33623579738.64019012
3069  33714526934.47745895
3070  33805694235.84297943
3071  33897088860.81454086
3072  33988700057.30125046
3073  34080541821.54116058
3074  34172610159.90206146
3075  34264896502.51737976
3076  34357414937.94662857
3077  34450156888.24717712
3078  34543131966.38979340
3079  34636331556.41539764
3080  34729758432.00064087
3081  34823410790.18550873
3082  34917291416.56446838
3083  35011400808.91354370
3084  35105746408.09866333
3085  35200321802.18403625
3086  35295129816.13699341
3087  35390168637.65386963
3088  35485436435.00321198
3089  35580933696.48734283
3090  35676670290.09375763
3091  35772639718.15219879
3092  35868842487.27604675
3093  35965281465.20749664
3094  36061954810.70133972
3095  36158858292.30136108
3096  36255997140.80489349
3097  36353379010.41208649
3098  36451002074.37589264
3099  36548857312.16732025
3100  36646952396.70231628
3101  36745285457.38166046
3102  36843859417.80544281
3103  36942672398.92453003
3104  37041717666.38565063
3105  37141010229.61241913
3106  37240545800.27732849
3107  37340322482.29756927
3108  37440340798.21530914
3109  37540603715.73438263
3110  37641114224.91195679
3111  37741855699.48539734
3112  37842850727.57581329
3113  37944090038.80933380
3114  38045579103.72782135
3115  38147311055.27758789
3116  38249288889.71941376
3117  38351513138.75212860
3118  38453976857.35278320
3119  38556698016.44168091
3120  38659669705.62570190
3121  38762889968.16021729
3122  38866361855.27321625
3123  38970083401.42326355
3124  39074052620.21658325
3125  39178270035.13117981
3126  39282748852.28240204
3127  39387476970.58099365
3128  39492457463.94567108
3129  39597685770.66359711
3130  39703175194.94064331
3131  39808918640.86808014
3132  39914914086.11676025
3133  40021172362.98075104
3134  40127683748.01904297
3135  40234451361.26426697
3136  40341478346.18837738
3137  40448765272.19490051
3138  40556310106.54860687
3139  40664113403.94418335
3140  40772167876.45063782
3141  40880484510.76564026
3142  40989071759.41895294
3143  41097919723.15663910
3144  41207026324.72326660
3145  41316400037.13433838
3146  41426033510.65656281
3147  41535924636.88218689
3148  41646087246.74542999
3149  41756513959.43788147
3150  41867210684.93488312
3151  41978169992.88893127
3152  42089392434.62391663
3153  42200878562.47321320
3154  42312637014.58036804
3155  42424665696.96585846
3156  42536965200.11743164
3157  42649530690.79400635
3158  42762370881.53325653
3159  42875480935.48832703
3160  42988858700.03890228
3161  43102502000.08746338
3162  43216427830.85765076
3163  43330625852.89658356
3164  43445102155.41368866
3165  43559840799.23203278
3166  43674861656.07482910
3167  43790154278.52568817
3168  43905727567.46132660
3169  44021571012.17672729
3170  44137693533.67838287
3171  44254098535.04225922
3172  44370781040.07135773
3173  44487744448.19789124
3174  44604983743.39531708
3175  44722505140.93077850
3176  44840300777.15068054
3177  44958376875.54457855
3178  45076742547.14807129
3179  45195392757.51201630
3180  45314322424.63397980
3181  45433534987.31060028
3182  45553033909.93727875
3183  45672816945.67418671
3184  45792881824.25344849
3185  45913240655.88366699
3186  46033882554.86047363
3187  46154813896.81149292
3188  46276032409.92262268
3189  46397532893.12136841
3190  46519318832.14186096
3191  46641411247.13005066
3192  46763787469.49446869
3193  46886453937.66037750
3194  47009414204.40943909
3195  47132671848.83477783
3196  47256212779.70397949
3197  47380043471.23345184
3198  47504179335.48056793
3199  47628606227.98219299
3200  47753333677.02179718
3201  47878347439.13977051
3202  48003663019.92191315
3203  48129278090.18386078
3204  48255193296.77075958
3205  48381397260.91414642
3206  48507908633.71077728
3207  48634719045.49675751
3208  48761832154.72193909
3209  48889242549.41779327
3210  49016959961.85325623
3211  49144972885.17321777
3212  49273291073.43377686
3213  49401909067.63770294
3214  49530836682.68856049
3215  49660068455.53826904
3216  49789608106.23676300
3217  49919456297.66555786
3218  50049607511.63980865
3219  50180059276.33676147
3220  50310830825.12226105
3221  50441913552.40048981
3222  50573298774.63127136
3223  50704996475.22910309
3224  50837007325.84748077
3225  50969322586.87596893
3226  51101946016.69245911
3227  51234894004.96736145
3228  51368154658.32283783
3229  51501731798.94992828
3230  51635619764.14703369
3231  51769825549.57987213
3232  51904343468.10942078
3233  52039186927.28576660
3234  52174334265.98816681
3235  52309805297.00153351
3236  52445600727.59417725
3237  52581711611.17973328
3238  52718141821.62801361
3239  52854898493.40054321
3240  52991972622.36493683
3241  53129364860.80158234
3242  53267085620.16634369
3243  53405129097.96933746
3244  53543499237.28983307
3245  53682193463.36946106
3246  53821219015.98441315
3247  53960563468.21916199
3248  54100227460.10375977
3249  54240231439.79543304
3250  54380559634.43747711
3251  54521216023.74297333
3252  54662204616.64378357
3253  54803529451.42446136
3254  54945177914.81298828
3255  55087157341.74893188
3256  55229471774.45687103
3257  55372121927.34390259
3258  55515108516.17678833
3259  55658428886.50546265
3260  55802080356.78762817
3261  55946070375.71882629
3262  56090389485.52243042
3263  56235051944.75025177
3264  56380055091.35220337
3265  56525396236.00933838
3266  56671079505.31971741
3267  56817105627.14582825
3268  56963468458.55275726
3269  57110175573.40630341
3270  57257210450.77020264
3271  57404604835.55676270
3272  57552345689.13855743
3273  57700423330.37236786
3274  57848848870.10629272
3275  57997623047.07627106
3276  58146739612.70754242
3277  58296195762.76931763
3278  58446013228.24543762
3279  58596175237.47519684
3280  58746693063.26883698
3281  58897556881.17877960
3282  59048774472.44354248
3283  59200343040.79593658
3284  59352252654.61820221
3285  59504532464.68525696
3286  59657161903.91915131
3287  59810145258.76526642
3288  59963486846.91956329
3289  60117180244.71144104
3290  60271229765.03237915
3291  60425628934.24305725
3292  60580403741.47754669
3293  60735533314.56613922
3294  60891022001.97241211
3295  61046877820.10585785
3296  61203090628.13873291
3297  61359668452.88553619
3298  61516604746.91223907
3299  61673892903.01042175
3300  61831562998.72899628
3301  61989593808.26619720
3302  62147993441.79031372
3303  62306755282.16433716
3304  62465887473.09628296
3305  62625390795.43462372
3306  62785258589.92070007
3307  62945499050.84754944
3308  63106112963.39253998
3309  63267093625.93575287
3310  63428449283.63600922
3311  63590188245.56887817
3312  63752288744.09707642
3313  63914759028.48047638
3314  64077614978.75997925
3315  64240834690.18923950
3316  64404449257.85796356
3317  64568429118.62180328
3318  64732797867.01806641
3319  64897548706.08381653
3320  65062651791.64961243
3321  65228161480.45865631
3322  65394047947.09365845
3323  65560311950.76280212
3324  65726969703.41336823
3325  65894006579.77897644
3326  66061423343.25552368
3327  66229236306.55329895
3328  66397415172.11412811
3329  66565991835.73799133
3330  66734959340.94299316
3331  66904318506.76325989
3332  67074062298.70535278
3333  67244207232.68379974
3334  67414738405.85164642
3335  67585648690.22550964
3336  67756962575.43988800
3337  67928673001.87670135
3338  68100780799.16374207
3339  68273278828.64840698
3340  68446167873.50776672
3341  68619456721.18372345
3342  68793130168.38679504
3343  68967221097.00473022
3344  69141714340.02560425
3345  69316594599.00553894
3346  69491886873.92433167
3347  69667583955.44409180
3348  69843678568.93142700
3349  70020163374.15176392
3350  70197063577.79061890
3351  70374371909.75904846
3352  70552089221.13768005
3353  70730208160.72210693
3354  70908721311.09669495
3355  71087662377.32154846
3356  71266999299.37414551
3357  71446757649.49118042
3358  71626921761.37925720
3359  71807509057.82630920
3360  71988503807.43984985
3361  72169906823.95321655
3362  72351727280.06083679
3363  72533957669.25427246
3364  72716607201.66113281
3365  72899676748.68070984
3366  73083167183.32894897
3367  73267062492.19268799
3368  73451380370.01274109
3369  73636121694.48020935
3370  73821287344.91372681
3371  74006886716.04447937
3372  74192895149.10375977
3373  74379330520.80166626
3374  74566193716.89564514
3375  74753477040.72714233
3376  74941189930.09402466
3377  75129333275.58543396
3378  75317882058.13938904
3379  75506888941.00180054
3380  75696320288.93144226
3381  75886176945.69139099
3382  76076468464.78712463
3383  76267187020.38359070
3384  76458342204.80238342
3385  76649926159.58889771
3386  76841948516.02201843
3387  77034418978.88679504
3388  77227312062.68122864
3389  77420663905.62638855
3390  77614440119.24263000
3391  77808659249.00032043
3392  78003313321.46731567
3393  78198403198.80564880
3394  78393947594.60919189
3395  78589920653.92874146
3396  78786359034.88729858
3397  78983218871.32949829
3398  79180554912.63645935
3399  79378323167.67774963
3400  79576524454.37918091
3401  79775195806.31346130
3402  79974311049.83451843
3403  80173871062.81977844
3404  80373885833.87104797
3405  80574347171.90553284
3406  80775274252.37771606
3407  80976640575.98098755
3408  81178474523.91334534
3409  81380758690.65527344
3410  81583512407.89370728
3411  81786708958.40762329
3412  81990367695.93255615
3413  82194489570.75236511
3414  82399066238.05924988
3415  82604098594.77476501
3416  82809624878.45353699
3417  83015590094.59066772
3418  83222032522.21876526
3419  83428925003.37939453
3420  83636287207.89634705
3421  83844110669.55358887
3422  84052405745.95066833
3423  84261182873.15995789
3424  84470424102.36851501
3425  84680149361.16738892
3426  84890331100.70761108
3427  85100979725.32331848
3428  85312124848.93588257
3429  85523710057.60011292
3430  85735793722.83493042
3431  85948357695.49926758
3432  86161393315.58711243
3433  86374911172.27301025
3434  86588912252.31307983
3435  86803397544.26542664
3436  87018319429.46902466
3437  87233776019.53323364
3438  87449700275.27883911
3439  87666112635.89724731
3440  87883004297.87901306
3441  88100386021.61831665
3442  88318248967.37306213
3443  88536603938.69946289
3444  88755451940.07421875
3445  88974793977.80374146
3446  89194631060.02839661
3447  89414944315.28359985
3448  89635754556.35485840
3449  89857072777.67570496
3450  90078860050.36840820
3451  90301157295.27427673
3452  90523955550.27400208
3453  90747265898.06895447
3454  90971069257.63119507
3455  91195356489.70892334
3456  91420158867.43002319
3457  91645457193.00204468
3458  91871252434.90173340
3459  92097555747.80125427
3460  92324378370.25531006
3461  92551690722.28051758
3462  92779534702.72500610
3463  93007880673.58372498
3464  93236729613.82463074
3465  93466061887.18481445
3466  93695919668.19720459
3467  93926304065.51699829
3468  94157205819.01834106
3469  94388605195.33200073
3470  94620544771.90446472
3471  94852983993.57348633
3472  95085944699.64514160
3473  95319417472.00158691
3474  95553424300.58950806
3475  95787934756.28083801
3476  96022981392.81478882
3477  96258544218.26072693
3478  96494634817.56478882
3479  96731211848.45819092
3480  96968361118.96946716
3481  97206030730.32568359
3482  97444232359.95109558
3483  97682956396.14410400
3484  97922214562.75738525
3485  98161997208.90281677
3486  98402305352.25584412
3487  98643161560.90888977
3488  98884534597.79104614
3489  99126457873.87683105
3490  99368921704.71243286
3491  99611916321.11082458
3492  99855464517.22210693
3493 100099545644.90359497
3494 100344127956.94444275
3495 100589288928.88946533
3496 100834985978.05534363
3497 101081220142.02403259
3498 101328014488.66818237
3499 101575359155.03430176
3500 101823255250.45867920
