   1            9.69386000
   2           25.06301000
   3           44.62350000
   4           67.63280000
   5           93.63644000
   6          122.32280000
   7          153.46129000
   8          186.87224000
   9          222.41069000
  10          259.95636000
  11          299.40738000
  12          340.67593000
  13          383.68555000
  14          428.36856000
  15          474.66470000
  16          522.51978000
  17          571.88470000
  18          622.71503000
  19          674.96960000
  20          728.61096000
  21          783.60419000
  22          839.91705000
  23          897.51953000
  24          956.38354000
  25         1016.48273000
  26         1077.79224000
  27         1140.28906000
  28         1203.95117000
  29         1268.75745000
  30         1334.68860000
  31         1401.72546000
  32         1469.85059000
  33         1539.04712000
  34         1609.29822000
  35         1680.58911000
  36         1752.90466000
  37         1826.23059000
  38         1900.55371000
  39         1975.86035000
  40         2052.13843000
  41         2129.37549000
  42         2207.56055000
  43         2286.68188000
  44         2366.72827000
  45         2447.69019000
  46         2529.55664000
  47         2612.31860000
  48         2695.96582000
  49         2780.49023000
  50         2865.88184000
  51         2952.13257000
  52         3039.23364000
  53         3127.17822000
  54         3215.95679000
  55         3305.56226000
  56         3395.98779000
  57         3487.22534000
  58         3579.26782000
  59         3672.10938000
  60         3765.74219000
  61         3860.16016000
  62         3955.35669000
  63         4051.32642000
  64         4148.06152000
  65         4245.55811000
  66         4343.80957000
  67         4442.80957000
  68         4542.55322000
  69         4643.03516000
  70         4744.25049000
  71         4846.19287000
  72         4948.85742000
  73         5052.24121000
  74         5156.33691000
  75         5261.14062000
  76         5366.64844000
  77         5472.85449000
  78         5579.75439000
  79         5687.34521000
  80         5795.62207000
  81         5904.58008000
  82         6014.27547000
  83         6124.58468000
  84         6235.56333000
  85         6347.20702000
  86         6459.51381000
  87         6572.47685000
  88         6686.09420000
  89         6800.36146000
  90         6915.34533000
  91         7030.90380000
  92         7147.10192000
  93         7263.93727000
  94         7381.47876000
  95         7499.57752000
  96         7618.30276000
  97         7737.72747000
  98         7857.69858000
  99         7978.28445000
 100         8099.56560000
 101         8221.37785000
 102         8343.88146000
 103         8466.90739000
 104         8590.62181000
 105         8714.93933000
 106         8839.76571000
 107         8965.27653000
 108         9091.37975000
 109         9218.07443000
 110         9345.35764000
 111         9473.22550000
 112         9601.67803000
 113         9730.70939000
 114         9860.31959000
 115         9990.60561000
 116        10121.36507000
 117        10252.79912000
 118        10384.70112000
 119        10517.27354000
 120        10650.30644000
 121        10784.00758000
 122        10918.27183000
 123        11053.09532000
 124        11188.47614000
 125        11324.52653000
 126        11461.01857000
 127        11598.06217000
 128        11735.77175000
 129        11874.03083000
 130        12012.83849000
 131        12152.19086000
 132        12292.08896000
 133        12432.52896000
 134        12573.50989000
 135        12715.15401000
 136        12857.33908000
 137        13000.06124000
 138        13143.31862000
 139        13287.11225000
 140        13431.43534000
 141        13576.42557000
 142        13721.80924000
 143        13867.85818000
 144        14014.43585000
 145        14161.54134000
 146        14309.31376000
 147        14457.46684000
 148        14606.28896000
 149        14755.63340000
 150        14905.49925000
 151        15056.03597000
 152        15206.94153000
 153        15358.51822000
 154        15510.61187000
 155        15663.37897000
 156        15816.50743000
 157        15970.30866000
 158        16124.62643000
 159        16279.45889000
 160        16434.96919000
 161        16590.82707000
 162        16747.36023000
 163        16904.40873000
 164        17062.13701000
 165        17220.37814000
 166        17379.13030000
 167        17538.39364000
 168        17698.16436000
 169        17858.61873000
 170        18019.58396000
 171        18181.23945000
 172        18343.22453000
 173        18505.89751000
 174        18669.07735000
 175        18832.95183000
 176        18997.33674000
 177        19162.23026000
 178        19327.63066000
 179        19493.73022000
 180        19660.33636000
 181        19827.45120000
 182        19995.26807000
 183        20163.59341000
 184        20332.42742000
 185        20501.97230000
 186        20672.02566000
 187        20842.58575000
 188        21013.85977000
 189        21185.64232000
 190        21357.93364000
 191        21530.94796000
 192        21704.46700000
 193        21878.49888000
 194        22053.25504000
 195        22228.52594000
 196        22404.30399000
 197        22580.81361000
 198        22757.83428000
 199        22935.59390000
 200        23113.86460000
 201        23292.65061000
 202        23472.17909000
 203        23652.22099000
 204        23832.77856000
 205        24014.08418000
 206        24195.90560000
 207        24378.24313000
 208        24561.33636000
 209        24745.19679000
 210        24929.32266000
 211        25114.21792000
 212        25299.87831000
 213        25486.06135000
 214        25672.76341000
 215        25860.24049000
 216        26048.24280000
 217        26236.76674000
 218        26426.07173000
 219        26615.90460000
 220        26806.52444000
 221        26997.67056000
 222        27189.61557000
 223        27382.08924000
 224        27575.08997000
 225        27768.89584000
 226        27963.22724000
 227        28158.37185000
 228        28354.05040000
 229        28550.26525000
 230        28747.29182000
 231        28944.85721000
 232        29143.24846000
 233        29342.17709000
 234        29541.93590000
 235        29742.23666000
 236        29943.08176000
 237        30144.76170000
 238        30347.28450000
 239        30550.35451000
 240        30753.97615000
 241        30958.44545000
 242        31163.46508000
 243        31369.03949000
 244        31575.47040000
 245        31782.76799000
 246        31990.62141000
 247        32199.03309000
 248        32408.32045000
 249        32618.16491000
 250        32828.89568000
 251        33040.18438000
 252        33252.36412000
 253        33465.10864000
 254        33678.74896000
 255        33892.95696000
 256        34107.73716000
 257        34323.42444000
 258        34539.68085000
 259        34756.84921000
 260        34974.93592000
 261        35193.26300000
 262        35412.85365000
 263        35632.68575000
 264        35853.79436000
 265        36075.13749000
 266        36297.41801000
 267        36520.63844000
 268        36744.45322000
 269        36969.21703000
 270        37194.57631000
 271        37420.53165000
 272        37647.44374000
 273        37874.95707000
 274        38103.44043000
 275        38332.88836000
 276        38562.57919000
 277        38793.61816000
 278        39024.89317000
 279        39257.52974000
 280        39490.40763000
 281        39724.27002000
 282        39959.13987000
 283        40194.61714000
 284        40431.11136000
 285        40668.22650000
 286        40905.96321000
 287        41144.71690000
 288        41384.49853000
 289        41624.91195000
 290        41865.95373000
 291        42108.03582000
 292        42351.15288000
 293        42594.91273000
 294        42839.30787000
 295        43084.75865000
 296        43330.85026000
 297        43578.00728000
 298        43825.80664000
 299        44074.68122000
 300        44324.20784000
 301        44574.81137000
 302        44826.06848000
 303        45078.41650000
 304        45331.42789000
 305        45585.52781000
 306        45840.30094000
 307        46095.73566000
 308        46352.28001000
 309        46609.93704000
 310        46868.26643000
 311        47127.27306000
 312        47387.40536000
 313        47648.66643000
 314        47910.61149000
 315        48173.24545000
 316        48437.01715000
 317        48701.49191000
 318        48967.10221000
 319        49233.88023000
 320        49500.88655000
 321        49769.52552000
 322        50038.86797000
 323        50308.91470000
 324        50580.14037000
 325        50852.08047000
 326        51124.72330000
 327        51399.04735000
 328        51673.59770000
 329        51949.35089000
 330        52226.31439000
 331        52504.00214000
 332        52782.90237000
 333        53062.53717000
 334        53342.90317000
 335        53624.49531000
 336        53907.31693000
 337        54190.37845000
 338        54475.19328000
 339        54760.74437000
 340        55047.04942000
 341        55334.60844000
 342        55622.91077000
 343        55912.49052000
 344        56202.82832000
 345        56494.43743000
 346        56786.81088000
 347        57080.46649000
 348        57374.88851000
 349        57670.61633000
 350        57967.10842000
 351        58264.37842000
 352        58562.95135000
 353        58862.84777000
 354        59163.51696000
 355        59464.98114000
 356        59767.77027000
 357        60071.89645000
 358        60376.81682000
 359        60682.53231000
 360        60989.59493000
 361        61297.46774000
 362        61606.69026000
 363        61916.72092000
 364        62228.11676000
 365        62540.33592000
 366        62853.92719000
 367        63168.33976000
 368        63483.56164000
 369        63800.19179000
 370        64118.20799000
 371        64437.06308000
 372        64756.74504000
 373        65077.84071000
 374        65400.35816000
 375        65723.71923000
 376        66047.91618000
 377        66373.54972000
 378        66700.02588000
 379        67027.95011000
 380        67356.73679000
 381        67686.36511000
 382        68018.06375000
 383        68350.01900000
 384        68683.44010000
 385        69018.34406000
 386        69354.11339000
 387        69690.75790000
 388        70028.89597000
 389        70367.91171000
 390        70708.41948000
 391        71049.82945000
 392        71392.74321000
 393        71736.54405000
 394        72081.87369000
 395        72428.09292000
 396        72775.84836000
 397        73124.51366000
 398        73474.07214000
 399        73825.17774000
 400        74177.19238000
 401        74530.77945000
 402        74885.92064000
 403        75241.33448000
 404        75598.98366000
 405        75956.89427000
 406        76316.38247000
 407        76677.47466000
 408        77039.49973000
 409        77403.12294000
 410        77767.69513000
 411        78133.20843000
 412        78500.33555000
 413        78868.41093000
 414        79238.12130000
 415        79608.77811000
 416        79981.08210000
 417        80354.34881000
 418        80729.27494000
 419        81105.15291000
 420        81482.00195000
 421        81860.52635000
 422        82240.01094000
 423        82621.18320000
 424        83003.34116000
 425        83387.18093000
 426        83772.01373000
 427        84158.54072000
 428        84546.06810000
 429        84935.31127000
 430        85325.55304000
 431        85716.79458000
 432        86109.75888000
 433        86503.73954000
 434        86899.46470000
 435        87296.20448000
 436        87694.68285000
 437        88094.19251000
 438        88494.71616000
 439        88897.01320000
 440        89301.09255000
 441        89706.19967000
 442        90112.34505000
 443        90520.27989000
 444        90929.26985000
 445        91340.06199000
 446        91751.89820000
 447        92164.77029000
 448        92579.47980000
 449        92996.00764000
 450        93413.59471000
 451        93832.26099000
 452        94252.75281000
 453        94674.31270000
 454        95096.96071000
 455        95521.45091000
 456        95947.83012000
 457        96375.28331000
 458        96803.81169000
 459        97234.23647000
 460        97665.75364000
 461        98099.16125000
 462        98533.66898000
 463        98970.08971000
 464        99407.61832000
 465        99846.23701000
 466       100286.79520000
 467       100728.46076000
 468       101172.06941000
 469       101616.79327000
 470       102063.47336000
 471       102511.27649000
 472       102960.22316000
 473       103411.11434000
 474       103863.98818000
 475       104318.02012000
 476       104773.17280000
 477       105229.47645000
 478       105687.77433000
 479       106148.06603000
 480       106609.54278000
 481       107072.14755000
 482       107536.78290000
 483       108002.60293000
 484       108470.42793000
 485       108939.43585000
 486       109410.50123000
 487       109882.72822000
 488       110356.15729000
 489       110831.62209000
 490       111308.29705000
 491       111787.05071000
 492       112266.98329000
 493       112749.01794000
 494       113232.23957000
 495       113716.67912000
 496       114203.21863000
 497       114690.97432000
 498       115180.83365000
 499       115671.93719000
 500       116165.16796000
 501       116659.61134000
 502       117155.28859000
 503       117653.10083000
 504       118152.15512000
 505       118653.37812000
 506       119155.84142000
 507       119659.54639000
 508       120165.42791000
 509       120673.49568000
 510       121182.82025000
 511       121693.41305000
 512       122206.21009000
 513       122720.27360000
 514       123235.59481000
 515       123753.13826000
 516       124272.91373000
 517       124793.00347000
 518       125316.31535000
 519       125839.94430000
 520       126365.81736000
 521       126893.95453000
 522       127423.40321000
 523       127954.13407000
 524       128487.13702000
 525       129021.47156000
 526       129558.10259000
 527       130096.04290000
 528       130635.28353000
 529       131176.83894000
 530       131719.71344000
 531       132264.92724000
 532       132811.45824000
 533       133360.33239000
 534       133910.53221000
 535       134462.09028000
 536       135015.98919000
 537       135571.25492000
 538       136128.88619000
 539       136687.85109000
 540       137248.19289000
 541       137810.91875000
 542       138375.01968000
 543       138941.48749000
 544       139509.35998000
 545       140079.63472000
 546       140651.30180000
 547       141224.32044000
 548       141799.79167000
 549       142377.71507000
 550       142955.96384000
 551       143536.67346000
 552       144119.84351000
 553       144704.43350000
 554       145290.41296000
 555       145878.87170000
 556       146468.73924000
 557       147061.10059000
 558       147654.89017000
 559       148250.09875000
 560       148847.82013000
 561       149446.98000000
 562       150048.65656000
 563       150651.76964000
 564       151257.42482000
 565       151864.53614000
 566       152473.10512000
 567       153084.22452000
 568       153696.78872000
 569       154311.92888000
 570       154928.55533000
 571       155546.63691000
 572       156167.29186000
 573       156789.43262000
 574       157414.19436000
 575       158040.41801000
 576       158669.26654000
 577       159298.48718000
 578       159931.45429000
 579       160565.92306000
 580       161201.92814000
 581       161839.40482000
 582       162479.54524000
 583       163122.33773000
 584       163766.66249000
 585       164412.49882000
 586       165061.02893000
 587       165711.06848000
 588       166362.66361000
 589       167016.93857000
 590       167672.77824000
 591       168331.30155000
 592       168991.39868000
 593       169654.20569000
 594       170318.58445000
 595       170984.52530000
 596       171653.19564000
 597       172323.45974000
 598       172996.47978000
 599       173671.04622000
 600       174347.21723000
 601       175026.17526000
 602       175706.69030000
 603       176390.01896000
 604       177074.94794000
 605       177762.68305000
 606       178452.02772000
 607       179142.97210000
 608       179836.74251000
 609       180532.13331000
 610       181230.36548000
 611       181930.21581000
 612       182631.68589000
 613       183336.00574000
 614       184041.97771000
 615       184750.82642000
 616       185461.31345000
 617       186173.44038000
 618       186888.47577000
 619       187605.14878000
 620       188324.74575000
 621       189045.98964000
 622       189770.17303000
 623       190496.01268000
 624       191223.53359000
 625       191953.99085000
 626       192686.12704000
 627       193421.22689000
 628       194158.02687000
 629       194896.49327000
 630       195637.95545000
 631       196381.14077000
 632       197127.29025000
 633       197875.14862000
 634       198624.72940000
 635       199377.31841000
 636       200131.61553000
 637       200888.94849000
 638       201648.02295000
 639       202410.13708000
 640       203173.95434000
 641       203939.52427000
 642       204708.20246000
 643       205478.57085000
 644       206250.70318000
 645       207025.91624000
 646       207804.26949000
 647       208584.33177000
 648       209366.17729000
 649       210149.80779000
 650       210937.88625000
 651       211726.40755000
 652       212518.06207000
 653       213311.49653000
 654       214108.05571000
 655       214906.45339000
 656       215706.61782000
 657       216510.00136000
 658       217316.51696000
 659       218123.48268000
 660       218935.02590000
 661       219746.99800000
 662       220562.17706000
 663       221380.57430000
 664       222199.42709000
 665       223022.86072000
 666       223846.77815000
 667       224673.91481000
 668       225504.30679000
 669       226335.13481000
 670       227170.67148000
 671       228006.62258000
 672       228847.27996000
 673       229688.38018000
 674       230532.75285000
 675       231379.05026000
 676       232228.63640000
 677       233080.08155000
 678       233934.88214000
 679       234791.55159000
 680       235650.14224000
 681       236512.05902000
 682       237375.88159000
 683       238243.07202000
 684       239112.17817000
 685       239983.20178000
 686       240857.58910000
 687       241733.92945000
 688       242613.67559000
 689       243495.30775000
 690       244380.38783000
 691       245265.92899000
 692       246156.36618000
 693       247048.76080000
 694       247943.08870000
 695       248839.40340000
 696       249739.15754000
 697       250642.38854000
 698       251546.08969000
 699       252454.73813000
 700       253363.88624000
 701       254276.53798000
 702       255192.67878000
 703       256110.82084000
 704       257030.96597000
 705       257953.08967000
 706       258880.26452000
 707       259807.92213000
 708       260739.16495000
 709       261672.38006000
 710       262609.19721000
 711       263547.99670000
 712       264490.41509000
 713       265434.85246000
 714       266381.31055000
 715       267331.40962000
 716       268283.53964000
 717       269239.27417000
 718       270197.04971000
 719       271156.89488000
 720       272120.39332000
 721       273085.91789000
 722       274055.13954000
 723       275026.42450000
 724       276001.36959000
 725       276978.41524000
 726       277957.53617000
 727       278940.36646000
 728       279925.28234000
 729       280913.89736000
 730       281904.66275000
 731       282897.49860000
 732       283894.08307000
 733       284892.74816000
 734       285895.20641000
 735       286899.75553000
 736       287906.45224000
 737       288916.90955000
 738       289931.22212000
 739       290945.94563000
 740       291966.15609000
 741       292986.83617000
 742       294011.34400000
 743       295038.03275000
 744       296068.53879000
 745       297102.81834000
 746       298137.68457000
 747       299176.33464000
 748       300218.94824000
 749       301263.63438000
 750       302310.59093000
 751       303361.36549000
 752       304414.42124000
 753       305469.59117000
 754       306528.71421000
 755       307591.80265000
 756       308655.32109000
 757       309724.52202000
 758       310794.18470000
 759       311867.86936000
 760       312945.44605000
 761       314025.29206000
 762       315107.38082000
 763       316193.44118000
 764       317281.72623000
 765       318372.35249000
 766       319466.88707000
 767       320565.51447000
 768       321664.58597000
 769       322769.47995000
 770       323874.87925000
 771       324984.34225000
 772       326097.82331000
 773       327213.66026000
 774       328331.70983000
 775       329453.91660000
 776       330578.37565000
 777       331705.20540000
 778       332836.04055000
 779       333971.03940000
 780       335108.34095000
 781       336248.00568000
 782       337390.03563000
 783       338537.90721000
 784       339686.42115000
 785       340838.99814000
 786       341994.02112000
 787       343153.09508000
 788       344314.65573000
 789       345480.28479000
 790       346648.38202000
 791       347818.77096000
 792       348993.48949000
 793       350170.45066000
 794       351351.75959000
 795       352535.41149000
 796       353721.46807000
 797       354911.74620000
 798       356106.31845000
 799       357303.28518000
 800       358502.67841000
 801       359704.50016000
 802       360910.64514000
 803       362121.00482000
 804       363333.90392000
 805       364549.13196000
 806       365768.81068000
 807       366990.85953000
 808       368215.37176000
 809       369444.29773000
 810       370677.49721000
 811       371913.21076000
 812       373151.34841000
 813       374393.96710000
 814       375638.95928000
 815       376886.51157000
 816       378138.44557000
 817       379394.80481000
 818       380651.70165000
 819       381915.05053000
 820       383178.84774000
 821       384447.22379000
 822       385720.00492000
 823       386995.29782000
 824       388273.13569000
 825       389555.49598000
 826       390840.34985000
 827       392127.73051000
 828       393421.58094000
 829       394716.11244000
 830       396015.08294000
 831       397316.63396000
 832       398622.73678000
 833       399931.43144000
 834       401244.66465000
 835       402560.50099000
 836       403878.91068000
 837       405201.88285000
 838       406527.53518000
 839       407857.67268000
 840       409190.53376000
 841       410525.86453000
 842       411865.96042000
 843       413210.57782000
 844       414557.94197000
 845       415907.82982000
 846       417262.42392000
 847       418619.64952000
 848       419979.57326000
 849       421344.09831000
 850       422713.39953000
 851       424083.28465000
 852       425459.93392000
 853       426837.13837000
 854       428219.18206000
 855       429605.84955000
 856       430995.32667000
 857       432387.38632000
 858       433784.32333000
 859       435183.85398000
 860       436588.24814000
 861       437995.28000000
 862       439407.16128000
 863       440821.72453000
 864       442239.03787000
 865       443661.19233000
 866       445086.04206000
 867       446515.78497000
 868       447948.20125000
 869       449383.45952000
 870       450823.50229000
 871       452268.47624000
 872       453714.03157000
 873       455166.68149000
 874       456619.91680000
 875       458078.11405000
 876       459541.15172000
 877       461007.07857000
 878       462475.72800000
 879       463949.37758000
 880       465425.76105000
 881       466907.19776000
 882       468391.37977000
 883       469880.60029000
 884       471372.57751000
 885       472867.44986000
 886       474367.28332000
 887       475869.98951000
 888       477377.67574000
 889       478888.28078000
 890       480403.91931000
 891       481922.35082000
 892       483443.74967000
 893       484970.10335000
 894       486501.63231000
 895       488033.81221000
 896       489573.31361000
 897       491113.43534000
 898       492658.72909000
 899       494209.06901000
 900       495762.38942000
 901       497318.55290000
 902       498879.96222000
 903       500444.19117000
 904       502013.68552000
 905       503586.01094000
 906       505161.41570000
 907       506741.90026000
 908       508327.65419000
 909       509916.26218000
 910       511507.93851000
 911       513104.73257000
 912       514704.60712000
 913       516307.38684000
 914       517915.52277000
 915       519528.81471000
 916       521145.14009000
 917       522764.50129000
 918       524389.07912000
 919       526016.70468000
 920       527649.63795000
 921       529285.63109000
 922       530926.84340000
 923       532568.85846000
 924       534218.44925000
 925       535871.23239000
 926       537526.92067000
 927       539188.05373000
 928       540852.17598000
 929       542521.76281000
 930       544194.38719000
 931       545870.12412000
 932       547551.16897000
 933       549235.37499000
 934       550924.94484000
 935       552620.11228000
 936       554315.88835000
 937       556017.20085000
 938       557723.87930000
 939       559433.82963000
 940       561146.79570000
 941       562865.30108000
 942       564589.21129000
 943       566314.07423000
 944       568046.73915000
 945       569780.13849000
 946       571519.12306000
 947       573263.63206000
 948       575011.35348000
 949       576762.13981000
 950       578518.66379000
 951       580280.63911000
 952       582043.47312000
 953       583814.22752000
 954       585585.92075000
 955       587363.09661000
 956       589145.99547000
 957       590932.08261000
 958       592721.39815000
 959       594516.31123000
 960       596317.02577000
 961       598118.38799000
 962       599927.98062000
 963       601738.33961000
 964       603554.45660000
 965       605376.19228000
 966       607201.32057000
 967       609029.57502000
 968       610863.66615000
 969       612703.53121000
 970       614544.17436000
 971       616393.09319000
 972       618242.79455000
 973       620098.34107000
 974       621959.63037000
 975       623824.28777000
 976       625694.66898000
 977       627565.99585000
 978       629445.53640000
 979       631328.50911000
 980       633214.83831000
 981       635107.01564000
 982       637002.52260000
 983       638901.40075000
 984       640808.65416000
 985       642716.87316000
 986       644630.86840000
 987       646548.41800000
 988       648471.68459000
 989       650401.03859000
 990       652331.20792000
 991       654269.92627000
 992       656209.42463000
 993       658154.96442000
 994       660106.48006000
 995       662061.44203000
 996       664022.40019000
 997       665984.22584000
 998       667954.65558000
 999       669928.51656000
1000       671905.89177000
1001       673889.26987000
1002       675876.13443000
1003       677869.10313000
1004       679865.53049000
1005       681865.41884000
1006       683871.39749000
1007       685883.60281000
1008       687899.16971000
1009       689918.34503000
1010       691943.61092000
1011       693972.41637000
1012       696007.41478000
1013       698045.80129000
1014       700090.64796000
1015       702138.73057000
1016       704190.62779000
1017       706248.51823000
1018       708312.82900000
1019       710380.64781000
1020       712451.97676000
1021       714529.58795000
1022       716610.80500000
1023       718698.24190000
1024       720789.29738000
1025       722886.76041000
1026       724987.60415000
1027       727094.96003000
1028       729205.79264000
1029       731320.35592000
1030       733441.12316000
1031       735565.71840000
1032       737696.45381000
1033       739833.76555000
1034       741971.93687000
1035       744119.18708000
1036       746267.38609000
1037       748424.69274000
1038       750583.03812000
1039       752747.67570000
1040       754918.87550000
1041       757093.71427000
1042       759272.27980000
1043       761457.35001000
1044       763648.76786000
1045       765844.10776000
1046       768042.94249000
1047       770248.49620000
1048       772457.64332000
1049       774673.35831000
1050       776892.85216000
1051       779116.04072000
1052       781348.72359000
1053       783582.30640000
1054       785822.41914000
1055       788069.07623000
1056       790319.63861000
1057       792573.93434000
1058       794834.88949000
1059       797099.50312000
1060       799370.97281000
1061       801646.11384000
1062       803927.95681000
1063       806213.57169000
1064       808505.90982000
1065       810802.03274000
1066       813105.07737000
1067       815411.65415000
1068       817722.29708000
1069       820039.62397000
1070       822363.73845000
1071       824691.58758000
1072       827023.53051000
1073       829362.02111000
1074       831704.52967000
1075       834053.78574000
1076       836406.98370000
1077       838766.95039000
1078       841130.96233000
1079       843501.67431000
1080       845876.35477000
1081       848257.93694000
1082       850643.32000000
1083       853032.86866000
1084       855429.07516000
1085       857832.31727000
1086       860239.47701000
1087       862650.64790000
1088       865068.60944000
1089       867493.74185000
1090       869919.75900000
1091       872355.65795000
1092       874792.62945000
1093       877239.69647000
1094       879687.65746000
1095       882145.55977000
1096       884604.54492000
1097       887070.68935000
1098       889543.54548000
1099       892020.77110000
1100       894504.91497000
1101       896993.25708000
1102       899485.33480000
1103       901984.82408000
1104       904491.27428000
1105       907001.85677000
1106       909516.48062000
1107       912038.18668000
1108       914564.13502000
1109       917097.09344000
1110       919634.21379000
1111       922178.45972000
1112       924726.97565000
1113       927282.54457000
1114       929842.20793000
1115       932409.13495000
1116       934980.35977000
1117       937558.68060000
1118       940141.12266000
1119       942730.87250000
1120       945324.85252000
1121       947922.96985000
1122       950528.32829000
1123       953140.94282000
1124       955757.91075000
1125       958378.94675000
1126       961007.36367000
1127       963643.08051000
1128       966280.05212000
1129       968927.37163000
1130       971579.08664000
1131       974234.71550000
1132       976898.08275000
1133       979565.66834000
1134       982240.52931000
1135       984919.71916000
1136       987606.20591000
1137       990297.13290000
1138       992995.47652000
1139       995698.17674000
1140       998408.31569000
1141      1001122.72682000
1142      1003841.41258000
1143      1006567.76280000
1144      1009301.49728000
1145      1012039.62986000
1146      1014785.26735000
1147      1017535.21776000
1148      1020289.58284000
1149      1023051.58117000
1150      1025821.02929000
1151      1028595.01688000
1152      1031373.24775000
1153      1034159.15666000
1154      1036949.32205000
1155      1039747.38828000
1156      1042552.86997000
1157      1045362.93381000
1158      1048177.28115000
1159      1050999.37407000
1160      1053825.96561000
1161      1056660.12353000
1162      1059498.89512000
1163      1062345.25522000
1164      1065196.14191000
1165      1068054.74062000
1166      1070917.77830000
1167      1073788.55019000
1168      1076663.97876000
1169      1079547.06214000
1170      1082434.81665000
1171      1085330.14575000
1172      1088230.16021000
1173      1091137.97644000
1174      1094050.18417000
1175      1096970.31872000
1176      1099895.06451000
1177      1102824.32118000
1178      1105761.53484000
1179      1108706.51423000
1180      1111656.23687000
1181      1114613.74762000
1182      1117575.91220000
1183      1120542.42110000
1184      1123517.16361000
1185      1126499.73878000
1186      1129486.99619000
1187      1132482.31789000
1188      1135482.12673000
1189      1138486.63489000
1190      1141499.13230000
1191      1144519.73986000
1192      1147544.86194000
1193      1150574.60628000
1194      1153612.38495000
1195      1156658.42532000
1196      1159705.69551000
1197      1162764.45265000
1198      1165827.87169000
1199      1168896.06167000
1200      1171972.24805000
1201      1175056.76630000
1202      1178145.86800000
1203      1181239.76937000
1204      1184341.71219000
1205      1187448.57628000
1206      1190563.39704000
1207      1193686.51220000
1208      1196814.46738000
1209      1199947.15773000
1210      1203088.06521000
1211      1206233.83008000
1212      1209387.72681000
1213      1212550.09624000
1214      1215717.24090000
1215      1218889.05464000
1216      1222069.26319000
1217      1225254.26369000
1218      1228447.68246000
1219      1231649.20764000
1220      1234855.87861000
1221      1238067.15098000
1222      1241286.99785000
1223      1244511.56964000
1224      1247744.62966000
1225      1250982.42844000
1226      1254228.84914000
1227      1257483.46630000
1228      1260743.17931000
1229      1264007.65915000
1230      1267280.80844000
1231      1270558.51644000
1232      1273845.02856000
1233      1277139.91626000
1234      1280439.83325000
1235      1283744.55916000
1236      1287058.02587000
1237      1290376.20370000
1238      1293703.14608000
1239      1297038.64518000
1240      1300379.10541000
1241      1303724.64214000
1242      1307078.54061000
1243      1310437.64288000
1244      1313805.24263000
1245      1317181.58201000
1246      1320562.92583000
1247      1323949.27680000
1248      1327344.28490000
1249      1330748.08011000
1250      1334153.13865000
1251      1337570.65959000
1252      1340993.22845000
1253      1344420.84797000
1254      1347857.19490000
1255      1351302.51498000
1256      1354752.68257000
1257      1358208.04483000
1258      1361675.87345000
1259      1365145.10902000
1260      1368623.14253000
1261      1372110.10589000
1262      1375602.07425000
1263      1379099.28200000
1264      1382605.21875000
1265      1386120.13296000
1266      1389640.19712000
1267      1393169.14623000
1268      1396703.37667000
1269      1400242.65777000
1270      1403794.71750000
1271      1407348.10096000
1272      1410910.65868000
1273      1414481.93757000
1274      1418058.66026000
1275      1421644.12713000
1276      1425235.05306000
1277      1428834.86442000
1278      1432440.03209000
1279      1436054.10855000
1280      1439673.55631000
1281      1443302.17396000
1282      1446935.94055000
1283      1450578.78192000
1284      1454227.02495000
1285      1457884.12791000
1286      1461550.58480000
1287      1465218.40876000
1288      1468899.30936000
1289      1472585.41392000
1290      1476277.08561000
1291      1479977.68713000
1292      1483683.75062000
1293      1487399.00833000
1294      1491123.47675000
1295      1494853.43472000
1296      1498588.76436000
1297      1502333.33637000
1298      1506087.04575000
1299      1509846.27501000
1300      1513610.78381000
1301      1517388.59065000
1302      1521167.81012000
1303      1524956.58828000
1304      1528754.45265000
1305      1532558.00524000
1306      1536370.66745000
1307      1540189.15646000
1308      1544016.77885000
1309      1547849.87434000
1310      1551692.37297000
1311      1555540.48332000
1312      1559397.89747000
1313      1563260.93866000
1314      1567133.18336000
1315      1571011.19440000
1316      1574898.55694000
1317      1578795.78562000
1318      1582698.18618000
1319      1586606.25987000
1320      1590523.73284000
1321      1594447.01960000
1322      1598379.72991000
1323      1602321.88003000
1324      1606269.87216000
1325      1610227.20248000
1326      1614190.51668000
1327      1618159.06167000
1328      1622141.49054000
1329      1626125.28548000
1330      1630118.97958000
1331      1634122.08297000
1332      1638131.09162000
1333      1642149.53331000
1334      1646174.02353000
1335      1650207.97091000
1336      1654251.64679000
1337      1658301.01674000
1338      1662356.21185000
1339      1666420.91141000
1340      1670491.57979000
1341      1674572.03364000
1342      1678662.28986000
1343      1682758.02847000
1344      1686863.85151000
1345      1690975.17157000
1346      1695092.50833000
1347      1699219.57471000
1348      1703356.77640000
1349      1707499.63470000
1350      1711652.13361000
1351      1715810.69391000
1352      1719978.91882000
1353      1724157.34671000
1354      1728337.47371000
1355      1732531.56248000
1356      1736731.49561000
1357      1740937.27616000
1358      1745152.92455000
1359      1749378.85219000
1360      1753610.39184000
1361      1757848.20534000
1362      1762095.67201000
1363      1766353.46890000
1364      1770616.90739000
1365      1774890.56899000
1366      1779170.28512000
1367      1783459.98429000
1368      1787755.48754000
1369      1792061.26436000
1370      1796377.06539000
1371      1800698.96501000
1372      1805026.83300000
1373      1809364.89144000
1374      1813708.79963000
1375      1818067.28565000
1376      1822427.41300000
1377      1826797.78044000
1378      1831178.67494000
1379      1835565.19232000
1380      1839962.26215000
1381      1844365.10453000
1382      1848778.52514000
1383      1853197.86901000
1384      1857627.68134000
1385      1862067.57160000
1386      1866513.68473000
1387      1870965.75149000
1388      1875428.47396000
1389      1879901.32328000
1390      1884380.42763000
1391      1888865.37923000
1392      1893365.34645000
1393      1897867.14726000
1394      1902383.58673000
1395      1906901.72792000
1396      1911434.95554000
1397      1915974.08513000
1398      1920519.81075000
1399      1925075.50883000
1400      1929642.02708000
1401      1934214.61615000
1402      1938793.55687000
1403      1943383.21355000
1404      1947983.04635000
1405      1952589.39919000
1406      1957206.09193000
1407      1961829.46131000
1408      1966463.05550000
1409      1971107.45174000
1410      1975757.99316000
1411      1980414.82314000
1412      1985082.63003000
1413      1989760.86819000
1414      1994445.28240000
1415      1999136.29958000
1416      2003842.34417000
1417      2008550.44937000
1418      2013273.33279000
1419      2018002.86186000
1420      2022738.75625000
1421      2027485.46555000
1422      2032238.27088000
1423      2037002.20173000
1424      2041776.70464000
1425      2046557.90356000
1426      2051349.69947000
1427      2056148.06464000
1428      2060957.05142000
1429      2065773.05542000
1430      2070599.56262000
1431      2075432.38344000
1432      2080276.30863000
1433      2085131.35642000
1434      2089992.60186000
1435      2094864.85064000
1436      2099743.60224000
1437      2104629.00537000
1438      2109529.97400000
1439      2114432.50495000
1440      2119350.92771000
1441      2124275.89866000
1442      2129207.42114000
1443      2134149.75736000
1444      2139103.51079000
1445      2144063.69809000
1446      2149035.03552000
1447      2154012.82237000
1448      2159001.78495000
1449      2163997.50779000
1450      2169004.28489000
1451      2174017.54298000
1452      2179042.47296000
1453      2184078.05580000
1454      2189120.59336000
1455      2194169.49516000
1456      2199234.73759000
1457      2204301.75037000
1458      2209384.54386000
1459      2214474.04083000
1460      2219570.39432000
1461      2224678.09742000
1462      2229796.86795000
1463      2234922.67497000
1464      2240054.92128000
1465      2245203.22723000
1466      2250353.48468000
1467      2255520.29031000
1468      2260688.75225000
1469      2265873.49673000
1470      2271065.03986000
1471      2276263.23328000
1472      2281477.46485000
1473      2286693.97876000
1474      2291922.01656000
1475      2297161.29127000
1476      2302412.58330000
1477      2307670.58398000
1478      2312934.99002000
1479      2318211.14284000
1480      2323499.06112000
1481      2328793.87344000
1482      2334095.27555000
1483      2339413.37831000
1484      2344738.25078000
1485      2350069.74140000
1486      2355412.92261000
1487      2360763.66593000
1488      2366130.12363000
1489      2371498.92996000
1490      2376879.16915000
1491      2382272.10276000
1492      2387671.09301000
1493      2393081.87085000
1494      2398504.76678000
1495      2403934.83878000
1496      2409371.30823000
1497      2414824.74647000
1498      2420280.10050000
1499      2425752.61770000
1500      2431227.05729000
1501      2436717.91061000
1502      2442215.84590000
1503      2447721.34035000
1504      2453238.45815000
1505      2458767.37471000
1506      2464303.24853000
1507      2469851.74007000
1508      2475411.44018000
1509      2480978.44461000
1510      2486553.07600000
1511      2492139.10736000
1512      2497737.19332000
1513      2503342.61828000
1514      2508960.12510000
1515      2514584.50793000
1516      2520221.15917000
1517      2525869.61586000
1518      2531525.78086000
1519      2537189.01535000
1520      2542863.92833000
1521      2548551.02075000
1522      2554250.95759000
1523      2559957.52165000
1524      2565671.20021000
1525      2571397.43625000
1526      2577135.92460000
1527      2582881.39523000
1528      2588639.30724000
1529      2594404.21745000
1530      2600181.75935000
1531      2605966.47920000
1532      2611763.20454000
1533      2617572.28035000
1534      2623389.38316000
1535      2629218.04408000
1536      2635054.09268000
1537      2640903.20417000
1538      2646763.91610000
1539      2652632.04613000
1540      2658512.95640000
1541      2664401.30280000
1542      2670301.63013000
1543      2676209.57547000
1544      2682129.85907000
1545      2688063.16390000
1546      2694003.28728000
1547      2699950.89701000
1548      2705916.29976000
1549      2711884.14349000
1550      2717869.31665000
1551      2723862.18788000
1552      2729862.25847000
1553      2735880.38864000
1554      2741900.98271000
1555      2747938.83407000
1556      2753984.09521000
1557      2760037.78127000
1558      2766103.32842000
1559      2772181.93599000
1560      2778267.64917000
1561      2784366.62017000
1562      2790473.05242000
1563      2796591.75259000
1564      2802723.75836000
1565      2808863.08527000
1566      2815009.90631000
1567      2821174.55176000
1568      2827347.57242000
1569      2833527.43413000
1570      2839720.51575000
1571      2845926.15112000
1572      2852139.85613000
1573      2858366.31371000
1574      2864600.17099000
1575      2870846.80687000
1576      2877102.06619000
1577      2883369.26901000
1578      2889649.98767000
1579      2895937.80616000
1580      2902239.34253000
1581      2908553.57636000
1582      2914875.28591000
1583      2921204.99590000
1584      2927553.20989000
1585      2933903.32631000
1586      2940272.50795000
1587      2946648.86271000
1588      2953033.44253000
1589      2959431.17678000
1590      2965841.38236000
1591      2972260.54807000
1592      2978691.86029000
1593      2985136.39125000
1594      2991588.85962000
1595      2998049.62238000
1596      3004528.95220000
1597      3011015.54401000
1598      3017510.10798000
1599      3024018.68357000
1600      3030539.87124000
1601      3037069.06293000
1602      3043611.24751000
1603      3050162.16627000
1604      3056726.10600000
1605      3063302.72716000
1606      3069888.11614000
1607      3076481.20450000
1608      3083093.09724000
1609      3089712.71580000
1610      3096340.42232000
1611      3102982.32784000
1612      3109636.65206000
1613      3116299.09544000
1614      3122975.42570000
1615      3129665.30168000
1616      3136363.32977000
1617      3143068.78873000
1618      3149793.97806000
1619      3156526.98824000
1620      3163267.45800000
1621      3170022.28435000
1622      3176790.75973000
1623      3183566.72431000
1624      3190356.36454000
1625      3197154.24068000
1626      3203966.55378000
1627      3210791.49128000
1628      3217625.06347000
1629      3224472.01968000
1630      3231327.62958000
1631      3238197.01974000
1632      3245079.47138000
1633      3251970.60954000
1634      3258875.57498000
1635      3265788.87648000
1636      3272715.29210000
1637      3279655.58120000
1638      3286605.35223000
1639      3293567.91147000
1640      3300538.85575000
1641      3307523.35763000
1642      3314522.55566000
1643      3321529.79827000
1644      3328550.64527000
1645      3335580.67686000
1646      3342623.59103000
1647      3349680.90601000
1648      3356746.31255000
1649      3363826.14950000
1650      3370914.09545000
1651      3378015.74651000
1652      3385131.87672000
1653      3392256.52480000
1654      3399395.30378000
1655      3406541.86056000
1656      3413702.95494000
1657      3420878.22773000
1658      3428061.68814000
1659      3435259.35492000
1660      3442465.22599000
1661      3449692.12256000
1662      3456920.45546000
1663      3464163.81630000
1664      3471420.69441000
1665      3478692.64158000
1666      3485972.47207000
1667      3493260.95645000
1668      3500569.46265000
1669      3507887.03720000
1670      3515212.91360000
1671      3522552.40578000
1672      3529907.46504000
1673      3537270.08327000
1674      3544647.13705000
1675      3552039.03436000
1676      3559439.68389000
1677      3566854.42961000
1678      3574277.55570000
1679      3581715.58443000
1680      3589168.14647000
1681      3596629.12074000
1682      3604104.26518000
1683      3611588.62150000
1684      3619087.56856000
1685      3626600.34068000
1686      3634122.35845000
1687      3641658.62143000
1688      3649204.54385000
1689      3656763.95154000
1690      3664338.44049000
1691      3671921.43848000
1692      3679519.94390000
1693      3687132.39370000
1694      3694753.78059000
1695      3702389.53486000
1696      3710035.03973000
1697      3717694.14481000
1698      3725368.06210000
1699      3733052.16457000
1700      3740749.51278000
1701      3748456.66677000
1702      3756177.89155000
1703      3763914.80855000
1704      3771659.96351000
1705      3779420.03807000
1706      3787188.76823000
1707      3794979.54213000
1708      3802771.89982000
1709      3810585.93937000
1710      3818408.27683000
1711      3826240.53270000
1712      3834087.00633000
1713      3841948.12071000
1714      3849824.70689000
1715      3857710.45052000
1716      3865611.29034000
1717      3873520.49148000
1718      3881445.22463000
1719      3889379.56090000
1720      3897328.23470000
1721      3905291.67283000
1722      3913270.71390000
1723      3921259.40783000
1724      3929256.52765000
1725      3937274.45074000
1726      3945296.89622000
1727      3953339.36175000
1728      3961391.12100000
1729      3969457.76858000
1730      3977534.96923000
1731      3985625.84644000
1732      3993732.90272000
1733      4001848.47574000
1734      4009980.25961000
1735      4018120.16145000
1736      4026282.34589000
1737      4034447.04520000
1738      4042634.06963000
1739      4050829.67252000
1740      4059034.69226000
1741      4067254.78182000
1742      4075490.79896000
1743      4083741.92564000
1744      4092002.09713000
1745      4100278.24704000
1746      4108563.88148000
1747      4116865.10449000
1748      4125181.09185000
1749      4133506.59620000
1750      4141848.16097000
1751      4150199.26308000
1752      4158564.76069000
1753      4166947.64293000
1754      4175338.39717000
1755      4183745.29300000
1756      4192167.50000000
1757      4200600.16378000
1758      4209047.31465000
1759      4217510.67924000
1760      4225983.25377000
1761      4234472.50184000
1762      4242970.12119000
1763      4251483.58617000
1764      4260012.91732000
1765      4268552.79984000
1766      4277107.28769000
1767      4285671.48441000
1768      4294257.81955000
1769      4302848.10844000
1770      4311459.71190000
1771      4320081.50668000
1772      4328718.43091000
1773      4337366.00055000
1774      4346028.72810000
1775      4354707.50213000
1776      4363396.52344000
1777      4372101.18625000
1778      4380815.24316000
1779      4389545.40652000
1780      4398292.13491000
1781      4407054.13528000
1782      4415826.01492000
1783      4424607.33888000
1784      4433412.02792000
1785      4442225.75149000
1786      4451049.39282000
1787      4459888.83032000
1788      4468745.40887000
1789      4477616.94034000
1790      4486498.88087000
1791      4495396.68674000
1792      4504304.92249000
1793      4513228.60891000
1794      4522169.09838000
1795      4531119.16370000
1796      4540086.06380000
1797      4549068.48190000
1798      4558061.40134000
1799      4567069.86655000
1800      4576089.74872000
1801      4585130.70116000
1802      4594175.80878000
1803      4603243.36946000
1804      4612322.40290000
1805      4621416.62909000
1806      4630520.54749000
1807      4639642.39080000
1808      4648779.02123000
1809      4657926.28057000
1810      4667089.70959000
1811      4676264.24196000
1812      4685460.51859000
1813      4694661.47362000
1814      4703884.21078000
1815      4713118.55977000
1816      4722368.26740000
1817      4731628.69709000
1818      4740904.96834000
1819      4750199.38644000
1820      4759502.27591000
1821      4768822.88686000
1822      4778159.86638000
1823      4787507.18182000
1824      4796871.35494000
1825      4806251.48572000
1826      4815642.44717000
1827      4825050.31749000
1828      4834474.65570000
1829      4843908.93674000
1830      4853360.63999000
1831      4862822.76889000
1832      4872301.42504000
1833      4881796.16337000
1834      4891302.75562000
1835      4900825.46030000
1836      4910364.76166000
1837      4919914.55739000
1838      4929481.91350000
1839      4939065.91724000
1840      4948659.51483000
1841      4958270.72482000
1842      4967899.10066000
1843      4977538.04189000
1844      4987193.23971000
1845      4996866.12480000
1846      5006550.08171000
1847      5016249.87287000
1848      5025960.28281000
1849      5035687.97103000
1850      5045433.90573000
1851      5055195.26744000
1852      5064968.24678000
1853      5074750.95149000
1854      5084558.65031000
1855      5094376.10395000
1856      5104210.96076000
1857      5114056.54295000
1858      5123919.55991000
1859      5133799.55480000
1860      5143689.83167000
1861      5153598.55265000
1862      5163523.34350000
1863      5173459.40960000
1864      5183412.05280000
1865      5193383.69800000
1866      5203365.21301000
1867      5213363.35403000
1868      5223372.82789000
1869      5233406.68896000
1870      5243451.43278000
1871      5253506.09512000
1872      5263578.91508000
1873      5273669.43017000
1874      5283777.17577000
1875      5293895.85928000
1876      5304031.31587000
1877      5314179.19205000
1878      5324342.89565000
1879      5334525.37439000
1880      5344724.69580000
1881      5354936.00498000
1882      5365164.67699000
1883      5375402.90625000
1884      5385659.99928000
1885      5395934.99692000
1886      5406220.56774000
1887      5416523.08800000
1888      5426845.04402000
1889      5437183.49750000
1890      5447533.56100000
1891      5457901.13904000
1892      5468279.85332000
1893      5478676.60836000
1894      5489090.43218000
1895      5499515.92440000
1896      5509959.51009000
1897      5520420.71249000
1898      5530893.12295000
1899      5541382.68060000
1900      5551891.90424000
1901      5562410.87226000
1902      5572948.03828000
1903      5583502.92234000
1904      5594077.05126000
1905      5604661.97471000
1906      5615257.19262000
1907      5625877.67088000
1908      5636509.98481000
1909      5647153.13100000
1910      5657821.60854000
1911      5668500.44245000
1912      5679198.66720000
1913      5689906.76009000
1914      5700634.27731000
1915      5711379.71922000
1916      5722136.07709000
1917      5732910.89813000
1918      5743703.69432000
1919      5754508.97137000
1920      5765330.72302000
1921      5776172.03389000
1922      5787023.81794000
1923      5797902.77703000
1924      5808784.65342000
1925      5819691.69696000
1926      5830610.80269000
1927      5841548.55344000
1928      5852497.35902000
1929      5863464.84111000
1930      5874449.98863000
1931      5885447.77484000
1932      5896463.25690000
1933      5907497.48986000
1934      5918549.97696000
1935      5929615.16011000
1936      5940698.11024000
1937      5951791.69831000
1938      5962905.16332000
1939      5974036.96606000
1940      5985180.48423000
1941      5996349.54109000
1942      6007523.69216000
1943      6018722.90117000
1944      6029933.35326000
1945      6041163.29480000
1946      6052412.74956000
1947      6063672.43269000
1948      6074951.13421000
1949      6086241.13316000
1950      6097558.98703000
1951      6108887.64408000
1952      6120226.57718000
1953      6131585.67206000
1954      6142963.89436000
1955      6154360.73572000
1956      6165768.42970000
1957      6177196.36623000
1958      6188643.50644000
1959      6200101.53399000
1960      6211578.79599000
1961      6223074.24679000
1962      6234590.57778000
1963      6246117.84516000
1964      6257656.58626000
1965      6269221.95520000
1966      6280799.36549000
1967      6292396.14096000
1968      6304004.44157000
1969      6315632.13937000
1970      6327278.71761000
1971      6338944.19691000
1972      6350621.79077000
1973      6362319.93899000
1974      6374035.96054000
1975      6385764.13392000
1976      6397511.83455000
1977      6409271.70880000
1978      6421057.98166000
1979      6432855.91608000
1980      6444666.06031000
1981      6456504.30825000
1982      6468352.61779000
1983      6480221.67694000
1984      6492101.35977000
1985      6504002.37444000
1986      6515922.00723000
1987      6527853.39251000
1988      6539811.96165000
1989      6551775.41946000
1990      6563766.10610000
1991      6575768.59718000
1992      6587790.35843000
1993      6599833.06767000
1994      6611885.95958000
1995      6623959.83300000
1996      6636054.15988000
1997      6648158.70009000
1998      6660284.28026000
1999      6672429.25895000
2000      6684586.14857000
2001      6696763.58085000
2002      6708959.34976000
2003      6721175.70536000
2004      6733405.69925000
2005      6745653.52143000
2006      6757915.00402000
2007      6770202.45099000
2008      6782496.59969000
2009      6794817.31626000
2010      6807149.50466000
2011      6819502.99026000
2012      6831876.67233000
2013      6844268.88138000
2014      6856674.30397000
2015      6869098.84669000
2016      6881537.75685000
2017      6893995.81982000
2018      6906473.05478000
2019      6918971.18377000
2020      6931482.03883000
2021      6944012.68659000
2022      6956563.71745000
2023      6969126.94247000
2024      6981710.58334000
2025      6994314.66287000
2026      7006929.82936000
2027      7019567.75441000
2028      7032223.88425000
2029      7044900.52881000
2030      7057590.60265000
2031      7070300.65170000
2032      7083023.57827000
2033      7095774.21168000
2034      7108537.17895000
2035      7121314.21515000
2036      7134117.29760000
2037      7146934.48312000
2038      7159771.77295000
2039      7172622.03281000
2040      7185500.16955000
2041      7198383.56268000
2042      7211294.29479000
2043      7224219.79597000
2044      7237164.92837000
2045      7250129.71134000
2046      7263115.91561000
2047      7276114.61546000
2048      7289134.18711000
2049      7302166.86014000
2050      7315219.85307000
2051      7328293.77393000
2052      7341388.05835000
2053      7354494.91066000
2054      7367623.92317000
2055      7380772.17635000
2056      7393933.62291000
2057      7407124.53944000
2058      7420320.24773000
2059      7433544.29004000
2060      7446781.58166000
2061      7460038.80609000
2062      7473318.95040000
2063      7486611.19698000
2064      7499922.83439000
2065      7513256.85705000
2066      7526612.09985000
2067      7539980.09028000
2068      7553369.33421000
2069      7566770.15050000
2070      7580202.56170000
2071      7593646.57743000
2072      7607102.79735000
2073      7620589.49330000
2074      7634089.62743000
2075      7647609.94851000
2076      7661143.72820000
2077      7674706.88814000
2078      7688282.93805000
2079      7701872.48562000
2080      7715490.27872000
2081      7729122.81223000
2082      7742776.26547000
2083      7756442.05996000
2084      7770137.41049000
2085      7783847.56297000
2086      7797569.48505000
2087      7811321.03786000
2088      7825086.21641000
2089      7838865.02630000
2090      7852672.93210000
2091      7866494.50291000
2092      7880335.95486000
2093      7894201.59462000
2094      7908078.48792000
2095      7921977.76714000
2096      7935898.22844000
2097      7949840.50857000
2098      7963796.54867000
2099      7977773.82618000
2100      7991763.65138000
2101      8005785.31501000
2102      8019819.56015000
2103      8033874.50070000
2104      8047945.13647000
2105      8062035.88126000
2106      8076147.99465000
2107      8090282.11976000
2108      8104431.38266000
2109      8118608.97439000
2110      8132792.33990000
2111      8147005.94585000
2112      8161232.87787000
2113      8175481.93659000
2114      8189751.89373000
2115      8204036.46533000
2116      8218344.47564000
2117      8232671.55717000
2118      8247022.12336000
2119      8261386.73612000
2120      8275772.35494000
2121      8290180.89083000
2122      8304602.88208000
2123      8319045.93203000
2124      8333513.22207000
2125      8348000.98394000
2126      8362502.25363000
2127      8377026.55854000
2128      8391573.92430000
2129      8406141.19898000
2130      8420723.30634000
2131      8435329.16993000
2132      8449946.70765000
2133      8464595.69004000
2134      8479258.28929000
2135      8493944.09100000
2136      8508642.89184000
2137      8523373.24572000
2138      8538115.98913000
2139      8552874.97382000
2140      8567663.66438000
2141      8582464.77753000
2142      8597289.87773000
2143      8612130.64172000
2144      8626999.27688000
2145      8641883.61022000
2146      8656790.08103000
2147      8671710.33620000
2148      8686662.43731000
2149      8701627.70879000
2150      8716606.80168000
2151      8731619.11707000
2152      8746643.99019000
2153      8761690.48321000
2154      8776752.80580000
2155      8791846.50943000
2156      8806952.81867000
2157      8822083.43707000
2158      8837228.64263000
2159      8852402.71597000
2160      8867592.71838000
2161      8882796.69086000
2162      8898032.22510000
2163      8913281.76273000
2164      8928554.44345000
2165      8943848.97345000
2166      8959160.18112000
2167      8974492.61254000
2168      8989846.94674000
2169      9005225.85003000
2170      9020620.17447000
2171      9036035.13345000
2172      9051474.06079000
2173      9066927.12229000
2174      9082404.18958000
2175      9097903.29223000
2176      9113426.44893000
2177      9128971.01845000
2178      9144532.46179000
2179      9160116.01832000
2180      9175712.46506000
2181      9191342.31030000
2182      9206987.75732000
2183      9222654.72332000
2184      9238336.64239000
2185      9254052.07423000
2186      9269779.80676000
2187      9285531.82233000
2188      9301298.17592000
2189      9317088.17537000
2190      9332910.48001000
2191      9348738.53272000
2192      9364597.58412000
2193      9380473.75368000
2194      9396372.32193000
2195      9412293.98801000
2196      9428229.42309000
2197      9444190.70789000
2198      9460174.46841000
2199      9476180.72493000
2200      9492202.84849000
2201      9508258.25128000
2202      9524317.43564000
2203      9540410.62953000
2204      9556518.38417000
2205      9572658.15656000
2206      9588804.47594000
2207      9604983.54613000
2208      9621175.85737000
2209      9637394.97876000
2210      9653636.11994000
2211      9669899.98889000
2212      9686180.59819000
2213      9702484.66027000
2214      9718811.50584000
2215      9735162.54011000
2216      9751530.37999000
2217      9767921.06051000
2218      9784333.90764000
2219      9800763.60329000
2220      9817227.09832000
2221      9833703.30656000
2222      9850196.40901000
2223      9866721.29769000
2224      9883262.42162000
2225      9899827.23944000
2226      9916415.77365000
2227      9933018.48504000
2228      9949656.61669000
2229      9966308.96107000
2230      9982975.52023000
2231      9999676.17774000
2232     10016393.19500000
2233     10033133.36409000
2234     10049896.70552000
2235     10066676.44785000
2236     10083481.51580000
2237     10100308.39867000
2238     10117161.36196000
2239     10134039.01674000
2240     10150930.31793000
2241     10167847.05383000
2242     10184788.54028000
2243     10201745.13078000
2244     10218725.79524000
2245     10235731.26936000
2246     10252761.57790000
2247     10269816.03118000
2248     10286885.66148000
2249     10303980.90123000
2250     10321098.19468000
2251     10338234.28708000
2252     10355393.90071000
2253     10372576.33757000
2254     10389785.21278000
2255     10407019.83536000
2256     10424268.30953000
2257     10441541.12418000
2258     10458839.02417000
2259     10476154.42161000
2260     10493492.05049000
2261     10510864.61918000
2262     10528244.21739000
2263     10545657.35677000
2264     10563085.89997000
2265     10580539.67381000
2266     10598018.70322000
2267     10615522.28472000
2268     10633042.05611000
2269     10650586.41425000
2270     10668155.38201000
2271     10685749.71352000
2272     10703360.29476000
2273     10720994.07925000
2274     10738656.21940000
2275     10756341.60998000
2276     10774041.84060000
2277     10791768.29004000
2278     10809520.98546000
2279     10827297.74322000
2280     10845089.39535000
2281     10862907.35408000
2282     10880751.64662000
2283     10898619.34099000
2284     10916512.67741000
2285     10934422.46113000
2286     10952358.66660000
2287     10970318.35047000
2288     10988294.52298000
2289     11006305.68018000
2290     11024333.36383000
2291     11042376.83488000
2292     11060454.62465000
2293     11078548.98233000
2294     11096677.71869000
2295     11114813.77718000
2296     11132985.01100000
2297     11151181.41952000
2298     11169393.72483000
2299     11187631.98976000
2300     11205885.42206000
2301     11224175.67425000
2302     11242481.88236000
2303     11260812.62883000
2304     11279168.68948000
2305     11297543.76506000
2306     11315952.03272000
2307     11334375.57244000
2308     11352826.02334000
2309     11371294.80154000
2310     11389795.35556000
2311     11408314.27358000
2312     11426858.67308000
2313     11445420.70516000
2314     11464016.13237000
2315     11482629.22889000
2316     11501267.89000000
2317     11519932.13892000
2318     11538613.33761000
2319     11557330.35780000
2320     11576065.13254000
2321     11594822.51229000
2322     11613599.20387000
2323     11632410.29238000
2324     11651238.42859000
2325     11670092.31922000
2326     11688963.28185000
2327     11707870.28889000
2328     11726793.63393000
2329     11745742.81689000
2330     11764718.63490000
2331     11783718.78975000
2332     11802739.21316000
2333     11821784.00892000
2334     11840855.52631000
2335     11859951.45829000
2336     11879067.73206000
2337     11898208.45599000
2338     11917374.42875000
2339     11936568.01297000
2340     11955790.01769000
2341     11975026.99192000
2342     11994288.51318000
2343     12013578.51767000
2344     12032887.44534000
2345     12052230.57557000
2346     12071588.74071000
2347     12090977.05485000
2348     12110390.04240000
2349     12129818.88848000
2350     12149286.00618000
2351     12168770.59697000
2352     12188281.51817000
2353     12207807.56438000
2354     12227371.20904000
2355     12246953.17959000
2356     12266559.97854000
2357     12286194.00660000
2358     12305845.61071000
2359     12325535.75869000
2360     12345239.54389000
2361     12364971.44099000
2362     12384720.97620000
2363     12404509.17415000
2364     12424311.05642000
2365     12444141.14112000
2366     12463998.65570000
2367     12483873.08863000
2368     12503784.73122000
2369     12523713.32815000
2370     12543669.44264000
2371     12563642.53476000
2372     12583652.14455000
2373     12603680.37835000
2374     12623734.60567000
2375     12643816.46276000
2376     12663925.97555000
2377     12684052.56141000
2378     12704206.03086000
2379     12724387.21806000
2380     12744595.33773000
2381     12764831.22555000
2382     12785084.26325000
2383     12805365.10680000
2384     12825672.96790000
2385     12846007.05521000
2386     12866361.61223000
2387     12886751.48003000
2388     12907159.40938000
2389     12927593.64713000
2390     12948047.60762000
2391     12968538.62138000
2392     12989046.94063000
2393     13009580.82939000
2394     13030146.06038000
2395     13050726.99544000
2396     13071345.94689000
2397     13091980.63260000
2398     13112645.93639000
2399     13133337.76242000
2400     13154046.18565000
2401     13174795.25092000
2402     13195560.12325000
2403     13216353.25502000
2404     13237162.21130000
2405     13258012.76216000
2406     13278879.17398000
2407     13299773.93409000
2408     13320694.57053000
2409     13341646.10352000
2410     13362614.38418000
2411     13383609.43201000
2412     13404643.79962000
2413     13425687.44486000
2414     13446767.95496000
2415     13467864.44693000
2416     13489001.21401000
2417     13510157.35528000
2418     13531340.42079000
2419     13552539.52233000
2420     13573778.17814000
2421     13595037.11606000
2422     13616323.06132000
2423     13637635.19118000
2424     13658966.80483000
2425     13680338.12616000
2426     13701727.28236000
2427     13723141.85574000
2428     13744588.64967000
2429     13766052.47242000
2430     13787552.75548000
2431     13809072.64826000
2432     13830623.16403000
2433     13852200.92506000
2434     13873794.08172000
2435     13895428.95181000
2436     13917082.66801000
2437     13938763.71137000
2438     13960472.10367000
2439     13982200.23984000
2440     14003968.53761000
2441     14025754.04849000
2442     14047566.13260000
2443     14069409.10990000
2444     14091271.92076000
2445     14113172.46257000
2446     14135089.42816000
2447     14157037.38337000
2448     14179014.63137000
2449     14201010.07149000
2450     14223042.51494000
2451     14245094.91571000
2452     14267178.43244000
2453     14289288.75630000
2454     14311416.48075000
2455     14333585.68941000
2456     14355773.20621000
2457     14377989.35028000
2458     14400232.40179000
2459     14422508.49010000
2460     14444801.20221000
2461     14467121.75287000
2462     14489483.13652000
2463     14511854.34180000
2464     14534263.80778000
2465     14556701.20957000
2466     14579158.83158000
2467     14601647.06280000
2468     14624163.29224000
2469     14646706.66098000
2470     14669270.31633000
2471     14691875.96120000
2472     14714499.28985000
2473     14737149.83905000
2474     14759831.16789000
2475     14782533.75984000
2476     14805274.07050000
2477     14828032.13728000
2478     14850821.07799000
2479     14873640.92192000
2480     14896478.56505000
2481     14919354.06055000
2482     14942252.73274000
2483     14965178.83719000
2484     14988135.07244000
2485     15011117.89023000
2486     15034124.85587000
2487     15057169.84522000
2488     15080233.65720000
2489     15103326.81963000
2490     15126440.62326000
2491     15149594.35259000
2492     15172766.96661000
2493     15195977.76786000
2494     15219212.89329000
2495     15242473.90531000
2496     15265755.66644000
2497     15289075.72286000
2498     15312420.18530000
2499     15335790.60969000
2500     15359192.44701000
2501     15382622.09934000
2502     15406074.42432000
2503     15429565.21511000
2504     15453076.90586000
2505     15476616.49368000
2506     15500189.46409000
2507     15523779.73989000
2508     15547410.44138000
2509     15571062.13160000
2510     15594743.65260000
2511     15618455.02906000
2512     15642196.28565000
2513     15665969.28056000
2514     15689759.68615000
2515     15713581.86961000
2516     15737434.02215000
2517     15761319.84874000
2518     15785230.17518000
2519     15809163.50850000
2520     15833137.62651000
2521     15857132.95424000
2522     15881154.69613000
2523     15905199.52099000
2524     15929285.24608000
2525     15953392.25041000
2526     15977536.51093000
2527     16001702.08706000
2528     16025899.76811000
2529     16050118.79800000
2530     16074375.18651000
2531     16098652.96029000
2532     16122961.07000000
2533     16147303.27403000
2534     16171672.13348000
2535     16196073.27352000
2536     16220495.89188000
2537     16244959.80273000
2538     16269439.60966000
2539     16293953.66701000
2540     16318500.13122000
2541     16343066.28680000
2542     16367670.11880000
2543     16392297.43914000
2544     16416957.26286000
2545     16441645.84609000
2546     16466366.98595000
2547     16491104.13651000
2548     16515888.57600000
2549     16540690.95315000
2550     16565524.08827000
2551     16590386.10926000
2552     16615284.63110000
2553     16640201.14734000
2554     16665159.46311000
2555     16690135.80323000
2556     16715146.84912000
2557     16740188.82150000
2558     16765261.74540000
2559     16790352.75050000
2560     16815489.55658000
2561     16840644.48066000
2562     16865832.35893000
2563     16891053.22157000
2564     16916290.32330000
2565     16941571.47089000
2566     16966872.72935000
2567     16992220.02831000
2568     17017583.62986000
2569     17042969.31202000
2570     17068397.27152000
2571     17093860.35116000
2572     17119337.85080000
2573     17144850.51096000
2574     17170394.49450000
2575     17195971.76460000
2576     17221578.47213000
2577     17247218.52001000
2578     17272878.88409000
2579     17298572.63241000
2580     17324295.90214000
2581     17350048.71332000
2582     17375836.93615000
2583     17401647.50968000
2584     17427498.84011000
2585     17453368.65134000
2586     17479273.97904000
2587     17505210.94146000
2588     17531179.56387000
2589     17557177.90938000
2590     17583202.66205000
2591     17609255.21284000
2592     17635341.47871000
2593     17661459.52106000
2594     17687609.36522000
2595     17713791.03649000
2596     17739993.32843000
2597     17766240.69925000
2598     17792508.73148000
2599     17818808.68223000
2600     17845140.57686000
2601     17871495.15844000
2602     17897891.01196000
2603     17924309.59322000
2604     17950771.49539000
2605     17977256.16964000
2606     18003772.93362000
2607     18030308.51360000
2608     18056889.52479000
2609     18083491.38289000
2610     18110138.74351000
2611     18136802.99092000
2612     18163503.46822000
2613     18190236.20332000
2614     18216991.87478000
2615     18243789.19691000
2616     18270605.47777000
2617     18297460.13457000
2618     18324345.15729000
2619     18351262.58076000
2620     18378210.41411000
2621     18405194.73197000
2622     18432200.12403000
2623     18459238.00896000
2624     18486319.83240000
2625     18513422.78643000
2626     18540546.87636000
2627     18567717.01696000
2628     18594919.78173000
2629     18622143.74240000
2630     18649400.36490000
2631     18676689.67482000
2632     18704013.73539000
2633     18731368.49873000
2634     18758758.06750000
2635     18786170.97824000
2636     18813626.15450000
2637     18841106.76057000
2638     18868614.08563000
2639     18896158.38978000
2640     18923724.07736000
2641     18951338.33113000
2642     18978967.84689000
2643     19006645.99732000
2644     19034345.61039000
2645     19062080.31442000
2646     19089846.01525000
2647     19117642.73322000
2648     19145467.17105000
2649     19173322.66749000
2650     19201222.90873000
2651     19229144.73524000
2652     19257099.76201000
2653     19285090.09000000
2654     19313102.05019000
2655     19341158.90794000
2656     19369237.43587000
2657     19397360.92653000
2658     19425508.20958000
2659     19453688.86699000
2660     19481905.01242000
2661     19510138.73742000
2662     19538419.66606000
2663     19566724.48125000
2664     19595074.48115000
2665     19623444.21917000
2666     19651849.59751000
2667     19680290.64747000
2668     19708753.57962000
2669     19737261.84988000
2670     19765787.82857000
2671     19794365.52684000
2672     19822965.18728000
2673     19851596.45642000
2674     19880261.46796000
2675     19908950.59676000
2676     19937685.28280000
2677     19966444.13161000
2678     19995246.48632000
2679     20024070.92335000
2680     20052931.37268000
2681     20081825.73972000
2682     20110754.05046000
2683     20139708.76951000
2684     20168702.91095000
2685     20197723.50269000
2686     20226778.13214000
2687     20255868.96235000
2688     20284989.60825000
2689     20314146.50698000
2690     20343339.69009000
2691     20372557.31367000
2692     20401818.86098000
2693     20431100.59473000
2694     20460418.71078000
2695     20489775.39252000
2696     20519162.06269000
2697     20548585.20265000
2698     20578030.76330000
2699     20607524.76997000
2700     20637039.07855000
2701     20666589.95878000
2702     20696177.44235000
2703     20725792.89473000
2704     20755449.33587000
2705     20785138.12754000
2706     20814853.82837000
2707     20844609.55560000
2708     20874392.23432000
2709     20904211.70253000
2710     20934065.81244000
2711     20963952.40884000
2712     20993873.69564000
2713     21023831.88423000
2714     21053814.97305000
2715     21083830.63578000
2716     21113895.32170000
2717     21143978.39741000
2718     21174102.89069000
2719     21204260.05916000
2720     21234440.04704000
2721     21264669.22321000
2722     21294931.14782000
2723     21325218.15390000
2724     21355540.14922000
2725     21385899.36772000
2726     21416289.21286000
2727     21446716.33382000
2728     21477180.76258000
2729     21507670.39439000
2730     21538205.09379000
2731     21568760.60109000
2732     21599353.51534000
2733     21629998.25562000
2734     21660661.63954000
2735     21691350.34079000
2736     21722084.28422000
2737     21752858.00999000
2738     21783654.89269000
2739     21814499.34968000
2740     21845364.76670000
2741     21876267.83905000
2742     21907206.35915000
2743     21938182.59508000
2744     21969192.09196000
2745     22000229.35940000
2746     22031309.93392000
2747     22062416.07649000
2748     22093557.81560000
2749     22124749.70585000
2750     22155964.98128000
2751     22187213.67975000
2752     22218490.30235000
2753     22249812.69001000
2754     22281170.83714000
2755     22312554.71799000
2756     22343972.13498000
2757     22375439.97609000
2758     22406931.34917000
2759     22438458.60444000
2760     22470013.96510000
2761     22501610.78548000
2762     22533248.11973000
2763     22564909.07410000
2764     22596620.69456000
2765     22628351.41107000
2766     22660122.75321000
2767     22691927.89675000
2768     22723773.73074000
2769     22755653.41944000
2770     22787566.98372000
2771     22819508.90202000
2772     22851499.46738000
2773     22883513.84355000
2774     22915564.48521000
2775     22947649.11615000
2776     22979774.67179000
2777     23011934.27013000
2778     23044132.54951000
2779     23076369.54247000
2780     23108623.54052000
2781     23140931.10002000
2782     23173264.95448000
2783     23205635.30880000
2784     23238042.18976000
2785     23270483.30184000
2786     23302963.31447000
2787     23335482.26027000
2788     23368035.51562000
2789     23400615.20808000
2790     23433239.47439000
2791     23465894.88541000
2792     23498584.69538000
2793     23531311.26319000
2794     23564076.95550000
2795     23596877.12147000
2796     23629716.46956000
2797     23662592.68683000
2798     23695493.18359000
2799     23728445.56247000
2800     23761419.91296000
2801     23794443.86375000
2802     23827494.52910000
2803     23860584.57238000
2804     23893709.30757000
2805     23926871.11709000
2806     23960057.35523000
2807     23993295.75255000
2808     24026558.62230000
2809     24059871.35780000
2810     24093210.97686000
2811     24126583.07943000
2812     24160009.89618000
2813     24193458.91193000
2814     24226937.26410000
2815     24260463.29884000
2816     24294024.31543000
2817     24327627.49020000
2818     24361255.33097000
2819     24394920.60770000
2820     24428636.11845000
2821     24462373.96225000
2822     24496154.10918000
2823     24529969.40729000
2824     24563824.67563000
2825     24597717.54631000
2826     24631632.83019000
2827     24665600.97779000
2828     24699596.38858000
2829     24733639.92553000
2830     24767713.18072000
2831     24801816.95609000
2832     24835963.33535000
2833     24870149.94070000
2834     24904374.38641000
2835     24938634.27876000
2836     24972934.48470000
2837     25007257.29676000
2838     25041633.36460000
2839     25076034.50373000
2840     25110476.06312000
2841     25144968.56220000
2842     25179481.32717000
2843     25214037.03300000
2844     25248630.84109000
2845     25283252.27223000
2846     25317924.80448000
2847     25352630.63480000
2848     25387364.15074000
2849     25422153.76481000
2850     25456966.21896000
2851     25491816.95611000
2852     25526703.54848000
2853     25561648.84971000
2854     25596604.05675000
2855     25631608.20297000
2856     25666653.23190000
2857     25701741.64213000
2858     25736848.09765000
2859     25772008.55638000
2860     25807199.43695000
2861     25842439.45929000
2862     25877705.00558000
2863     25913004.20215000
2864     25948351.94051000
2865     25983733.38394000
2866     26019155.99802000
2867     26054617.33076000
2868     26090101.81160000
2869     26125643.14438000
2870     26161220.79059000
2871     26196824.13341000
2872     26232471.30924000
2873     26268163.01519000
2874     26303885.47424000
2875     26339649.36323000
2876     26375452.21192000
2877     26411291.54191000
2878     26447159.20883000
2879     26483076.58246000
2880     26519035.53377000
2881     26555022.89345000
2882     26591060.06172000
2883     26627123.16507000
2884     26663241.17867000
2885     26699382.64998000
2886     26735565.86640000
2887     26771793.38812000
2888     26808055.14106000
2889     26844356.20157000
2890     26880683.33005000
2891     26917065.61605000
2892     26953487.29655000
2893     26989935.11056000
2894     27026438.19667000
2895     27062964.91844000
2896     27099531.13095000
2897     27136152.72611000
2898     27172800.56141000
2899     27209490.52578000
2900     27246214.99317000
2901     27282981.64499000
2902     27319777.16219000
2903     27356628.27745000
2904     27393513.99405000
2905     27430431.20760000
2906     27467393.87109000
2907     27504393.21254000
2908     27541440.63533000
2909     27578517.08613000
2910     27615633.41358000
2911     27652789.64542000
2912     27689985.80945000
2913     27727221.93341000
2914     27764503.21003000
2915     27801819.34141000
2916     27839164.64945000
2917     27876560.89016000
2918     27913988.94382000
2919     27951468.00014000
2920     27988976.32824000
2921     28026535.72483000
2922     28064124.43871000
2923     28101753.38470000
2924     28139422.59068000
2925     28177132.08450000
2926     28214884.50167000
2927     28252677.26666000
2928     28290505.18366000
2929     28328365.17702000
2930     28366281.75747000
2931     28404222.62228000
2932     28442220.14863000
2933     28480239.37418000
2934     28518320.58054000
2935     28556423.52336000
2936     28594569.67962000
2937     28632759.08362000
2938     28670989.13672000
2939     28709254.59671000
2940     28747566.02770000
2941     28785920.83107000
2942     28824311.11683000
2943     28862733.82696000
2944     28901208.35309000
2945     28939723.72433000
2946     28978266.29944000
2947     29016866.08984000
2948     29055493.13002000
2949     29094161.11729000
2950     29132867.42123000
2951     29171636.41130000
2952     29210430.08031000
2953     29249264.81298000
2954     29288137.97038000
2955     29327041.17820000
2956     29365996.58976000
2957     29404998.51994000
2958     29444038.98305000
2959     29483114.94836000
2960     29522237.90345000
2961     29561391.05144000
2962     29600596.60682000
2963     29639832.40123000
2964     29679112.24698000
2965     29718430.79754000
2966     29757812.65951000
2967     29797211.39564000
2968     29836656.99720000
2969     29876146.80614000
2970     29915675.45446000
2971     29955231.81720000
2972     29994846.32142000
2973     30034497.03543000
2974     30074200.23438000
2975     30113925.82040000
2976     30153709.70290000
2977     30193518.71798000
2978     30233372.20391000
2979     30273275.94141000
2980     30313213.02827000
2981     30353191.95659000
2982     30393218.20925000
2983     30433280.90975000
2984     30473388.26830000
2985     30513532.11833000
2986     30553723.41906000
2987     30593956.73558000
2988     30634232.09626000
2989     30674549.52945000
2990     30714897.81990000
2991     30755302.22503000
2992     30795746.04315000
2993     30836220.78838000
2994     30876751.75536000
2995     30917310.94483000
2996     30957909.63762000
2997     30998561.65545000
2998     31039261.76455000
2999     31079992.94506000
3000     31120766.50481000
3001     31161582.47228000
3002     31202438.10500000
3003     31243338.97111000
3004     31284285.10567000
3005     31325279.32127000
3006     31366293.65602000
3007     31407367.44907000
3008     31448481.06957000
3009     31489625.98508000
3010     31530830.47739000
3011     31572060.73894000
3012     31613350.65341000
3013     31654674.76055000
3014     31696047.42072000
3015     31737451.52094000
3016     31778898.45092000
3017     31820391.04320000
3018     31861937.91353000
3019     31903516.32225000
3020     31945140.49015000
3021     31986804.82687000
3022     32028512.16942000
3023     32070248.31696000
3024     32112044.56921000
3025     32153878.27430000
3026     32195760.74316000
3027     32237672.10673000
3028     32279646.56066000
3029     32321658.57324000
3030     32363702.37735000
3031     32405798.05764000
3032     32447928.40944000
3033     32490113.54009000
3034     32532330.55665000
3035     32574593.79006000
3036     32616917.60067000
3037     32659261.98784000
3038     32701652.68032000
3039     32744089.71359000
3040     32786570.26801000
3041     32829094.37235000
3042     32871662.05540000
3043     32914270.48413000
3044     32956934.00098000
3045     32999632.59744000
3046     33042377.75640000
3047     33085152.23675000
3048     33127984.87166000
3049     33170858.41618000
3050     33213764.21958000
3051     33256736.92559000
3052     33299733.30980000
3053     33342785.14987000
3054     33385869.34832000
3055     33429009.07063000
3056     33472181.19886000
3057     33515414.70567000
3058     33558674.88380000
3059     33601987.81899000
3060     33645339.05996000
3061     33688743.13116000
3062     33732182.65571000
3063     33775669.27094000
3064     33819197.19427000
3065     33862772.27076000
3066     33906388.70874000
3067     33950055.27834000
3068     33993763.26743000
3069     34037501.05047000
3070     34081297.78554000
3071     34125141.86588000
3072     34169027.47267000
3073     34212960.48733000
3074     34256923.40862000
3075     34300945.46863000
3076     34344997.47855000
3077     34389111.63887000
3078     34433267.49082000
3079     34477456.30097000
3080     34521698.54560000
3081     34565976.73967000
3082     34610305.56828000
3083     34654687.93635000
3084     34699100.43231000
3085     34743560.70685000
3086     34788074.61217000
3087     34832624.62919000
3088     34877216.59583000
3089     34921856.46679000
3090     34966550.21517000
3091     35011280.06592000
3092     35056051.97376000
3093     35100871.91182000
3094     35145739.91619000
3095     35190653.04296000
3096     35235611.32135000
3097     35280614.78057000
3098     35325666.43679000
3099     35370760.34767000
3100     35415902.51866000
3101     35461075.18637000
3102     35506307.98400000
3103     35551586.14256000
3104     35596888.86170000
3105     35642266.82730000
3106     35687681.23924000
3107     35733129.28668000
3108     35778634.67898000
3109     35824173.75513000
3110     35869773.25976000
3111     35915400.46717000
3112     35961091.19138000
3113     36006818.72259000
3114     36052603.81476000
3115     36098419.71899000
3116     36144278.33104000
3117     36190197.62927000
3118     36236150.83398000
3119     36282149.86336000
3120     36328212.73217000
3121     36374309.58960000
3122     36420449.32658000
3123     36466628.92051000
3124     36512860.57624000
3125     36559138.23783000
3126     36605476.92693000
3127     36651849.75047000
3128     36698271.72968000
3129     36744736.78289000
3130     36791241.87114000
3131     36837799.26491000
3132     36884402.87555000
3133     36931052.73256000
3134     36977751.93628000
3135     37024479.31738000
3136     37071271.16100000
3137     37118109.37380000
3138     37164993.98532000
3139     37211925.02512000
3140     37258902.52277000
3141     37305911.40328000
3142     37352978.80814000
3143     37400098.93891000
3144     37447271.83936000
3145     37494470.03169000
3146     37541729.99115000
3147     37589036.62033000
3148     37636374.79178000
3149     37683771.73552000
3150     37731218.54174000
3151     37778700.06760000
3152     37826249.81490000
3153     37873824.99794000
3154     37921462.25010000
3155     37969128.08379000
3156     38016859.17910000
3157     38064622.02077000
3158     38112450.20801000
3159     38160316.45072000
3160     38208238.73540000
3161     38256192.85996000
3162     38304203.08195000
3163     38352254.59730000
3164     38400350.14437000
3165     38448511.31931000
3166     38496701.30331000
3167     38544963.29277000
3168     38593247.83758000
3169     38641582.85401000
3170     38689980.54537000
3171     38738413.46245000
3172     38786890.63518000
3173     38835418.41313000
3174     38884009.02027000
3175     38932631.78838000
3176     38981302.09255000
3177     39030019.96264000
3178     39078803.98700000
3179     39127617.08849000
3180     39176481.02580000
3181     39225386.28793000
3182     39274352.00102000
3183     39323374.51950000
3184     39372429.40470000
3185     39421532.09976000
3186     39470685.82937000
3187     39519884.23634000
3188     39569127.34336000
3189     39618424.77920000
3190     39667792.06206000
3191     39717185.46907000
3192     39766626.90042000
3193     39816119.59781000
3194     39865653.95608000
3195     39915239.64038000
3196     39964876.68797000
3197     40014561.91475000
3198     40064301.79843000
3199     40114083.47851000
3200     40163913.42785000
3201     40213788.44537000
3202     40263733.81922000
3203     40313708.76427000
3204     40363735.33728000
3205     40413810.33474000
3206     40463940.27341000
3207     40514112.21492000
3208     40564329.42295000
3209     40614598.42159000
3210     40664919.24831000
3211     40715288.68500000
3212     40765706.76180000
3213     40816180.02976000
3214     40866688.95631000
3215     40917253.13432000
3216     40967869.34087000
3217     41018531.07296000
3218     41069244.89885000
3219     41120007.58091000
3220     41170819.14935000
3221     41221679.63437000
3222     41272589.06620000
3223     41323547.47504000
3224     41374558.17860000
3225     41425614.63464000
3226     41476723.45080000
3227     41527881.36988000
3228     41579081.82746000
3229     41630344.63783000
3230     41681653.34952000
3231     41733007.98542000
3232     41784411.87562000
3233     41835868.36011000
3234     41887367.54013000
3235     41938938.50549000
3236     41990549.67744000
3237     42042203.63094000
3238     42093907.02563000
3239     42145663.21640000
3240     42197465.58698000
3241     42249314.16028000
3242     42301218.95526000
3243     42353173.34821000
3244     42405184.04349000
3245     42457237.72854000
3246     42509341.10275000
3247     42561510.10402000
3248     42613709.60852000
3249     42665965.58733000
3250     42718271.38200000
3251     42770627.02296000
3252     42823039.25454000
3253     42875510.63788000
3254     42928016.01315000
3255     42980567.99215000
3256     43033176.69866000
3257     43085832.06987000
3258     43138556.86438000
3259     43191315.76998000
3260     43244131.55518000
3261     43296990.74768000
3262     43349912.76733000
3263     43402872.36899000
3264     43455885.60548000
3265     43508949.12536000
3266     43562075.62027000
3267     43615246.59293000
3268     43668461.15665000
3269     43721738.80263000
3270     43775054.21353000
3271     43828423.49598000
3272     43881855.97302000
3273     43935326.29640000
3274     43988863.29815000
3275     44042441.61695000
3276     44096073.03188000
3277     44149745.80979000
3278     44203472.69643000
3279     44257263.03339000
3280     44311091.40018000
3281     44364983.28897000
3282     44418929.43475000
3283     44472913.69202000
3284     44526961.58397000
3285     44581044.19846000
3286     44635193.95692000
3287     44689398.14374000
3288     44743633.67958000
3289     44797939.92496000
3290     44852281.01316000
3291     44906689.44269000
3292     44961149.01432000
3293     45015659.75882000
3294     45070205.43840000
3295     45124822.07885000
3296     45179486.52159000
3297     45234202.26042000
3298     45288976.27254000
3299     45343781.86969000
3300     45398655.15999000
3301     45453583.35570000
3302     45508559.52849000
3303     45563587.18754000
3304     45618662.87516000
3305     45673797.08790000
3306     45728989.87203000
3307     45784227.28884000
3308     45839516.35148000
3309     45894857.09084000
3310     45950249.53786000
3311     46005690.21691000
3312     46061202.57716000
3313     46116753.84957000
3314     46172363.98708000
3315     46228018.96872000
3316     46283725.84884000
3317     46339501.10486000
3318     46395308.35806000
3319     46451171.12469000
3320     46507102.38343000
3321     46563079.83069000
3322     46619102.30806000
3323     46675193.39904000
3324     46731320.15650000
3325     46787508.51976000
3326     46843739.67628000
3327     46900043.14948000
3328     46956378.83706000
3329     47012794.03029000
3330     47069254.48134000
3331     47125747.20893000
3332     47182308.89954000
3333     47238926.60045000
3334     47295580.20617000
3335     47352302.89675000
3336     47409081.70402000
3337     47465916.66692000
3338     47522800.67145000
3339     47579730.16186000
3340     47636719.48046000
3341     47693744.87265000
3342     47750839.62743000
3343     47807990.74050000
3344     47865214.90706000
3345     47922471.67209000
3346     47979777.70732000
3347     48037133.03611000
3348     48094548.48972000
3349     48152016.90460000
3350     48209538.31198000
3351     48267133.06431000
3352     48324767.78714000
3353     48382448.37525000
3354     48440195.19662000
3355     48497985.67729000
3356     48555846.09303000
3357     48613742.98357000
3358     48671709.88738000
3359     48729713.31300000
3360     48787797.73266000
3361     48845900.55294000
3362     48904084.45082000
3363     48962321.77423000
3364     49020608.90979000
3365     49078936.35572000
3366     49137334.13342000
3367     49195785.46212000
3368     49254294.02851000
3369     49312852.55603000
3370     49371468.38933000
3371     49430134.24127000
3372     49488857.46714000
3373     49547634.43774000
3374     49606465.18453000
3375     49665357.08667000
3376     49724308.71497000
3377     49783300.98948000
3378     49842347.16599000
3379     49901450.96047000
3380     49960625.66260000
3381     50019833.74715000
3382     50079116.50517000
3383     50138440.07793000
3384     50197831.02322000
3385     50257259.13545000
3386     50316758.39143000
3387     50376315.55983000
3388     50435906.26310000
3389     50495571.93947000
3390     50555291.92245000
3391     50615066.24360000
3392     50674894.93450000
3393     50734781.74863000
3394     50794719.27650000
3395     50854711.26892000
3396     50914761.48742000
3397     50974862.50647000
3398     51035025.55551000
3399     51095235.73039000
3400     51155504.26862000
3401     51215844.56880000
3402     51276226.21205000
3403     51336658.83498000
3404     51397163.33848000
3405     51457709.26455000
3406     51518327.15569000
3407     51578982.76832000
3408     51639710.42519000
3409     51700493.01643000
3410     51761330.57378000
3411     51822205.94800000
3412     51883153.52490000
3413     51944152.38740000
3414     52005221.45133000
3415     52066338.09407000
3416     52127506.11501000
3417     52188733.11094000
3418     52250015.33249000
3419     52311356.60346000
3420     52372766.62634000
3421     52434207.13139000
3422     52495721.97912000
3423     52557301.89777000
3424     52618916.16512000
3425     52680606.98057000
3426     52742335.99819000
3427     52804137.84058000
3428     52865974.11662000
3429     52927894.74910000
3430     52989867.19957000
3431     53051891.49176000
3432     53113975.30413000
3433     53176111.01657000
3434     53238306.31849000
3435     53300557.41445000
3436     53362860.49808000
3437     53425230.95727000
3438     53487649.62973000
3439     53550128.07055000
3440     53612676.03146000
3441     53675266.42800000
3442     53737908.99306000
3443     53800628.89919000
3444     53863401.04818000
3445     53926223.46606000
3446     53989111.77236000
3447     54052056.27782000
3448     54115043.41224000
3449     54178100.40696000
3450     54241217.57372000
3451     54304383.31435000
3452     54367620.93788000
3453     54430907.19944000
3454     54494249.89009000
3455     54557649.04193000
3456     54621122.22402000
3457     54684638.29853000
3458     54748207.03727000
3459     54811846.02487000
3460     54875539.69322000
3461     54939299.79455000
3462     55003116.60337000
3463     55066972.55924000
3464     55130902.87157000
3465     55194889.98790000
3466     55258937.86137000
3467     55323034.76125000
3468     55387200.33572000
3469     55451418.92477000
3470     55515694.48436000
3471     55580027.04671000
3472     55644416.64405000
3473     55708880.98082000
3474     55773384.75284000
3475     55837959.39871000
3476     55902589.31803000
3477     55967282.29966000
3478     56032018.76812000
3479     56096830.22300000
3480     56161698.99254000
3481     56226625.10904000
3482     56291600.67372000
3483     56356653.48055000
3484     56421751.83465000
3485     56486911.63897000
3486     56552124.98075000
3487     56617417.62689000
3488     56682750.07609000
3489     56748140.13660000
3490     56813597.67265000
3491     56879111.03682000
3492     56944691.95730000
3493     57010334.63102000
3494     57076013.26062000
3495     57141771.54570000
3496     57207587.69051000
3497     57273457.71982000
3498     57339381.65764000
3499     57405383.60770000
3500     57471449.40364000
