   1           19.20009000
   2           34.81067000
   3           50.56361000
   4           66.34911000
   5           82.14740000
   6           97.95215000
   7          113.76069000
   8          129.57172000
   9          145.38455000
  10          161.19871000
  11          177.01395000
  12          192.83005000
  13          208.64695000
  14          224.46456000
  15          240.28272000
  16          256.10151000
  17          271.92077000
  18          287.74059000
  19          303.56086000
  20          319.38162000
  21          335.20281000
  22          351.02442000
  23          366.84645000
  24          382.66895000
  25          398.49185000
  26          414.31510000
  27          430.13881000
  28          445.96290000
  29          461.78732000
  30          477.61223000
  31          493.43748000
  32          509.26309000
  33          525.08915000
  34          540.91548000
  35          556.74234000
  36          572.56943000
  37          588.39690000
  38          604.22484000
  39          620.05314000
  40          635.88180000
  41          651.71082000
  42          667.54012000
  43          683.36990000
  44          699.20010000
  45          715.03061000
  46          730.86143000
  47          746.69265000
  48          762.52421000
  49          778.35631000
  50          794.18858000
  51          810.02136000
  52          825.85421000
  53          841.68775000
  54          857.52156000
  55          873.35574000
  56          889.19038000
  57          905.02510000
  58          920.86033000
  59          936.69606000
  60          952.53198000
  61          968.36843000
  62          984.20499000
  63         1000.04216000
  64         1015.87955000
  65         1031.71733000
  66         1047.56620000
  67         1063.40475000
  68         1079.24382000
  69         1095.08307000
  70         1110.92307000
  71         1126.76314000
  72         1142.61504000
  73         1158.45615000
  74         1174.29751000
  75         1190.15106000
  76         1205.99342000
  77         1221.84815000
  78         1237.69139000
  79         1253.54741000
  80         1269.39160000
  81         1285.24889000
  82         1301.10655000
  83         1316.96527000
  84         1332.82451000
  85         1348.68457000
  86         1364.54527000
  87         1380.42032000
  88         1396.28250000
  89         1412.15949000
  90         1428.03755000
  91         1443.91652000
  92         1459.79632000
  93         1475.67713000
  94         1491.55913000
  95         1507.45721000
  96         1523.35650000
  97         1539.25692000
  98         1555.15914000
  99         1571.06245000
 100         1586.98284000
 101         1602.90493000
 102         1618.82854000
 103         1634.75376000
 104         1650.69724000
 105         1666.64284000
 106         1682.59019000
 107         1698.55631000
 108         1714.52497000
 109         1730.49566000
 110         1746.46864000
 111         1762.46147000
 112         1778.45706000
 113         1794.47301000
 114         1810.49206000
 115         1826.51382000
 116         1842.55691000
 117         1858.60319000
 118         1874.67149000
 119         1890.74345000
 120         1906.81868000
 121         1922.91675000
 122         1939.03795000
 123         1955.14386000
 124         1971.29289000
 125         1987.42698000
 126         2003.60472000
 127         2019.76707000
 128         2035.97482000
 129         2052.16714000
 130         2068.40544000
 131         2084.64930000
 132         2100.89865000
 133         2117.17428000
 134         2133.47716000
 135         2149.78608000
 136         2166.10097000
 137         2182.46506000
 138         2198.81437000
 139         2215.21445000
 140         2231.62136000
 141         2248.05734000
 142         2264.50039000
 143         2280.97391000
 144         2297.47818000
 145         2313.99033000
 146         2330.53356000
 147         2347.08479000
 148         2363.69140000
 149         2380.30710000
 150         2396.93170000
 151         2413.58927000
 152         2430.27989000
 153         2447.00466000
 154         2463.73915000
 155         2480.53278000
 156         2497.31232000
 157         2514.15136000
 158         2531.00158000
 159         2547.88809000
 160         2564.81102000
 161         2581.74534000
 162         2598.71659000
 163         2615.72578000
 164         2632.77307000
 165         2649.83266000
 166         2666.93143000
 167         2684.06870000
 168         2701.24612000
 169         2718.43693000
 170         2735.66824000
 171         2752.94020000
 172         2770.25327000
 173         2787.60840000
 174         2804.97822000
 175         2822.39025000
 176         2839.84542000
 177         2857.31527000
 178         2874.85756000
 179         2892.41575000
 180         2910.01828000
 181         2927.66562000
 182         2945.32948000
 183         2963.06808000
 184         2980.82403000
 185         2998.62671000
 186         3016.44648000
 187         3034.34350000
 188         3052.25798000
 189         3070.22113000
 190         3088.23294000
 191         3106.29377000
 192         3124.40408000
 193         3142.53361000
 194         3160.71348000
 195         3178.94442000
 196         3197.22662000
 197         3215.56000000
 198         3233.91408000
 199         3252.32050000
 200         3270.77977000
 201         3289.29228000
 202         3307.85851000
 203         3326.44635000
 204         3345.12141000
 205         3363.81876000
 206         3382.57153000
 207         3401.34730000
 208         3420.21165000
 209         3439.10035000
 210         3458.04550000
 211         3477.04828000
 212         3496.10843000
 213         3515.19301000
 214         3534.37042000
 215         3553.57293000
 216         3572.83517000
 217         3592.15705000
 218         3611.50411000
 219         3630.94718000
 220         3650.41684000
 221         3669.94772000
 222         3689.54055000
 223         3709.16063000
 224         3728.87894000
 225         3748.62495000
 226         3768.43425000
 227         3788.27212000
 228         3808.20957000
 229         3828.17595000
 230         3848.24439000
 231         3868.34206000
 232         3888.46891000
 233         3908.69874000
 234         3928.95916000
 235         3949.28629000
 236         3969.68177000
 237         3990.14544000
 238         4010.63924000
 239         4031.24015000
 240         4051.87264000
 241         4072.53692000
 242         4093.30928000
 243         4114.11370000
 244         4135.02814000
 245         4155.97520000
 246         4176.95478000
 247         4198.04581000
 248         4219.16998000
 249         4240.36786000
 250         4261.63949000
 251         4282.94474000
 252         4304.36371000
 253         4325.81756000
 254         4347.34649000
 255         4368.91107000
 256         4390.59146000
 257         4412.30772000
 258         4434.10011000
 259         4455.97000000
 260         4477.87641000
 261         4499.86066000
 262         4521.92313000
 263         4544.06420000
 264         4566.24299000
 265         4588.54256000
 266         4610.88042000
 267         4633.25609000
 268         4655.75466000
 269         4678.29183000
 270         4700.91104000
 271         4723.61185000
 272         4746.35168000
 273         4769.17347000
 274         4792.07900000
 275         4815.06841000
 276         4838.09749000
 277         4861.25553000
 278         4884.40914000
 279         4907.69216000
 280         4931.01694000
 281         4954.42674000
 282         4977.92296000
 283         5001.50586000
 284         5025.13070000
 285         5048.84314000
 286         5072.64351000
 287         5096.48660000
 288         5120.41804000
 289         5144.43822000
 290         5168.54877000
 291         5192.70268000
 292         5216.94628000
 293         5241.27971000
 294         5265.70533000
 295         5290.17521000
 296         5314.73671000
 297         5339.34352000
 298         5364.08905000
 299         5388.88100000
 300         5413.76614000
 301         5438.69727000
 302         5463.72247000
 303         5488.84107000
 304         5514.05567000
 305         5539.31720000
 306         5564.67375000
 307         5590.12636000
 308         5615.62582000
 309         5641.22280000
 310         5666.91666000
 311         5692.70853000
 312         5718.54857000
 313         5744.48612000
 314         5770.47313000
 315         5796.60933000
 316         5822.79456000
 317         5849.02997000
 318         5875.41477000
 319         5901.85039000
 320         5928.38703000
 321         5954.97387000
 322         5981.66253000
 323         6008.45248000
 324         6035.29428000
 325         6062.29018000
 326         6089.28636000
 327         6116.43750000
 328         6143.64021000
 329         6170.94757000
 330         6198.35994000
 331         6225.82545000
 332         6253.39622000
 333         6281.07180000
 334         6308.80135000
 335         6336.63763000
 336         6364.58096000
 337         6392.57859000
 338         6420.68245000
 339         6448.89575000
 340         6477.16365000
 341         6505.54023000
 342         6534.02589000
 343         6562.56621000
 344         6591.21736000
 345         6619.97898000
 346         6648.85105000
 347         6677.77937000
 348         6706.76358000
 349         6735.91523000
 350         6765.12375000
 351         6794.44492000
 352         6823.82381000
 353         6853.31476000
 354         6882.91991000
 355         6912.58359000
 356         6942.36144000
 357         6972.25401000
 358         7002.20468000
 359         7032.27124000
 360         7062.45395000
 361         7092.69556000
 362         7123.05371000
 363         7153.52871000
 364         7184.12185000
 365         7214.77493000
 366         7245.48812000
 367         7276.31995000
 368         7307.26969000
 369         7338.33975000
 370         7369.47121000
 371         7400.72213000
 372         7432.09323000
 373         7463.52566000
 374         7495.08034000
 375         7526.75600000
 376         7558.49423000
 377         7590.35467000
 378         7622.27714000
 379         7654.32343000
 380         7686.49285000
 381         7718.78624000
 382         7751.14312000
 383         7783.62321000
 384         7816.16881000
 385         7848.83934000
 386         7881.63569000
 387         7914.49602000
 388         7947.48210000
 389         7980.59611000
 390         8013.77542000
 391         8047.08266000
 392         8080.51685000
 393         8114.01616000
 394         8147.64434000
 395         8181.33929000
 396         8215.22676000
 397         8249.18005000
 398         8283.20005000
 399         8317.35137000
 400         8351.63272000
 401         8385.98209000
 402         8420.46261000
 403         8455.07435000
 404         8489.81902000
 405         8524.63236000
 406         8559.51429000
 407         8594.52946000
 408         8629.67727000
 409         8664.95948000
 410         8700.31178000
 411         8735.79875000
 412         8771.42086000
 413         8807.11259000
 414         8842.94036000
 415         8878.83914000
 416         8914.87429000
 417         8951.04709000
 418         8987.28976000
 419         9023.67106000
 420         9060.18967000
 421         9096.78074000
 422         9133.51061000
 423         9170.37906000
 424         9207.31888000
 425         9244.40073000
 426         9281.55394000
 427         9318.84890000
 428         9356.28374000
 429         9393.85956000
 430         9431.51000000
 431         9469.23405000
 432         9507.17006000
 433         9545.17889000
 434         9583.26209000
 435         9621.55785000
 436         9659.92921000
 437         9698.37548000
 438         9736.96645000
 439         9775.70164000
 440         9814.58316000
 441         9853.54038000
 442         9892.64378000
 443         9931.82361000
 444         9971.14860000
 445        10010.62363000
 446        10050.17458000
 447        10089.87369000
 448        10129.72074000
 449        10169.64386000
 450        10209.71822000
 451        10249.94147000
 452        10290.24250000
 453        10330.69457000
 454        10371.22407000
 455        10411.90516000
 456        10452.73739000
 457        10493.64887000
 458        10534.71177000
 459        10575.92663000
 460        10617.22264000
 461        10658.67221000
 462        10700.27416000
 463        10741.95669000
 464        10783.79268000
 465        10825.78454000
 466        10867.85773000
 467        10910.08588000
 468        10952.39649000
 469        10994.93469000
 470        11037.48231000
 471        11080.26168000
 472        11123.12404000
 473        11166.14400000
 474        11209.24468000
 475        11252.50474000
 476        11295.92379000
 477        11339.42582000
 478        11383.08732000
 479        11426.83172000
 480        11470.81270000
 481        11514.87959000
 482        11559.02951000
 483        11603.34094000
 484        11647.81236000
 485        11692.44756000
 486        11737.16887000
 487        11781.97451000
 488        11827.02148000
 489        11872.15196000
 490        11917.44848000
 491        11962.83139000
 492        12008.37836000
 493        12054.09048000
 494        12099.88758000
 495        12145.85190000
 496        12191.98314000
 497        12238.20209000
 498        12284.58741000
 499        12331.05936000
 500        12377.78064000
 501        12424.58821000
 502        12471.48654000
 503        12518.55125000
 504        12565.78459000
 505        12613.18943000
 506        12660.68369000
 507        12708.34743000
 508        12756.10104000
 509        12804.02472000
 510        12852.12144000
 511        12900.30690000
 512        12948.66604000
 513        12997.19743000
 514        13045.89939000
 515        13094.69436000
 516        13143.58159000
 517        13192.72506000
 518        13241.95890000
 519        13291.28515000
 520        13340.86910000
 521        13390.54656000
 522        13440.31697000
 523        13490.34624000
 524        13540.46781000
 525        13590.68433000
 526        13641.16252000
 527        13691.73357000
 528        13742.39987000
 529        13793.32464000
 530        13844.34731000
 531        13895.46419000
 532        13946.84559000
 533        13998.32225000
 534        14049.89194000
 535        14101.64567000
 536        14153.57863000
 537        14205.69383000
 538        14257.90402000
 539        14310.29586000
 540        14362.87272000
 541        14415.54511000
 542        14468.40196000
 543        14521.44161000
 544        14574.57726000
 545        14627.89859000
 546        14681.40544000
 547        14735.01069000
 548        14788.80102000
 549        14842.68888000
 550        14896.85238000
 551        14951.11475000
 552        15005.47544000
 553        15060.11338000
 554        15114.84912000
 555        15169.68572000
 556        15224.79960000
 557        15280.01384000
 558        15335.41674000
 559        15390.91917000
 560        15446.61519000
 561        15502.49940000
 562        15558.48581000
 563        15614.66354000
 564        15671.03068000
 565        15727.59274000
 566        15784.25768000
 567        15841.02317000
 568        15898.07323000
 569        15955.22520000
 570        16012.57127000
 571        16070.11323000
 572        16127.75809000
 573        16185.59848000
 574        16243.54100000
 575        16301.77407000
 576        16360.11083000
 577        16418.55077000
 578        16477.28131000
 579        16536.11461000
 580        16595.05801000
 581        16654.29017000
 582        16713.62813000
 583        16773.16423000
 584        16832.80541000
 585        16892.64735000
 586        16952.69004000
 587        17012.93346000
 588        17073.28498000
 589        17133.83482000
 590        17194.49411000
 591        17255.44960000
 592        17316.51317000
 593        17377.68642000
 594        17439.15390000
 595        17500.73279000
 596        17562.51546000
 597        17624.40786000
 598        17686.50477000
 599        17748.80512000
 600        17811.31205000
 601        17873.92988000
 602        17936.75402000
 603        17999.78556000
 604        18062.92503000
 605        18126.27371000
 606        18189.83057000
 607        18253.50118000
 608        18317.47422000
 609        18381.55849000
 610        18445.75789000
 611        18510.16594000
 612        18574.78378000
 613        18639.61257000
 614        18704.65008000
 615        18769.80395000
 616        18835.16845000
 617        18900.64764000
 618        18966.33950000
 619        19032.24405000
 620        19098.35899000
 621        19164.69130000
 622        19231.13842000
 623        19297.69984000
 624        19364.57640000
 625        19431.56587000
 626        19498.77338000
 627        19566.19663000
 628        19633.73681000
 629        19701.49368000
 630        19769.46616000
 631        19837.65770000
 632        19905.96651000
 633        19974.49429000
 634        20043.24235000
 635        20112.10583000
 636        20181.18907000
 637        20250.49363000
 638        20320.01820000
 639        20389.66230000
 640        20459.52502000
 641        20529.61123000
 642        20599.91986000
 643        20670.34847000
 644        20741.00057000
 645        20811.87236000
 646        20882.86858000
 647        20954.08805000
 648        21025.53215000
 649        21097.20092000
 650        21168.98826000
 651        21241.00390000
 652        21313.24677000
 653        21385.60998000
 654        21458.30581000
 655        21531.12055000
 656        21604.06320000
 657        21677.33582000
 658        21750.73353000
 659        21824.35946000
 660        21898.21248000
 661        21972.19398000
 662        22046.40345000
 663        22120.84388000
 664        22195.51532000
 665        22270.30762000
 666        22345.33633000
 667        22420.59581000
 668        22496.08760000
 669        22571.70664000
 670        22647.55504000
 671        22723.64131000
 672        22799.95969000
 673        22876.40763000
 674        22953.08899000
 675        23030.00262000
 676        23107.15403000
 677        23184.43581000
 678        23261.95239000
 679        23339.70702000
 680        23417.69534000
 681        23495.81601000
 682        23574.17454000
 683        23652.77097000
 684        23731.60697000
 685        23810.57056000
 686        23889.77633000
 687        23969.22148000
 688        24048.90942000
 689        24128.72699000
 690        24208.89425000
 691        24289.19375000
 692        24369.62731000
 693        24450.41376000
 694        24531.33058000
 695        24612.49044000
 696        24693.89576000
 697        24775.43426000
 698        24857.32810000
 699        24939.35667000
 700        25021.51478000
 701        25104.03507000
 702        25186.68764000
 703        25269.70166000
 704        25352.84954000
 705        25436.12963000
 706        25519.77270000
 707        25603.55077000
 708        25687.57817000
 709        25771.85682000
 710        25856.26675000
 711        25941.04228000
 712        26025.95758000
 713        26111.12215000
 714        26196.42407000
 715        26282.08975000
 716        26367.89568000
 717        26453.95266000
 718        26540.26461000
 719        26626.71499000
 720        26713.52985000
 721        26800.48608000
 722        26887.69918000
 723        26975.16726000
 724        27062.77288000
 725        27150.63403000
 726        27238.75322000
 727        27327.12929000
 728        27415.76231000
 729        27504.53605000
 730        27593.68172000
 731        27682.97326000
 732        27772.52163000
 733        27862.21414000
 734        27952.28246000
 735        28042.48928000
 736        28132.96248000
 737        28223.69456000
 738        28314.57213000
 739        28405.82624000
 740        28497.22656000
 741        28588.88688000
 742        28680.81469000
 743        28772.88283000
 744        28865.33698000
 745        28957.93219000
 746        29050.79612000
 747        29143.92320000
 748        29237.20082000
 749        29330.85865000
 750        29424.66336000
 751        29518.73460000
 752        29613.07801000
 753        29707.68456000
 754        29802.44315000
 755        29897.58848000
 756        29992.88002000
 757        30088.44617000
 758        30184.15675000
 759        30280.26055000
 760        30376.50965000
 761        30473.15607000
 762        30569.95122000
 763        30667.01880000
 764        30764.23698000
 765        30861.84824000
 766        30959.60875000
 767        31057.64894000
 768        31155.95917000
 769        31254.54683000
 770        31353.28049000
 771        31452.41819000
 772        31551.70791000
 773        31651.27510000
 774        31751.11480000
 775        31851.23715000
 776        31951.50449000
 777        32052.18215000
 778        32153.01095000
 779        32254.12247000
 780        32355.50910000
 781        32457.17476000
 782        32558.99989000
 783        32661.22492000
 784        32763.61324000
 785        32866.27661000
 786        32969.22436000
 787        33072.45119000
 788        33175.84076000
 789        33279.63654000
 790        33383.59227000
 791        33487.82714000
 792        33592.35188000
 793        33697.15717000
 794        33802.25126000
 795        33907.50461000
 796        34013.16690000
 797        34118.98955000
 798        34225.10663000
 799        34331.50429000
 800        34438.19379000
 801        34545.03763000
 802        34652.30532000
 803        34759.73129000
 804        34867.44918000
 805        34975.45621000
 806        35083.75118000
 807        35192.33672000
 808        35301.22035000
 809        35410.26724000
 810        35519.60041000
 811        35629.35691000
 812        35739.27770000
 813        35849.36702000
 814        35959.87548000
 815        36070.68248000
 816        36181.64754000
 817        36293.04576000
 818        36404.60313000
 819        36516.46522000
 820        36628.61686000
 821        36741.06910000
 822        36853.81537000
 823        36966.73544000
 824        37080.07964000
 825        37193.59755000
 826        37307.40687000
 827        37421.52282000
 828        37535.93475000
 829        37650.65545000
 830        37765.66908000
 831        37880.98721000
 832        37996.47324000
 833        38112.26820000
 834        38228.49567000
 835        38344.89603000
 836        38461.59457000
 837        38578.60049000
 838        38695.91594000
 839        38813.39708000
 840        38931.32179000
 841        39049.41069000
 842        39167.95171000
 843        39286.66142000
 844        39405.68100000
 845        39525.00373000
 846        39644.63520000
 847        39764.57811000
 848        39884.69584000
 849        40005.25920000
 850        40126.13651000
 851        40247.17668000
 852        40368.53894000
 853        40490.21164000
 854        40612.19839000
 855        40734.49218000
 856        40857.09892000
 857        40980.02127000
 858        41103.26168000
 859        41226.67582000
 860        41350.54528000
 861        41474.58702000
 862        41599.08590000
 863        41723.76920000
 864        41848.76355000
 865        41974.07639000
 866        42099.69909000
 867        42225.65295000
 868        42351.91815000
 869        42478.50599000
 870        42605.27008000
 871        42732.49457000
 872        42859.90023000
 873        42987.77198000
 874        43115.81964000
 875        43244.19415000
 876        43372.88276000
 877        43501.90363000
 878        43631.24393000
 879        43760.91158000
 880        43890.89882000
 881        44021.20840000
 882        44151.84693000
 883        44282.67218000
 884        44413.96226000
 885        44545.44299000
 886        44677.37972000
 887        44809.51231000
 888        44941.96885000
 889        45074.90375000
 890        45208.02091000
 891        45341.46101000
 892        45475.23906000
 893        45609.34565000
 894        45743.78506000
 895        45878.54899000
 896        46013.50570000
 897        46148.93558000
 898        46284.70294000
 899        46420.65574000
 900        46557.09403000
 901        46693.70779000
 902        46830.81318000
 903        46968.10372000
 904        47105.87660000
 905        47243.83882000
 906        47382.13789000
 907        47520.77203000
 908        47659.89847000
 909        47799.20957000
 910        47938.86368000
 911        48078.85200000
 912        48219.17784000
 913        48359.84380000
 914        48500.85777000
 915        48642.06007000
 916        48783.75219000
 917        48925.78695000
 918        49068.15775000
 919        49210.73496000
 920        49353.79388000
 921        49497.20177000
 922        49640.80083000
 923        49784.89756000
 924        49929.18655000
 925        50073.97729000
 926        50218.95541000
 927        50364.43464000
 928        50510.10705000
 929        50656.28722000
 930        50802.65438000
 931        50949.38111000
 932        51096.59106000
 933        51244.01325000
 934        51391.78080000
 935        51540.05309000
 936        51688.52657000
 937        51837.34447000
 938        51986.51423000
 939        52136.04477000
 940        52286.07150000
 941        52436.30918000
 942        52586.88667000
 943        52737.83177000
 944        52889.12820000
 945        53040.78117000
 946        53192.79080000
 947        53345.14571000
 948        53497.86899000
 949        53651.09583000
 950        53804.53340000
 951        53958.32297000
 952        54112.47392000
 953        54266.98348000
 954        54421.85587000
 955        54577.08592000
 956        54732.67906000
 957        54888.62352000
 958        55044.94321000
 959        55201.61559000
 960        55358.65694000
 961        55516.05655000
 962        55673.82428000
 963        55832.10562000
 964        55990.60266000
 965        56149.45833000
 966        56308.68936000
 967        56468.27251000
 968        56628.23243000
 969        56788.55696000
 970        56949.40696000
 971        57110.47248000
 972        57271.89612000
 973        57433.69729000
 974        57595.86358000
 975        57758.56252000
 976        57921.47103000
 977        58084.74382000
 978        58248.55124000
 979        58412.57968000
 980        58576.97384000
 981        58741.90245000
 982        58907.03910000
 983        59072.71186000
 984        59238.60550000
 985        59405.02881000
 986        59571.67295000
 987        59738.84621000
 988        59906.39329000
 989        60074.16711000
 990        60242.47194000
 991        60411.16204000
 992        60580.21810000
 993        60749.50807000
 994        60919.33011000
 995        61089.53800000
 996        61260.11945000
 997        61431.07970000
 998        61602.42726000
 999        61774.15492000
1000        61946.27545000
1001        62118.92380000
1002        62291.79790000
1003        62465.05995000
1004        62638.71551000
1005        62812.90621000
1006        62987.32359000
1007        63162.28201000
1008        63337.47456000
1009        63513.21627000
1010        63689.18454000
1011        63865.70254000
1012        64042.60131000
1013        64219.88957000
1014        64397.57975000
1015        64575.65203000
1016        64754.11986000
1017        64932.96896000
1018        65112.22163000
1019        65291.86351000
1020        65471.90153000
1021        65652.48552000
1022        65833.30168000
1023        66014.67900000
1024        66196.29634000
1025        66378.46759000
1026        66561.03609000
1027        66743.83761000
1028        66927.18583000
1029        67110.94664000
1030        67295.09811000
1031        67479.66162000
1032        67664.60891000
1033        67850.12581000
1034        68035.87667000
1035        68222.03305000
1036        68408.74644000
1037        68595.87321000
1038        68783.22467000
1039        68971.15669000
1040        69159.48058000
1041        69348.22589000
1042        69537.35586000
1043        69726.89929000
1044        69916.84322000
1045        70107.36908000
1046        70298.12768000
1047        70489.46888000
1048        70681.03429000
1049        70873.19131000
1050        71065.74891000
1051        71258.72244000
1052        71452.10441000
1053        71645.88640000
1054        71840.08555000
1055        72034.69347000
1056        72229.89489000
1057        72425.32083000
1058        72621.33226000
1059        72817.76188000
1060        73014.60906000
1061        73211.86602000
1062        73409.54082000
1063        73607.62485000
1064        73806.12772000
1065        74005.21933000
1066        74204.55897000
1067        74404.47984000
1068        74604.81890000
1069        74805.58593000
1070        75006.77221000
1071        75208.36961000
1072        75410.39471000
1073        75612.99392000
1074        75815.86679000
1075        76019.31495000
1076        76223.20010000
1077        76427.50567000
1078        76632.22263000
1079        76837.37779000
1080        77042.95372000
1081        77249.12359000
1082        77455.72329000
1083        77662.57033000
1084        77870.02137000
1085        78077.90268000
1086        78286.20573000
1087        78495.11335000
1088        78704.26837000
1089        78914.03795000
1090        79124.05542000
1091        79334.68751000
1092        79545.74227000
1093        79757.40311000
1094        79969.32142000
1095        80181.68059000
1096        80394.63834000
1097        80608.04661000
1098        80821.85979000
1099        81036.13344000
1100        81250.83085000
1101        81465.97036000
1102        81681.71946000
1103        81897.90156000
1104        82114.51777000
1105        82331.58627000
1106        82549.08867000
1107        82767.03441000
1108        82985.58186000
1109        83204.39602000
1110        83423.84117000
1111        83643.72108000
1112        83864.04535000
1113        84084.97283000
1114        84306.18637000
1115        84528.01369000
1116        84750.28621000
1117        84973.00408000
1118        85196.15728000
1119        85419.94546000
1120        85644.01010000
1121        85868.68056000
1122        86093.81701000
1123        86319.37976000
1124        86545.40923000
1125        86772.06565000
1126        86999.16921000
1127        87226.53944000
1128        87454.72820000
1129        87683.17347000
1130        87912.08690000
1131        88141.62926000
1132        88371.63000000
1133        88602.07903000
1134        88832.96586000
1135        89064.33233000
1136        89296.31910000
1137        89528.77564000
1138        89761.68133000
1139        89995.03601000
1140        90228.85069000
1141        90463.31870000
1142        90698.23658000
1143        90933.62566000
1144        91169.44331000
1145        91405.75397000
1146        91642.68782000
1147        91880.10458000
1148        92117.96133000
1149        92356.29041000
1150        92595.26572000
1151        92834.51883000
1152        93074.42954000
1153        93314.80279000
1154        93555.80145000
1155        93797.11127000
1156        94039.05814000
1157        94281.49060000
1158        94524.36417000
1159        94767.90935000
1160        95011.73266000
1161        95256.20581000
1162        95501.16580000
1163        95746.76518000
1164        95992.65412000
1165        96239.19430000
1166        96486.22238000
1167        96733.70979000
1168        96981.87268000
1169        97230.29647000
1170        97479.40215000
1171        97729.16719000
1172        97979.22231000
1173        98229.93734000
1174        98481.12476000
1175        98732.79634000
1176        98984.95235000
1177        99237.76377000
1178        99491.06621000
1179        99744.82400000
1180        99999.08501000
1181       100254.00878000
1182       100509.41852000
1183       100765.30223000
1184       101021.66628000
1185       101278.71260000
1186       101536.24583000
1187       101794.25994000
1188       102052.94549000
1189       102311.92207000
1190       102571.57659000
1191       102831.72524000
1192       103092.54677000
1193       103353.86309000
1194       103615.64941000
1195       103877.94312000
1196       104140.71939000
1197       104404.18296000
1198       104668.13603000
1199       104932.75846000
1200       105197.69098000
1201       105463.31887000
1202       105729.42410000
1203       105996.23216000
1204       106263.31235000
1205       106531.10867000
1206       106799.58293000
1207       107068.36179000
1208       107337.83230000
1209       107607.78843000
1210       107878.24922000
1211       108149.40958000
1212       108421.06238000
1213       108693.22118000
1214       108966.06788000
1215       109239.41387000
1216       109513.26662000
1217       109787.61949000
1218       110062.67477000
1219       110338.23077000
1220       110614.28132000
1221       110891.03486000
1222       111168.10766000
1223       111446.06697000
1224       111724.34588000
1225       112003.30968000
1226       112282.79597000
1227       112562.78456000
1228       112843.48664000
1229       113124.69158000
1230       113406.40022000
1231       113688.82285000
1232       113971.75614000
1233       114255.20021000
1234       114539.36034000
1235       114823.82011000
1236       115109.20122000
1237       115394.89587000
1238       115681.30816000
1239       115968.22533000
1240       116255.65567000
1241       116543.81876000
1242       116832.48736000
1243       117121.87579000
1244       117411.58558000
1245       117702.00182000
1246       117993.13811000
1247       118284.81109000
1248       118576.99078000
1249       118869.69995000
1250       119163.10995000
1251       119457.06422000
1252       119751.53351000
1253       120046.73426000
1254       120342.45055000
1255       120638.69130000
1256       120935.65589000
1257       121233.15996000
1258       121531.18030000
1259       121829.94248000
1260       122129.20695000
1261       122429.22086000
1262       122729.55750000
1263       123030.83236000
1264       123332.43017000
1265       123634.75776000
1266       123937.61804000
1267       124241.23183000
1268       124545.16070000
1269       124850.03124000
1270       125155.22643000
1271       125461.15919000
1272       125767.83969000
1273       126074.85186000
1274       126382.60422000
1275       126691.08232000
1276       126999.90734000
1277       127309.67867000
1278       127619.79047000
1279       127930.63622000
1280       128242.02093000
1281       128554.15569000
1282       128866.83692000
1283       129180.05633000
1284       129494.02859000
1285       129808.52415000
1286       130123.58251000
1287       130439.38640000
1288       130755.74690000
1289       131072.84520000
1290       131390.48512000
1291       131708.68073000
1292       132027.64130000
1293       132347.13379000
1294       132667.40095000
1295       132988.19351000
1296       133309.55194000
1297       133631.66878000
1298       133954.33629000
1299       134277.55460000
1300       134601.51649000
1301       134926.05470000
1302       135251.34444000
1303       135577.20416000
1304       135903.60694000
1305       136230.78049000
1306       136558.48133000
1307       136886.97919000
1308       137216.03029000
1309       137545.85404000
1310       137876.22237000
1311       138207.15584000
1312       138538.65050000
1313       138871.13015000
1314       139203.95371000
1315       139537.56175000
1316       139871.70826000
1317       140206.65687000
1318       140542.15167000
1319       140878.44242000
1320       141215.27984000
1321       141552.68530000
1322       141890.87625000
1323       142229.63360000
1324       142569.17006000
1325       142909.27350000
1326       143250.14960000
1327       143591.60056000
1328       143933.63870000
1329       144276.43850000
1330       144619.82615000
1331       144963.97867000
1332       145308.72710000
1333       145654.24863000
1334       146000.35941000
1335       146347.02973000
1336       146694.48672000
1337       147042.53120000
1338       147391.37078000
1339       147740.78098000
1340       148090.98720000
1341       148441.75706000
1342       148793.12599000
1343       149145.28199000
1344       149498.23585000
1345       149851.77220000
1346       150205.88365000
1347       150560.79136000
1348       150916.30304000
1349       151272.60437000
1350       151629.48951000
1351       151987.16798000
1352       152345.42788000
1353       152704.29334000
1354       153063.96095000
1355       153424.43131000
1356       153785.46891000
1357       154147.12111000
1358       154509.57724000
1359       154872.61961000
1360       155236.47753000
1361       155600.90375000
1362       155966.16497000
1363       156332.01355000
1364       156698.67959000
1365       157065.93355000
1366       157433.98717000
1367       157802.65894000
1368       158171.91928000
1369       158541.99927000
1370       158912.89953000
1371       159284.38154000
1372       159656.69249000
1373       160029.60469000
1374       160403.11827000
1375       160777.46559000
1376       161152.60551000
1377       161528.36702000
1378       161904.73110000
1379       162281.91944000
1380       162659.94413000
1381       163038.56098000
1382       163417.76211000
1383       163797.82026000
1384       164178.70511000
1385       164560.19474000
1386       164942.30092000
1387       165325.20362000
1388       165708.74310000
1389       166093.11131000
1390       166478.33252000
1391       166864.13651000
1392       167250.56279000
1393       167638.03946000
1394       168025.93542000
1395       168414.65083000
1396       168804.21024000
1397       169194.35761000
1398       169585.15745000
1399       169977.00312000
1400       170369.25719000
1401       170762.34525000
1402       171156.27202000
1403       171550.82886000
1404       171946.22109000
1405       172342.48642000
1406       172739.12410000
1407       173136.82867000
1408       173535.16497000
1409       173934.13755000
1410       174333.94808000
1411       174734.39554000
1412       175135.88789000
1413       175537.81183000
1414       175940.57538000
1415       176344.21730000
1416       176748.45965000
1417       177153.56033000
1418       177559.30858000
1419       177965.91157000
1420       178373.14163000
1421       178781.24026000
1422       179190.16077000
1423       179599.75668000
1424       180009.98081000
1425       180421.29137000
1426       180833.01493000
1427       181245.80455000
1428       181659.02898000
1429       182073.34223000
1430       182488.31226000
1431       182903.89924000
1432       183320.35175000
1433       183737.67375000
1434       184155.65387000
1435       184574.49602000
1436       184993.99701000
1437       185414.32524000
1438       185835.57980000
1439       186257.45341000
1440       186679.98722000
1441       187103.61726000
1442       187527.64053000
1443       187952.79726000
1444       188378.61586000
1445       188805.06870000
1446       189232.41625000
1447       189660.63118000
1448       190089.47262000
1449       190519.23296000
1450       190949.87621000
1451       191381.15545000
1452       191813.34685000
1453       192246.15193000
1454       192679.87876000
1455       193114.24257000
1456       193549.52066000
1457       193985.68495000
1458       194422.46396000
1459       194860.18207000
1460       195298.53850000
1461       195737.79740000
1462       196177.95943000
1463       196618.75194000
1464       197060.45714000
1465       197502.84623000
1466       197946.34653000
1467       198390.28097000
1468       198835.33380000
1469       199280.84470000
1470       199727.46898000
1471       200174.79458000
1472       200622.99829000
1473       201071.84994000
1474       201521.63455000
1475       201972.32893000
1476       202423.69630000
1477       202875.95904000
1478       203329.10886000
1479       203782.95682000
1480       204237.50983000
1481       204693.16722000
1482       205149.51514000
1483       205606.52940000
1484       206064.70523000
1485       206523.54150000
1486       206983.06963000
1487       207443.76826000
1488       207904.86419000
1489       208367.14073000
1490       208830.11083000
1491       209294.01458000
1492       209758.56471000
1493       210224.02433000
1494       210690.42803000
1495       211157.54324000
1496       211625.56241000
1497       212094.48596000
1498       212564.09692000
1499       213034.67097000
1500       213506.15082000
1501       213978.31187000
1502       214451.41227000
1503       214925.44367000
1504       215400.16633000
1505       215875.81337000
1506       216352.40203000
1507       216829.70721000
1508       217307.89576000
1509       217787.05331000
1510       218266.92867000
1511       218747.69764000
1512       219229.18500000
1513       219711.84393000
1514       220195.21320000
1515       220679.26009000
1516       221164.51464000
1517       221650.45557000
1518       222137.11737000
1519       222624.92812000
1520       223113.46987000
1521       223602.94372000
1522       224093.15755000
1523       224584.28691000
1524       225076.35799000
1525       225569.38987000
1526       226063.14601000
1527       226557.83704000
1528       227053.25302000
1529       227549.82368000
1530       228047.16513000
1531       228545.17921000
1532       229044.39470000
1533       229544.33727000
1534       230045.22668000
1535       230546.83512000
1536       231049.40057000
1537       231552.96002000
1538       232057.44135000
1539       232562.62439000
1540       233068.79415000
1541       233575.96039000
1542       234083.80199000
1543       234592.87093000
1544       235102.64344000
1545       235613.17559000
1546       236124.90007000
1547       236637.33846000
1548       237150.50959000
1549       237664.90289000
1550       238180.02056000
1551       238696.12181000
1552       239213.16936000
1553       239730.98973000
1554       240249.97882000
1555       240769.48190000
1556       241290.20239000
1557       241811.67853000
1558       242334.37366000
1559       242857.50699000
1560       243381.90856000
1561       243907.06757000
1562       244433.17727000
1563       244960.27713000
1564       245488.35822000
1565       246017.16871000
1566       246546.97088000
1567       247077.78517000
1568       247609.59253000
1569       248142.09158000
1570       248675.59403000
1571       249210.11094000
1572       249745.64311000
1573       250281.87766000
1574       250819.07836000
1575       251357.32568000
1576       251896.57034000
1577       252436.55904000
1578       252977.52554000
1579       253519.51124000
1580       254062.46616000
1581       254606.19672000
1582       255150.92757000
1583       255696.89354000
1584       256243.41334000
1585       256791.11820000
1586       257339.60080000
1587       257889.08633000
1588       258439.61731000
1589       258991.13156000
1590       259543.38473000
1591       260096.93005000
1592       260651.22498000
1593       261206.52614000
1594       261762.57739000
1595       262319.92551000
1596       262878.01307000
1597       263437.10885000
1598       263997.23498000
1599       264558.13464000
1600       265120.27024000
1601       265683.19004000
1602       266247.14248000
1603       266812.12827000
1604       267377.86780000
1605       267944.84629000
1606       268512.63309000
1607       269081.45545000
1608       269651.29189000
1609       270221.90597000
1610       270793.76206000
1611       271366.45120000
1612       271940.13404000
1613       272514.85584000
1614       273090.59474000
1615       273667.12630000
1616       274244.94611000
1617       274823.54695000
1618       275403.21239000
1619       275983.87476000
1620       276565.28629000
1621       277148.03511000
1622       277731.58999000
1623       278316.16652000
1624       278901.76517000
1625       279488.37636000
1626       280076.11371000
1627       280664.58954000
1628       281254.11271000
1629       281844.94629000
1630       282436.55614000
1631       283028.96245000
1632       283622.68121000
1633       284217.42667000
1634       284813.03116000
1635       285409.61565000
1636       286007.24182000
1637       286605.95447000
1638       287205.76835000
1639       287806.58793000
1640       288408.19757000
1641       289010.85163000
1642       289614.88415000
1643       290219.65946000
1644       290825.51551000
1645       291432.21249000
1646       292040.14832000
1647       292649.20156000
1648       293259.02335000
1649       293869.97839000
1650       294481.94361000
1651       295094.95879000
1652       295709.06983000
1653       296324.26729000
1654       296940.52682000
1655       297557.58222000
1656       298175.93184000
1657       298795.18941000
1658       299415.46048000
1659       300036.79608000
1660       300659.22223000
1661       301282.72944000
1662       301907.04536000
1663       302532.69584000
1664       303159.17127000
1665       303787.03448000
1666       304415.63581000
1667       305045.36809000
1668       305676.16981000
1669       306308.06762000
1670       306941.06219000
1671       307575.09138000
1672       308209.98557000
1673       308846.22139000
1674       309483.28662000
1675       310121.69489000
1676       310760.94976000
1677       311401.28920000
1678       312042.70333000
1679       312685.21948000
1680       313328.86520000
1681       313973.55008000
1682       314619.34916000
1683       315266.27985000
1684       315914.04438000
1685       316563.15889000
1686       317213.07032000
1687       317864.09874000
1688       318516.56154000
1689       319169.80543000
1690       319824.15785000
1691       320479.61943000
1692       321136.18038000
1693       321793.86215000
1694       322452.65496000
1695       323112.55942000
1696       323773.57615000
1697       324435.39355000
1698       325098.63639000
1699       325763.02162000
1700       326428.21922000
1701       327094.77758000
1702       327762.16680000
1703       328430.73968000
1704       329100.67553000
1705       329771.45410000
1706       330443.37940000
1707       331116.65923000
1708       331790.82246000
1709       332466.07643000
1710       333142.47974000
1711       333820.03316000
1712       334498.63916000
1713       335178.43627000
1714       335859.32668000
1715       336541.39927000
1716       337224.28956000
1717       337908.54062000
1718       338593.98647000
1719       339280.58778000
1720       339968.28553000
1721       340656.86239000
1722       341346.80346000
1723       342037.94308000
1724       342729.90303000
1725       343423.30012000
1726       344117.88759000
1727       344813.22507000
1728       345510.07355000
1729       346207.74403000
1730       346906.88642000
1731       347606.85148000
1732       348308.21796000
1733       349010.79033000
1734       349714.24829000
1735       350419.08961000
1736       351124.81732000
1737       351831.91892000
1738       352539.98094000
1739       353249.42888000
1740       353959.76508000
1741       354671.55145000
1742       355384.50818000
1743       356098.28071000
1744       356813.51629000
1745       357529.64249000
1746       358247.25484000
1747       358965.97673000
1748       359685.54789000
1749       360406.61828000
1750       361128.86408000
1751       361851.97105000
1752       362576.53695000
1753       363302.26946000
1754       364029.15788000
1755       364756.94159000
1756       365486.18735000
1757       366216.61288000
1758       366948.17517000
1759       367680.92899000
1760       368414.86436000
1761       369150.01515000
1762       369886.28229000
1763       370623.72207000
1764       371362.35647000
1765       372102.20901000
1766       372843.49821000
1767       373585.68847000
1768       374329.02066000
1769       375073.90374000
1770       375819.65541000
1771       376566.84707000
1772       377314.97606000
1773       378064.57002000
1774       378815.04450000
1775       379567.03044000
1776       380320.17354000
1777       381074.57799000
1778       381829.80844000
1779       382586.52963000
1780       383344.51448000
1781       384103.65917000
1782       384864.28666000
1783       385625.77667000
1784       386388.54405000
1785       387152.76130000
1786       387917.92359000
1787       388684.24859000
1788       389452.08572000
1789       390221.09755000
1790       390991.34526000
1791       391762.54059000
1792       392535.22634000
1793       393309.07814000
1794       394084.12168000
1795       394860.70487000
1796       395638.23854000
1797       396416.97663000
1798       397197.17335000
1799       397978.27462000
1800       398760.99305000
1801       399544.84510000
1802       400329.94141000
1803       401116.24577000
1804       401903.78505000
1805       402692.54430000
1806       403482.51330000
1807       404274.02162000
1808       405066.44933000
1809       405860.36980000
1810       406655.22103000
1811       407451.69022000
1812       408249.29754000
1813       409048.15665000
1814       409848.47444000
1815       410649.83941000
1816       411452.42024000
1817       412256.47246000
1818       413061.81840000
1819       413868.03921000
1820       414675.85948000
1821       415484.85991000
1822       416295.45122000
1823       417106.96846000
1824       417919.69537000
1825       418733.98757000
1826       419549.50155000
1827       420366.31630000
1828       421184.35407000
1829       422003.56511000
1830       422824.08967000
1831       423646.17404000
1832       424469.18801000
1833       425293.76331000
1834       426119.59432000
1835       426946.66305000
1836       427774.95923000
1837       428604.86037000
1838       429435.73402000
1839       430268.13385000
1840       431101.71232000
1841       431936.61291000
1842       432772.82587000
1843       433610.27050000
1844       434449.28589000
1845       435289.48244000
1846       436130.74812000
1847       436973.54581000
1848       437817.87633000
1849       438663.18477000
1850       439509.80099000
1851       440357.96287000
1852       441207.36147000
1853       442058.08088000
1854       442910.12208000
1855       443763.60654000
1856       444618.42487000
1857       445474.26734000
1858       446331.69225000
1859       447190.65818000
1860       448050.51181000
1861       448912.08875000
1862       449774.60757000
1863       450638.71283000
1864       451504.36266000
1865       452371.03091000
1866       453239.25567000
1867       454108.51061000
1868       454979.31273000
1869       455851.79350000
1870       456725.12149000
1871       457600.14049000
1872       458476.14897000
1873       459353.75219000
1874       460232.95124000
1875       461113.08652000
1876       461994.82950000
1877       462877.95622000
1878       463762.33433000
1879       464648.00866000
1880       465535.22819000
1881       466423.89038000
1882       467313.76130000
1883       468204.97610000
1884       469097.44526000
1885       469991.60949000
1886       470886.97350000
1887       471783.69490000
1888       472682.06903000
1889       473581.44106000
1890       474482.42180000
1891       475384.65021000
1892       476288.59151000
1893       477193.48650000
1894       478100.03957000
1895       479007.89945000
1896       479917.36246000
1897       480828.14414000
1898       481739.97450000
1899       482653.72762000
1900       483568.53088000
1901       484484.84720000
1902       485402.57939000
1903       486321.62344000
1904       487242.07473000
1905       488164.05204000
1906       489087.38016000
1907       490012.03311000
1908       490938.40501000
1909       491865.73642000
1910       492794.74059000
1911       493725.31187000
1912       494656.99885000
1913       495590.31312000
1914       496524.94626000
1915       497461.30565000
1916       498398.87753000
1917       499337.82931000
1918       500278.15133000
1919       501219.84441000
1920       502163.17034000
1921       503107.80915000
1922       504054.09272000
1923       505001.84969000
1924       505950.88244000
1925       506901.24092000
1926       507853.22649000
1927       508806.64958000
1928       509761.40040000
1929       510717.47935000
1930       511675.24932000
1931       512634.45001000
1932       513595.18155000
1933       514557.35573000
1934       515520.86134000
1935       516485.80097000
1936       517452.33501000
1937       518420.19188000
1938       519389.49548000
1939       520360.49844000
1940       521332.83667000
1941       522306.56234000
1942       523281.92795000
1943       524258.69277000
1944       525236.84725000
1945       526216.65425000
1946       527197.90487000
1947       528180.43223000
1948       529164.67710000
1949       530150.31531000
1950       531137.40052000
1951       532126.09001000
1952       533116.16483000
1953       534107.64599000
1954       535100.83998000
1955       536095.43186000
1956       537091.36855000
1957       538088.95669000
1958       539088.06264000
1959       540088.46127000
1960       541090.63214000
1961       542094.15093000
1962       543099.37961000
1963       544105.70463000
1964       545114.06885000
1965       546123.46576000
1966       547134.64097000
1967       548147.15761000
1968       549161.40955000
1969       550177.12485000
1970       551194.45652000
1971       552212.93440000
1972       553233.45995000
1973       554255.01167000
1974       555278.35983000
1975       556303.06418000
1976       557329.50084000
1977       558357.40761000
1978       559386.60585000
1979       560417.60544000
1980       561450.34108000
1981       562484.23005000
1982       563519.79976000
1983       564557.04102000
1984       565595.44724000
1985       566635.65117000
1986       567677.53899000
1987       568720.84773000
1988       569765.51028000
1989       570812.04232000
1990       571859.93945000
1991       572909.58221000
1992       573960.64944000
1993       575013.13193000
1994       576067.37233000
1995       577123.03920000
1996       578180.51502000
1997       579239.41902000
1998       580299.94667000
1999       581362.03196000
2000       582425.60694000
2001       583490.81719000
2002       584557.51854000
2003       585625.58236000
2004       586695.85681000
2005       587767.24094000
2006       588840.32347000
2007       589914.90136000
2008       590991.23018000
2009       592069.00504000
2010       593148.54208000
2011       594229.51690000
2012       595311.99128000
2013       596396.23044000
2014       597482.16436000
2015       598569.60990000
2016       599658.55847000
2017       600749.27539000
2018       601841.43510000
2019       602934.96640000
2020       604030.72913000
2021       605127.61001000
2022       606226.26336000
2023       607326.69020000
2024       608428.55456000
2025       609531.93875000
2026       610637.03565000
2027       611743.77133000
2028       612852.15800000
2029       613961.98550000
2030       615073.66519000
2031       616186.92447000
2032       617301.83693000
2033       618418.33076000
2034       619536.46950000
2035       620656.26519000
2036       621777.78093000
2037       622900.81729000
2038       624025.31008000
2039       625151.58062000
2040       626279.71338000
2041       627409.30475000
2042       628540.68566000
2043       629673.65787000
2044       630807.94990000
2045       631944.17468000
2046       633082.19248000
2047       634221.80561000
2048       635362.81574000
2049       636505.68784000
2050       637650.28059000
2051       638796.48132000
2052       639944.48017000
2053       641093.94571000
2054       642245.01320000
2055       643397.73727000
2056       644552.40662000
2057       645708.54535000
2058       646866.62307000
2059       648026.10357000
2060       649187.37977000
2061       650350.27354000
2062       651515.04246000
2063       652681.21611000
2064       653849.26654000
2065       655018.78282000
2066       656190.25584000
2067       657363.13552000
2068       658537.96543000
2069       659714.60772000
2070       660892.71946000
2071       662072.72355000
2072       663254.20694000
2073       664437.31074000
2074       665622.56663000
2075       666808.95947000
2076       667997.58538000
2077       669187.42868000
2078       670379.49906000
2079       671573.05355000
2080       672768.01249000
2081       673965.08803000
2082       675163.91500000
2083       676364.22847000
2084       677566.43831000
2085       678770.53745000
2086       679975.86818000
2087       681183.36357000
2088       682392.42144000
2089       683603.45385000
2090       684815.90449000
2091       686030.25019000
2092       687246.09630000
2093       688463.99477000
2094       689683.31334000
2095       690904.87828000
2096       692127.59067000
2097       693352.36869000
2098       694578.90835000
2099       695807.35922000
2100       697037.38233000
2101       698269.31074000
2102       699502.74592000
2103       700738.09600000
2104       701975.09697000
2105       703213.93948000
2106       704454.61639000
2107       705696.87883000
2108       706941.13724000
2109       708186.89894000
2110       709434.58237000
2111       710684.10423000
2112       711935.36923000
2113       713188.40534000
2114       714443.36710000
2115       715699.99048000
2116       716958.37902000
2117       718218.43843000
2118       719480.42738000
2119       720744.34702000
2120       722009.85502000
2121       723277.20966000
2122       724546.16144000
2123       725817.39129000
2124       727089.94754000
2125       728364.70529000
2126       729641.13540000
2127       730919.25826000
2128       732199.22144000
2129       733481.04524000
2130       734764.46518000
2131       736050.17236000
2132       737337.38987000
2133       738626.29344000
2134       739917.40693000
2135       741209.93638000
2136       742504.59682000
2137       743800.85166000
2138       745099.14363000
2139       746399.03898000
2140       747701.23173000
2141       749004.94765000
2142       750310.26195000
2143       751617.61879000
2144       752926.93022000
2145       754238.19725000
2146       755550.99030000
2147       756865.81663000
2148       758182.26017000
2149       759500.66286000
2150       760820.94204000
2151       762143.34971000
2152       763467.19648000
2153       764793.09672000
2154       766121.04528000
2155       767450.60994000
2156       768782.05583000
2157       770115.46179000
2158       771450.57737000
2159       772787.66166000
2160       774126.71562000
2161       775467.74030000
2162       776810.38625000
2163       778154.99814000
2164       779501.23906000
2165       780849.80485000
2166       782200.16815000
2167       783552.07012000
2168       784906.20714000
2169       786262.06399000
2170       787619.98715000
2171       788979.45108000
2172       790341.33533000
2173       791704.75545000
2174       793069.89990000
2175       794437.46866000
2176       795806.58125000
2177       797177.76787000
2178       798550.84624000
2179       799925.65370000
2180       801302.44931000
2181       802681.32357000
2182       804062.18824000
2183       805444.59466000
2184       806829.08858000
2185       808215.66565000
2186       809603.88250000
2187       810994.44866000
2188       812386.55951000
2189       813780.85440000
2190       815176.79209000
2191       816574.72822000
2192       817975.01901000
2193       819376.68565000
2194       820780.71466000
2195       822186.39020000
2196       823594.06862000
2197       825003.93623000
2198       826415.71643000
2199       827829.04763000
2200       829244.57680000
2201       830662.20720000
2202       832081.75291000
2203       833503.40199000
2204       834926.60516000
2205       836352.01292000
2206       837779.43318000
2207       839208.50887000
2208       840639.95643000
2209       842073.15097000
2210       843508.36637000
2211       844945.69407000
2212       846384.68100000
2213       847825.78235000
2214       849269.16149000
2215       850713.94381000
2216       852161.20304000
2217       853610.48481000
2218       855061.43020000
2219       856514.39480000
2220       857969.58343000
2221       859426.79828000
2222       860885.67979000
2223       862346.94930000
2224       863809.98048000
2225       865275.04560000
2226       866742.23957000
2227       868211.10375000
2228       869682.55932000
2229       871155.58785000
2230       872630.64598000
2231       874107.84261000
2232       875587.17489000
2233       877068.18189000
2234       878551.68889000
2235       880036.76762000
2236       881524.09079000
2237       883013.45429000
2238       884504.96017000
2239       885998.24656000
2240       887493.83393000
2241       888991.20719000
2242       890490.62499000
2243       891992.29265000
2244       893496.00713000
2245       895001.29856000
2246       896509.21139000
2247       898018.91225000
2248       899530.66323000
2249       901044.93354000
2250       902560.41886000
2251       904078.53281000
2252       905598.70053000
2253       907120.66168000
2254       908645.04372000
2255       910171.21789000
2256       911699.45231000
2257       913229.84974000
2258       914762.41157000
2259       916297.13906000
2260       917833.45176000
2261       919372.40774000
2262       920913.05940000
2263       922456.24794000
2264       924001.24051000
2265       925548.29821000
2266       927097.41891000
2267       928648.71644000
2268       930201.82130000
2269       931757.47060000
2270       933315.29785000
2271       934874.71611000
2272       936436.31619000
2273       938000.09682000
2274       939566.53749000
2275       941134.68340000
2276       942704.79192000
2277       944276.82797000
2278       945851.41979000
2279       947428.08890000
2280       949006.57653000
2281       950587.51080000
2282       952170.37855000
2283       953755.69743000
2284       955342.83868000
2285       956932.17396000
2286       958523.59057000
2287       960117.20507000
2288       961712.90435000
2289       963310.91441000
2290       964911.12419000
2291       966513.30686000
2292       968117.32047000
2293       969724.13581000
2294       971332.92791000
2295       972943.55244000
2296       974556.64105000
2297       976171.67703000
2298       977789.18075000
2299       979408.52060000
2300       981030.07065000
2301       982653.83211000
2302       984279.94700000
2303       985908.13457000
2304       987538.42079000
2305       989170.92273000
2306       990805.64155000
2307       992442.34345000
2308       994081.38187000
2309       995722.75783000
2310       997366.23760000
2311       999011.56455000
2312      1000659.25276000
2313      1002309.40244000
2314      1003961.77792000
2315      1005616.26137000
2316      1007272.47721000
2317      1008931.41640000
2318      1010592.58597000
2319      1012255.86664000
2320      1013921.12274000
2321      1015588.86823000
2322      1017258.72695000
2323      1018930.56437000
2324      1020605.13646000
2325      1022281.70345000
2326      1023960.25271000
2327      1025641.41924000
2328      1027324.70459000
2329      1029010.23124000
2330      1030697.62221000
2331      1032387.63508000
2332      1034080.01614000
2333      1035774.01819000
2334      1037470.70692000
2335      1039169.70564000
2336      1040871.01583000
2337      1042574.45203000
2338      1044279.63575000
2339      1045987.57514000
2340      1047697.83062000
2341      1049410.27804000
2342      1051124.98104000
2343      1052841.81560000
2344      1054561.03281000
2345      1056282.50881000
2346      1058006.18125000
2347      1059732.24155000
2348      1061460.31057000
2349      1063191.21367000
2350      1064923.93561000
2351      1066658.98660000
2352      1068396.68582000
2353      1070136.07901000
2354      1071877.86719000
2355      1073622.37166000
2356      1075368.76423000
2357      1077117.74621000
2358      1078869.00073000
2359      1080622.53085000
2360      1082377.95034000
2361      1084136.02865000
2362      1085896.44923000
2363      1087659.14777000
2364      1089423.99582000
2365      1091191.25313000
2366      1092961.10962000
2367      1094732.99622000
2368      1096507.09968000
2369      1098283.74151000
2370      1100062.86560000
2371      1101843.89114000
2372      1103627.58924000
2373      1105413.50888000
2374      1107201.72064000
2375      1108992.28725000
2376      1110785.14533000
2377      1112580.29593000
2378      1114377.87547000
2379      1116177.86814000
2380      1117979.97025000
2381      1119784.75583000
2382      1121591.90762000
2383      1123400.97143000
2384      1125212.52001000
2385      1127026.57159000
2386      1128843.38170000
2387      1130662.10750000
2388      1132483.06828000
2389      1134306.79133000
2390      1136132.36686000
2391      1137960.77283000
2392      1139791.41758000
2393      1141624.44130000
2394      1143459.84535000
2395      1145297.81398000
2396      1147137.84188000
2397      1148980.18312000
2398      1150825.29879000
2399      1152672.73024000
2400      1154522.34116000
2401      1156374.54855000
2402      1158229.00381000
2403      1160086.16919000
2404      1161945.26469000
2405      1163807.07728000
2406      1165671.35104000
2407      1167537.87700000
2408      1169406.79956000
2409      1171278.19215000
2410      1173152.09197000
2411      1175028.06722000
2412      1176906.83569000
2413      1178788.00697000
2414      1180671.43663000
2415      1182557.52315000
2416      1184445.76368000
2417      1186336.80443000
2418      1188230.10727000
2419      1190125.81978000
2420      1192023.86948000
2421      1193924.26316000
2422      1195827.45749000
2423      1197732.67250000
2424      1199640.62256000
2425      1201551.06381000
2426      1203464.02541000
2427      1205379.15451000
2428      1207297.17339000
2429      1209217.46410000
2430      1211140.10224000
2431      1213065.01989000
2432      1214992.90164000
2433      1216922.81433000
2434      1218855.39830000
2435      1220790.41055000
2436      1222728.17923000
2437      1224668.05181000
2438      1226610.67626000
2439      1228555.65730000
2440      1230503.22595000
2441      1232453.25025000
2442      1234405.53732000
2443      1236360.58211000
2444      1238318.14326000
2445      1240277.98979000
2446      1242240.67509000
2447      1244205.65516000
2448      1246173.22656000
2449      1248143.16483000
2450      1250115.54892000
2451      1252090.70008000
2452      1254068.22912000
2453      1256048.27786000
2454      1258031.09727000
2455      1260016.04836000
2456      1262003.77248000
2457      1263993.80057000
2458      1265986.75395000
2459      1267982.24352000
2460      1269979.71113000
2461      1271980.35750000
2462      1273982.99227000
2463      1275988.63977000
2464      1277996.58878000
2465      1280007.08151000
2466      1282020.35893000
2467      1284035.71028000
2468      1286054.24028000
2469      1288074.91799000
2470      1290098.46644000
2471      1292124.08357000
2472      1294152.74048000
2473      1296183.62145000
2474      1298217.37834000
2475      1300253.69249000
2476      1302292.31820000
2477      1304333.82362000
2478      1306377.65214000
2479      1308424.28093000
2480      1310473.14157000
2481      1312524.97030000
2482      1314579.36547000
2483      1316636.32536000
2484      1318695.60635000
2485      1320757.69391000
2486      1322822.75729000
2487      1324889.90525000
2488      1326959.70568000
2489      1329032.55931000
2490      1331107.58498000
2491      1333185.33938000
2492      1335265.67300000
2493      1337348.74878000
2494      1339434.56545000
2495      1341522.70927000
2496      1343613.43747000
2497      1345706.98600000
2498      1347803.04769000
2499      1349902.00601000
2500      1352003.55426000
2501      1354107.52076000
2502      1356214.16632000
2503      1358323.55247000
2504      1360435.37201000
2505      1362550.18247000
2506      1364667.67812000
2507      1366787.59811000
2508      1368910.35104000
2509      1371035.63066000
2510      1373163.50011000
2511      1375294.20580000
2512      1377427.51695000
2513      1379563.43508000
2514      1381702.02893000
2515      1383843.30731000
2516      1385987.10733000
2517      1388134.01814000
2518      1390283.27456000
2519      1392435.30036000
2520      1394590.10731000
2521      1396747.44182000
2522      1398907.71513000
2523      1401070.51823000
2524      1403236.09612000
2525      1405404.46316000
2526      1407575.27261000
2527      1409748.70707000
2528      1411924.99688000
2529      1414104.41722000
2530      1416286.11588000
2531      1418470.52117000
2532      1420657.87816000
2533      1422847.96033000
2534      1425040.49273000
2535      1427235.71871000
2536      1429433.84335000
2537      1431634.92651000
2538      1433838.46346000
2539      1436044.64106000
2540      1438253.70332000
2541      1440465.80643000
2542      1442680.04693000
2543      1444897.25303000
2544      1447117.61441000
2545      1449340.26422000
2546      1451565.73580000
2547      1453794.08395000
2548      1456025.59401000
2549      1458259.15361000
2550      1460495.60961000
2551      1462735.11983000
2552      1464977.38327000
2553      1467222.11450000
2554      1469469.92154000
2555      1471720.71014000
2556      1473973.98687000
2557      1476230.00641000
2558      1478488.91459000
2559      1480750.48935000
2560      1483014.82916000
2561      1485281.88470000
2562      1487552.10677000
2563      1489825.00089000
2564      1492100.47063000
2565      1494378.93445000
2566      1496660.31404000
2567      1498944.54861000
2568      1501231.26496000
2569      1503521.07907000
2570      1505813.47545000
2571      1508108.89260000
2572      1510406.87489000
2573      1512708.06014000
2574      1515011.73255000
2575      1517318.71113000
2576      1519627.89860000
2577      1521939.95611000
2578      1524255.44381000
2579      1526573.30505000
2580      1528894.07884000
2581      1531217.96803000
2582      1533544.27055000
2583      1535873.97471000
2584      1538206.17537000
2585      1540541.39549000
2586      1542879.31717000
2587      1545219.86046000
2588      1547563.92968000
2589      1549910.18054000
2590      1552260.08419000
2591      1554612.17167000
2592      1556967.52466000
2593      1559325.24759000
2594      1561686.63055000
2595      1564050.20103000
2596      1566417.22758000
2597      1568786.67969000
2598      1571159.13913000
2599      1573534.63598000
2600      1575913.17133000
2601      1578294.42780000
2602      1580678.21888000
2603      1583065.23965000
2604      1585455.30386000
2605      1587848.09417000
2606      1590244.14220000
2607      1592642.70730000
2608      1595044.23751000
2609      1597448.58175000
2610      1599856.19016000
2611      1602266.74420000
2612      1604680.03330000
2613      1607096.29342000
2614      1609515.48201000
2615      1611937.72794000
2616      1614362.71417000
2617      1616790.86826000
2618      1619221.46474000
2619      1621655.74184000
2620      1624092.33763000
2621      1626532.21570000
2622      1628975.16001000
2623      1631420.97788000
2624      1633869.73984000
2625      1636321.25362000
2626      1638775.83820000
2627      1641233.60494000
2628      1643693.82171000
2629      1646157.52884000
2630      1648624.31206000
2631      1651093.85487000
2632      1653566.47597000
2633      1656041.97045000
2634      1658520.34891000
2635      1661001.57676000
2636      1663486.42892000
2637      1665973.73100000
2638      1668464.54866000
2639      1670957.82500000
2640      1673454.07022000
2641      1675954.06107000
2642      1678456.71265000
2643      1680962.02545000
2644      1683470.45858000
2645      1685982.18577000
2646      1688496.69156000
2647      1691014.29398000
2648      1693535.22328000
2649      1696058.61899000
2650      1698585.43110000
2651      1701115.46009000
2652      1703648.27545000
2653      1706184.19489000
2654      1708722.69992000
2655      1711264.62995000
2656      1713809.90030000
2657      1716358.16349000
2658      1718909.22030000
2659      1721463.18887000
2660      1724020.49872000
2661      1726580.81065000
2662      1729144.35515000
2663      1731710.58196000
2664      1734280.27999000
2665      1736852.77258000
2666      1739428.27483000
2667      1742007.01659000
2668      1744589.11842000
2669      1747174.34415000
2670      1749762.05165000
2671      1752353.45112000
2672      1754947.42275000
2673      1757544.76241000
2674      1760145.23162000
2675      1762748.86312000
2676      1765355.39969000
2677      1767965.19010000
2678      1770578.23592000
2679      1773194.22344000
2680      1775813.01534000
2681      1778435.39903000
2682      1781060.60676000
2683      1783689.07700000
2684      1786320.81130000
2685      1788955.68836000
2686      1791593.30450000
2687      1794234.40139000
2688      1796878.64464000
2689      1799525.84416000
2690      1802176.63085000
2691      1804829.72394000
2692      1807486.74516000
2693      1810146.47990000
2694      1812809.93164000
2695      1815475.90943000
2696      1818145.39187000
2697      1820817.80741000
2698      1823493.63232000
2699      1826172.61666000
2700      1828854.57358000
2701      1831539.91499000
2702      1834228.57604000
2703      1836920.27469000
2704      1839614.82462000
2705      1842312.79525000
2706      1845014.06104000
2707      1847718.40410000
2708      1850426.26444000
2709      1853136.85429000
2710      1855851.00158000
2711      1858568.32273000
2712      1861288.28426000
2713      1864012.21366000
2714      1866739.13658000
2715      1869469.23785000
2716      1872202.33535000
2717      1874938.83368000
2718      1877678.55361000
2719      1880421.58704000
2720      1883167.93546000
2721      1885917.46909000
2722      1888669.91473000
2723      1891425.77205000
2724      1894185.08163000
2725      1896947.71341000
2726      1899713.53639000
2727      1902482.14593000
2728      1905254.30714000
2729      1908029.79585000
2730      1910808.61342000
2731      1913590.44949000
2732      1916375.92913000
2733      1919164.20226000
2734      1921956.03752000
2735      1924751.20878000
2736      1927549.71739000
2737      1930351.25334000
2738      1933155.76465000
2739      1935964.42864000
2740      1938775.54205000
2741      1941590.58263000
2742      1944408.83306000
2743      1947229.75182000
2744      1950054.83399000
2745      1952882.81857000
2746      1955714.15437000
2747      1958548.98030000
2748      1961386.34159000
2749      1964228.01493000
2750      1967072.45890000
2751      1969920.26091000
2752      1972771.56103000
2753      1975626.22237000
2754      1978484.01124000
2755      1981345.39854000
2756      1984209.84112000
2757      1987077.65027000
2758      1989949.27724000
2759      1992823.58696000
2760      1995701.78510000
2761      1998583.07382000
2762      2001467.56766000
2763      2004355.74566000
2764      2007246.75234000
2765      2010141.82567000
2766      2013039.96926000
2767      2015941.35080000
2768      2018846.39946000
2769      2021754.44855000
2770      2024666.26515000
2771      2027581.01576000
2772      2030499.74965000
2773      2033421.27608000
2774      2036346.78911000
2775      2039274.99881000
2776      2042206.98784000
2777      2045142.37118000
2778      2048081.15003000
2779      2051023.61711000
2780      2053969.09327000
2781      2056917.75891000
2782      2059870.27912000
2783      2062826.49501000
2784      2065785.66098000
2785      2068748.29377000
2786      2071714.27098000
2787      2074683.95158000
2788      2077656.89393000
2789      2080633.24687000
2790      2083612.91275000
2791      2086596.23919000
2792      2089583.12942000
2793      2092573.43597000
2794      2095567.16005000
2795      2098564.35357000
2796      2101564.61024000
2797      2104568.74458000
2798      2107576.45243000
2799      2110587.27883000
2800      2113601.98799000
2801      2116619.41584000
2802      2119641.13188000
2803      2122665.97249000
2804      2125694.24450000
2805      2128726.40691000
2806      2131761.44500000
2807      2134800.17115000
2808      2137842.33366000
2809      2140888.54605000
2810      2143938.04726000
2811      2146990.42630000
2812      2150046.81042000
2813      2153106.63815000
2814      2156170.06564000
2815      2159236.78404000
2816      2162307.46363000
2817      2165381.23312000
2818      2168458.92089000
2819      2171539.74793000
2820      2174624.34082000
2821      2177712.23102000
2822      2180803.78934000
2823      2183898.74860000
2824      2186997.48128000
2825      2190099.67380000
2826      2193205.48556000
2827      2196314.96057000
2828      2199427.69808000
2829      2202544.05942000
2830      2205664.20607000
2831      2208787.66111000
2832      2211914.32222000
2833      2215045.49887000
2834      2218179.68494000
2835      2221317.50497000
2836      2224459.26256000
2837      2227603.92985000
2838      2230752.33827000
2839      2233904.85059000
2840      2237060.37906000
2841      2240220.01479000
2842      2243383.29608000
2843      2246549.33040000
2844      2249719.58026000
2845      2252893.64391000
2846      2256070.73091000
2847      2259251.93609000
2848      2262436.36330000
2849      2265624.71542000
2850      2268816.56067000
2851      2272012.06564000
2852      2275211.69791000
2853      2278414.25739000
2854      2281620.41921000
2855      2284830.87989000
2856      2288044.37555000
2857      2291262.00727000
2858      2294482.40363000
2859      2297707.21146000
2860      2300935.86207000
2861      2304167.85255000
2862      2307403.52058000
2863      2310642.86798000
2864      2313885.62176000
2865      2317132.16307000
2866      2320382.68657000
2867      2323636.59772000
2868      2326894.49436000
2869      2330155.33484000
2870      2333420.43985000
2871      2336689.23689000
2872      2339961.89969000
2873      2343237.91441000
2874      2346517.34732000
2875      2349801.22663000
2876      2353088.50977000
2877      2356379.61891000
2878      2359674.43153000
2879      2362972.02456000
2880      2366274.42287000
2881      2369580.65204000
2882      2372890.12060000
2883      2376203.12560000
2884      2379520.48993000
2885      2382840.63963000
2886      2386165.25955000
2887      2389493.77407000
2888      2392825.65576000
2889      2396161.73048000
2890      2399500.77123000
2891      2402844.29330000
2892      2406191.06935000
2893      2409541.86771000
2894      2412896.39537000
2895      2416254.84015000
2896      2419616.65209000
2897      2422982.37724000
2898      2426352.13221000
2899      2429725.62460000
2900      2433102.56729000
2901      2436483.35858000
2902      2439868.36588000
2903      2443256.82411000
2904      2446649.32100000
2905      2450045.38318000
2906      2453445.08457000
2907      2456849.30252000
2908      2460256.61481000
2909      2463668.15572000
2910      2467083.26827000
2911      2470502.02766000
2912      2473924.83849000
2913      2477351.70099000
2914      2480782.03363000
2915      2484216.23578000
2916      2487654.56876000
2917      2491096.48668000
2918      2494542.17264000
2919      2497991.91894000
2920      2501445.43615000
2921      2504902.90605000
2922      2508363.96985000
2923      2511829.28729000
2924      2515298.38247000
2925      2518771.06863000
2926      2522247.72385000
2927      2525728.15119000
2928      2529212.66188000
2929      2532700.95803000
2930      2536193.23128000
2931      2539688.91314000
2932      2543188.75258000
2933      2546692.49470000
2934      2550200.70084000
2935      2553712.22288000
2936      2557227.82977000
2937      2560746.93073000
2938      2564270.32767000
2939      2567797.81404000
2940      2571328.91030000
2941      2574864.19781000
2942      2578402.79225000
2943      2581945.78706000
2944      2585492.78551000
2945      2589043.59524000
2946      2592598.50412000
2947      2596156.94080000
2948      2599719.17078000
2949      2603286.00819000
2950      2606856.37883000
2951      2610431.05279000
2952      2614009.35214000
2953      2617591.64703000
2954      2621178.07764000
2955      2624768.33515000
2956      2628362.42101000
2957      2631960.82028000
2958      2635562.73842000
2959      2639169.20162000
2960      2642779.58487000
2961      2646393.60433000
2962      2650011.66190000
2963      2653633.24396000
2964      2657259.46633000
2965      2660889.53160000
2966      2664524.12821000
2967      2668162.36930000
2968      2671804.45796000
2969      2675450.07812000
2970      2679100.14827000
2971      2682754.27382000
2972      2686412.73927000
2973      2690074.57409000
2974      2693741.12338000
2975      2697411.15988000
2976      2701085.54299000
2977      2704763.78787000
2978      2708446.38289000
2979      2712132.24032000
2980      2715823.05380000
2981      2719517.24787000
2982      2723216.21415000
2983      2726918.63686000
2984      2730625.09582000
2985      2734335.96137000
2986      2738050.98254000
2987      2741769.39250000
2988      2745492.37927000
2989      2749219.73581000
2990      2752950.85850000
2991      2756685.98148000
2992      2760425.47917000
2993      2764168.65242000
2994      2767915.92527000
2995      2771667.46116000
2996      2775423.00528000
2997      2779183.35850000
2998      2782947.18117000
2999      2786714.89987000
3000      2790486.88946000
3001      2794263.10965000
3002      2798043.50733000
3003      2801828.02226000
3004      2805616.44137000
3005      2809409.68936000
3006      2813206.07967000
3007      2817007.42057000
3008      2820812.45547000
3009      2824621.61922000
3010      2828434.97146000
3011      2832252.12003000
3012      2836074.01378000
3013      2839900.26341000
3014      2843730.48895000
3015      2847564.85520000
3016      2851402.58641000
3017      2855245.29340000
3018      2859092.42040000
3019      2862942.98132000
3020      2866798.90211000
3021      2870657.47665000
3022      2874520.81770000
3023      2878388.80927000
3024      2882260.73659000
3025      2886136.60095000
3026      2890016.89873000
3027      2893901.28817000
3028      2897790.63530000
3029      2901683.25324000
3030      2905580.53618000
3031      2909481.76541000
3032      2913387.31855000
3033      2917296.94075000
3034      2921211.23657000
3035      2925129.48515000
3036      2929051.91518000
3037      2932978.71930000
3038      2936909.55931000
3039      2940844.85545000
3040      2944784.60953000
3041      2948728.32555000
3042      2952676.15210000
3043      2956628.52346000
3044      2960585.09193000
3045      2964545.89657000
3046      2968511.16927000
3047      2972480.64447000
3048      2976454.23823000
3049      2980431.92694000
3050      2984414.05599000
3051      2988400.89518000
3052      2992391.74682000
3053      2996386.45654000
3054      3000386.00323000
3055      3004389.76790000
3056      3008398.01810000
3057      3012410.25506000
3058      3016426.62249000
3059      3020447.80939000
3060      3024473.25273000
3061      3028503.19004000
3062      3032537.12159000
3063      3036575.04867000
3064      3040617.35123000
3065      3044664.51487000
3066      3048715.91783000
3067      3052772.06452000
3068      3056831.97596000
3069      3060896.03131000
3070      3064964.69631000
3071      3069037.87232000
3072      3073115.05794000
3073      3077196.99919000
3074      3081283.33314000
3075      3085373.80496000
3076      3089468.79591000
3077      3093568.04710000
3078      3097671.82110000
3079      3101779.75126000
3080      3105892.31535000
3081      3110009.40738000
3082      3114131.01512000
3083      3118256.66367000
3084      3122386.58582000
3085      3126520.91788000
3086      3130659.91028000
3087      3134803.18213000
3088      3138951.24136000
3089      3143103.08843000
3090      3147259.85015000
3091      3151421.03313000
3092      3155586.50539000
3093      3159756.52593000
3094      3163931.09614000
3095      3168109.58546000
3096      3172293.00354000
3097      3176480.72081000
3098      3180673.24677000
3099      3184870.33185000
3100      3189071.21710000
3101      3193276.53747000
3102      3197486.54525000
3103      3201700.86425000
3104      3205920.00364000
3105      3210143.71242000
3106      3214371.86420000
3107      3218604.20698000
3108      3222841.37639000
3109      3227082.86777000
3110      3231328.68336000
3111      3235579.20303000
3112      3239834.17691000
3113      3244093.73880000
3114      3248357.62631000
3115      3252626.35786000
3116      3256899.29004000
3117      3261176.68625000
3118      3265458.93259000
3119      3269745.77094000
3120      3274036.95279000
3121      3278332.99162000
3122      3282633.23853000
3123      3286937.69952000
3124      3291247.28555000
3125      3295561.21061000
3126      3299879.75408000
3127      3304202.24695000
3128      3308530.53147000
3129      3312862.89616000
3130      3317199.62344000
3131      3321541.22846000
3132      3325886.27333000
3133      3330237.37339000
3134      3334592.57772000
3135      3338952.40066000
3136      3343316.86601000
3137      3347685.68571000
3138      3352058.99976000
3139      3356437.33658000
3140      3360819.78584000
3141      3365207.13324000
3142      3369599.38135000
3143      3373995.34635000
3144      3378397.40284000
3145      3382802.79338000
3146      3387213.33582000
3147      3391628.78928000
3148      3396047.96416000
3149      3400472.45664000
3150      3404901.35067000
3151      3409335.40632000
3152      3413773.86755000
3153      3418216.57189000
3154      3422664.60750000
3155      3427116.77828000
3156      3431573.60229000
3157      3436035.35811000
3158      3440502.04834000
3159      3444973.26681000
3160      3449448.75791000
3161      3453929.18923000
3162      3458414.56323000
3163      3462904.08412000
3164      3467398.65876000
3165      3471897.79430000
3166      3476401.59943000
3167      3480910.92100000
3168      3485424.11572000
3169      3489941.57100000
3170      3494464.91859000
3171      3498991.90522000
3172      3503524.37481000
3173      3508061.52580000
3174      3512603.12418000
3175      3517149.56064000
3176      3521700.81531000
3177      3526257.04411000
3178      3530817.44180000
3179      3535383.33855000
3180      3539953.27483000
3181      3544528.03722000
3182      3549108.36086000
3183      3553692.57256000
3184      3558282.29469000
3185      3562875.77326000
3186      3567474.66684000
3187      3572078.26464000
3188      3576686.85930000
3189      3581300.45333000
3190      3585918.81893000
3191      3590541.40774000
3192      3595169.19739000
3193      3599801.40747000
3194      3604438.92087000
3195      3609080.62803000
3196      3613727.44391000
3197      3618378.88470000
3198      3623036.16366000
3199      3627697.64300000
3200      3632363.84783000
3201      3637034.64532000
3202      3641710.60253000
3203      3646391.06293000
3204      3651077.07913000
3205      3655767.30361000
3206      3660462.95390000
3207      3665163.25003000
3208      3669868.28469000
3209      3674578.36032000
3210      3679293.17754000
3211      3684012.51327000
3212      3688736.98508000
3213      3693466.41732000
3214      3698201.12476000
3215      3702940.35894000
3216      3707684.34444000
3217      3712432.94695000
3218      3717187.57718000
3219      3721945.90826000
3220      3726709.83102000
3221      3731478.82025000
3222      3736252.43503000
3223      3741030.41883000
3224      3745814.31162000
3225      3750602.44165000
3226      3755396.17704000
3227      3760194.15219000
3228      3764996.76077000
3229      3769806.05046000
3230      3774618.96260000
3231      3779436.96137000
3232      3784260.04916000
3233      3789087.77871000
3234      3793920.73750000
3235      3798758.26107000
3236      3803601.72743000
3237      3808449.66447000
3238      3813302.25048000
3239      3818159.86122000
3240      3823022.79264000
3241      3827890.83175000
3242      3832763.44929000
3243      3837641.71091000
3244      3842524.09939000
3245      3847412.27337000
3246      3852305.03356000
3247      3857203.12689000
3248      3862105.80987000
3249      3867013.15849000
3250      3871926.30363000
3251      3876844.36631000
3252      3881768.09413000
3253      3886695.77601000
3254      3891628.45427000
3255      3896566.94106000
3256      3901510.03314000
3257      3906457.94128000
3258      3911411.85248000
3259      3916370.04907000
3260      3921333.78949000
3261      3926301.95599000
3262      3931275.60154000
3263      3936254.60845000
3264      3941238.23594000
3265      3946226.75948000
3266      3951220.37466000
3267      3956220.34844000
3268      3961224.29056000
3269      3966233.60393000
3270      3971247.07743000
3271      3976266.72830000
3272      3981291.55182000
3273      3986321.55027000
3274      3991355.85455000
3275      3996396.54375000
3276      4001441.27071000
3277      4006491.31923000
3278      4011546.88833000
3279      4016607.30847000
3280      4021672.91746000
3281      4026743.23986000
3282      4031819.23305000
3283      4036900.96070000
3284      4041987.34796000
3285      4047079.13469000
3286      4052174.76273000
3287      4057276.95421000
3288      4062383.47108000
3289      4067495.73499000
3290      4072613.89398000
3291      4077735.75407000
3292      4082863.65442000
3293      4087996.42723000
3294      4093134.76272000
3295      4098277.97406000
3296      4103426.60291000
3297      4108579.77330000
3298      4113739.54560000
3299      4118903.31213000
3300      4124072.85052000
3301      4129247.62167000
3302      4134427.13726000
3303      4139612.03048000
3304      4144802.51219000
3305      4149998.42746000
3306      4155199.39438000
3307      4160405.30488000
3308      4165616.95593000
3309      4170833.85677000
3310      4176055.65623000
3311      4181282.70877000
3312      4186515.01655000
3313      4191752.08446000
3314      4196996.16403000
3315      4202244.43953000
3316      4207498.33501000
3317      4212757.13979000
3318      4218020.71168000
3319      4223290.05333000
3320      4228564.66689000
3321      4233845.45941000
3322      4239131.16965000
3323      4244421.65506000
3324      4249717.56326000
3325      4255018.75354000
3326      4260325.77400000
3327      4265637.53493000
3328      4270955.13082000
3329      4276277.87425000
3330      4281606.05413000
3331      4286940.07614000
3332      4292278.48323000
3333      4297622.73588000
3334      4302972.14571000
3335      4308327.00214000
3336      4313687.16375000
3337      4319053.54902000
3338      4324424.50702000
3339      4329800.08331000
3340      4335182.58311000
3341      4340569.47996000
3342      4345962.06515000
3343      4351360.14758000
3344      4356763.92415000
3345      4362172.13474000
3346      4367586.73753000
3347      4373006.66841000
3348      4378431.37975000
3349      4383861.97308000
3350      4389297.55422000
3351      4394738.81738000
3352      4400186.34666000
3353      4405638.46273000
3354      4411096.29895000
3355      4416559.12831000
3356      4422027.82748000
3357      4427501.87505000
3358      4432981.27300000
3359      4438466.57515000
3360      4443957.06216000
3361      4449452.54871000
3362      4454954.47364000
3363      4460461.20756000
3364      4465973.47299000
3365      4471491.48731000
3366      4477014.89080000
3367      4482543.25573000
3368      4488078.31718000
3369      4493617.97947000
3370      4499163.95775000
3371      4504714.39149000
3372      4510271.12695000
3373      4515832.85521000
3374      4521400.52075000
3375      4526973.96234000
3376      4532552.79258000
3377      4538136.08305000
3378      4543725.85769000
3379      4549321.02592000
3380      4554922.14518000
3381      4560528.10705000
3382      4566139.48231000
3383      4571757.75191000
3384      4577380.47500000
3385      4583009.16002000
3386      4588643.80956000
3387      4594282.76806000
3388      4599928.23975000
3389      4605579.68263000
3390      4611235.98521000
3391      4616898.66356000
3392      4622566.51916000
3393      4628239.09138000
3394      4633918.19411000
3395      4639602.72366000
3396      4645293.23975000
3397      4650989.18687000
3398      4656690.97728000
3399      4662397.79207000
3400      4668110.60223000
3401      4673829.00375000
3402      4679553.25232000
3403      4685282.38812000
3404      4691017.52413000
3405      4696758.66650000
3406      4702505.66757000
3407      4708258.27060000
3408      4714016.32691000
3409      4719779.27841000
3410      4725548.80660000
3411      4731323.79397000
3412      4737105.21655000
3413      4742891.68969000
3414      4748683.47927000
3415      4754481.44589000
3416      4760285.29761000
3417      4766094.76679000
3418      4771909.14760000
3419      4777730.54473000
3420      4783556.43465000
3421      4789388.37063000
3422      4795226.62675000
3423      4801070.51066000
3424      4806920.02276000
3425      4812774.30973000
3426      4818635.78314000
3427      4824501.76299000
3428      4830374.22229000
3429      4836253.16546000
3430      4842136.60898000
3431      4848026.12635000
3432      4853921.70970000
3433      4859822.79713000
3434      4865729.95481000
3435      4871643.04827000
3436      4877561.21043000
3437      4883486.32073000
3438      4889416.08771000
3439      4895352.36586000
3440      4901293.73181000
3441      4907241.03227000
3442      4913195.00276000
3443      4919153.93206000
3444      4925119.51995000
3445      4931090.50466000
3446      4937066.56654000
3447      4943049.31224000
3448      4949037.59233000
3449      4955032.41235000
3450      4961032.33424000
3451      4967038.80165000
3452      4973050.66122000
3453      4979068.21684000
3454      4985091.44672000
3455      4991121.23300000
3456      4997157.01170000
3457      5003197.30845000
3458      5009244.88938000
3459      5015297.45830000
3460      5021357.04250000
3461      5027422.31364000
3462      5033492.10545000
3463      5039568.50377000
3464      5045651.60797000
3465      5051739.71162000
3466      5057834.40384000
3467      5063934.79119000
3468      5070041.05076000
3469      5076153.15992000
3470      5082271.29823000
3471      5088395.58848000
3472      5094526.03298000
3473      5100660.88641000
3474      5106803.07335000
3475      5112950.84921000
3476      5119105.12544000
3477      5125265.68450000
3478      5131430.20242000
3479      5137601.95322000
3480      5143779.87540000
3481      5149964.42948000
3482      5156153.55624000
3483      5162350.35247000
3484      5168551.22402000
3485      5174758.77732000
3486      5180973.08843000
3487      5187192.43960000
3488      5193418.55273000
3489      5199650.13000000
3490      5205887.47874000
3491      5212131.95227000
3492      5218382.15921000
3493      5224637.99148000
3494      5230900.02544000
3495      5237168.10997000
3496      5243441.97849000
3497      5249721.94880000
3498      5256008.70524000
3499      5262300.99442000
3500      5268598.97880000
