   1           10.00001000
   2           10.00956000
   3           10.11806000
   4           10.41542000
   5           10.88760000
   6           11.48427000
   7           12.16577000
   8           12.90939000
   9           13.70390000
  10           14.54434000
  11           15.42897000
  12           16.35766000
  13           17.33107000
  14           18.35020000
  15           19.41611000
  16           20.52977000
  17           21.69196000
  18           22.90325000
  19           24.16394000
  20           25.47411000
  21           26.83360000
  22           28.24207000
  23           29.69899000
  24           31.20369000
  25           32.75537000
  26           34.35371000
  27           35.99655000
  28           37.68351000
  29           39.41355000
  30           41.18560000
  31           42.99859000
  32           44.85144000
  33           46.74312000
  34           48.67260000
  35           50.63887000
  36           52.64097000
  37           54.67796000
  38           56.74896000
  39           58.85310000
  40           60.98959000
  41           63.15764000
  42           65.35652000
  43           67.58553000
  44           69.84403000
  45           72.13138000
  46           74.44701000
  47           76.79037000
  48           79.16092000
  49           81.55819000
  50           83.98170000
  51           86.43103000
  52           88.90576000
  53           91.40550000
  54           93.92989000
  55           96.47858000
  56           99.05123000
  57          101.64754000
  58          104.26722000
  59          106.90998000
  60          109.57556000
  61          112.26370000
  62          114.97416000
  63          117.70671000
  64          120.46113000
  65          123.23720000
  66          126.03473000
  67          128.85352000
  68          131.69339000
  69          134.55415000
  70          137.43562000
  71          140.33765000
  72          143.26007000
  73          146.20272000
  74          149.16545000
  75          152.14812000
  76          155.15057000
  77          158.17268000
  78          161.21431000
  79          164.27532000
  80          167.35559000
  81          170.45499000
  82          173.57340000
  83          176.71070000
  84          179.86677000
  85          183.04150000
  86          186.23479000
  87          189.44651000
  88          192.67657000
  89          195.92485000
  90          199.19126000
  91          202.47569000
  92          205.77805000
  93          209.09824000
  94          212.43616000
  95          215.79172000
  96          219.16483000
  97          222.55539000
  98          225.96333000
  99          229.38854000
 100          232.83094000
 101          236.29046000
 102          239.76699000
 103          243.26048000
 104          246.77082000
 105          250.29794000
 106          253.84177000
 107          257.40223000
 108          260.97923000
 109          264.57271000
 110          268.18259000
 111          271.80879000
 112          275.45125000
 113          279.10990000
 114          282.78465000
 115          286.47545000
 116          290.18223000
 117          293.90491000
 118          297.64344000
 119          301.39773000
 120          305.16774000
 121          308.95340000
 122          312.75464000
 123          316.57139000
 124          320.40361000
 125          324.25122000
 126          328.11417000
 127          331.99240000
 128          335.88585000
 129          339.79445000
 130          343.71816000
 131          347.65692000
 132          351.61066000
 133          355.57934000
 134          359.56289000
 135          363.56127000
 136          367.57443000
 137          371.60229000
 138          375.64483000
 139          379.70198000
 140          383.77368000
 141          387.85990000
 142          391.96450000
 143          396.07963000
 144          400.20912000
 145          404.35293000
 146          408.51101000
 147          412.68329000
 148          416.86974000
 149          421.07032000
 150          425.28497000
 151          429.51366000
 152          433.75633000
 153          438.01293000
 154          442.28786000
 155          446.57225000
 156          450.87046000
 157          455.18242000
 158          459.50811000
 159          463.84749000
 160          468.20049000
 161          472.57182000
 162          476.95202000
 163          481.34573000
 164          485.75291000
 165          490.17843000
 166          494.61248000
 167          499.05989000
 168          503.52061000
 169          507.99969000
 170          512.48697000
 171          516.98745000
 172          521.50631000
 173          526.03312000
 174          530.57832000
 175          535.13132000
 176          539.69733000
 177          544.28176000
 178          548.87374000
 179          553.48415000
 180          558.10195000
 181          562.73823000
 182          567.38739000
 183          572.04369000
 184          576.71850000
 185          581.40609000
 186          586.10059000
 187          590.81364000
 188          595.53938000
 189          600.27778000
 190          605.02277000
 191          609.78636000
 192          614.56250000
 193          619.35119000
 194          624.15240000
 195          628.96606000
 196          633.79218000
 197          638.63710000
 198          643.48805000
 199          648.35138000
 200          653.22701000
 201          658.12153000
 202          663.02178000
 203          667.94094000
 204          672.86569000
 205          677.80939000
 206          682.75851000
 207          687.72664000
 208          692.70696000
 209          697.69248000
 210          702.69705000
 211          707.71374000
 212          712.74251000
 213          717.78335000
 214          722.83622000
 215          727.90838000
 216          732.98528000
 217          738.07415000
 218          743.18237000
 219          748.29512000
 220          753.42728000
 221          758.56381000
 222          763.71981000
 223          768.88772000
 224          774.06750000
 225          779.25915000
 226          784.46262000
 227          789.67792000
 228          794.90500000
 229          800.15184000
 230          805.40247000
 231          810.67293000
 232          815.94704000
 233          821.24102000
 234          826.54675000
 235          831.86421000
 236          837.19340000
 237          842.53426000
 238          847.89527000
 239          853.25950000
 240          858.64393000
 241          864.03145000
 242          869.43923000
 243          874.85867000
 244          880.28977000
 245          885.73250000
 246          891.18682000
 247          896.66169000
 248          902.13923000
 249          907.63737000
 250          913.14715000
 251          918.66855000
 252          924.20154000
 253          929.74612000
 254          935.30225000
 255          940.87931000
 256          946.45855000
 257          952.05881000
 258          957.67066000
 259          963.29407000
 260          968.92907000
 261          974.58531000
 262          980.24341000
 263          985.92285000
 264          991.61390000
 265          997.31653000
 266         1003.03072000
 267         1008.75647000
 268         1014.50386000
 269         1020.25271000
 270         1026.02328000
 271         1031.80545000
 272         1037.59921000
 273         1043.41493000
 274         1049.23185000
 275         1055.07081000
 276         1060.92141000
 277         1066.78363000
 278         1072.66814000
 279         1078.55360000
 280         1084.46143000
 281         1090.38094000
 282         1096.31210000
 283         1102.25490000
 284         1108.20934000
 285         1114.18647000
 286         1120.17533000
 287         1126.17589000
 288         1132.18814000
 289         1138.22338000
 290         1144.25903000
 291         1150.31777000
 292         1156.38825000
 293         1162.48203000
 294         1168.57605000
 295         1174.69346000
 296         1180.82268000
 297         1186.96372000
 298         1193.12841000
 299         1199.29308000
 300         1205.48150000
 301         1211.68180000
 302         1217.90606000
 303         1224.13015000
 304         1230.37830000
 305         1236.63839000
 306         1242.91043000
 307         1249.20679000
 308         1255.50274000
 309         1261.82312000
 310         1268.16809000
 311         1274.51256000
 312         1280.88172000
 313         1287.26300000
 314         1293.65638000
 315         1300.07473000
 316         1306.49233000
 317         1312.93503000
 318         1319.38990000
 319         1325.87007000
 320         1332.36252000
 321         1338.86727000
 322         1345.38429000
 323         1351.92694000
 324         1358.46853000
 325         1365.03587000
 326         1371.62912000
 327         1378.22124000
 328         1384.83938000
 329         1391.48373000
 330         1398.12685000
 331         1404.79629000
 332         1411.47829000
 333         1418.17284000
 334         1424.87995000
 335         1431.61373000
 336         1438.36016000
 337         1445.13350000
 338         1451.91962000
 339         1458.71849000
 340         1465.53013000
 341         1472.35453000
 342         1479.20624000
 343         1486.07081000
 344         1492.96294000
 345         1499.85331000
 346         1506.78617000
 347         1513.71725000
 348         1520.66129000
 349         1527.63331000
 350         1534.63350000
 351         1541.63175000
 352         1548.65830000
 353         1555.69804000
 354         1562.76631000
 355         1569.83251000
 356         1576.92736000
 357         1584.05105000
 358         1591.17258000
 359         1598.32308000
 360         1605.50275000
 361         1612.68018000
 362         1619.88689000
 363         1627.12307000
 364         1634.35694000
 365         1641.62041000
 366         1648.89755000
 367         1656.20456000
 368         1663.52535000
 369         1670.85995000
 370         1678.20834000
 371         1685.58697000
 372         1692.97952000
 373         1700.40258000
 374         1707.83968000
 375         1715.29083000
 376         1722.75603000
 377         1730.25211000
 378         1737.76239000
 379         1745.30381000
 380         1752.85954000
 381         1760.42958000
 382         1768.01392000
 383         1775.62981000
 384         1783.26015000
 385         1790.92232000
 386         1798.59904000
 387         1806.29034000
 388         1814.01381000
 389         1821.73431000
 390         1829.50484000
 391         1837.27241000
 392         1845.07256000
 393         1852.90547000
 394         1860.73536000
 395         1868.59816000
 396         1876.47593000
 397         1884.38691000
 398         1892.31299000
 399         1900.27254000
 400         1908.22892000
 401         1916.21890000
 402         1924.24271000
 403         1932.28191000
 404         1940.33649000
 405         1948.40648000
 406         1956.51071000
 407         1964.64938000
 408         1972.78476000
 409         1980.95472000
 410         1989.14037000
 411         1997.36089000
 412         2005.59724000
 413         2013.86875000
 414         2022.13683000
 415         2030.45968000
 416         2038.77911000
 417         2047.13413000
 418         2055.50528000
 419         2063.91231000
 420         2072.33560000
 421         2080.77517000
 422         2089.25098000
 423         2097.74322000
 424         2106.27197000
 425         2114.81731000
 426         2123.37922000
 427         2131.95772000
 428         2140.57319000
 429         2149.22584000
 430         2157.89538000
 431         2166.58180000
 432         2175.28511000
 433         2184.02605000
 434         2192.78402000
 435         2201.57994000
 436         2210.39306000
 437         2219.22337000
 438         2228.09199000
 439         2236.97796000
 440         2245.90254000
 441         2254.84463000
 442         2263.80423000
 443         2272.80283000
 444         2281.81909000
 445         2290.85303000
 446         2299.92634000
 447         2309.03924000
 448         2318.14830000
 449         2327.29710000
 450         2336.48589000
 451         2345.67078000
 452         2354.91793000
 453         2364.16118000
 454         2373.44489000
 455         2382.76927000
 456         2392.08970000
 457         2401.47347000
 458         2410.85331000
 459         2420.27429000
 460         2429.73665000
 461         2439.19502000
 462         2448.69494000
 463         2458.23662000
 464         2467.79729000
 465         2477.37694000
 466         2486.99876000
 467         2496.63974000
 468         2506.32319000
 469         2516.02597000
 470         2525.74808000
 471         2535.51306000
 472         2545.29754000
 473         2555.12522000
 474         2564.97257000
 475         2574.83958000
 476         2584.75020000
 477         2594.68066000
 478         2604.63096000
 479         2614.62528000
 480         2624.66384000
 481         2634.72257000
 482         2644.80150000
 483         2654.92508000
 484         2665.06901000
 485         2675.23332000
 486         2685.44270000
 487         2695.67261000
 488         2705.94792000
 489         2716.24393000
 490         2726.56068000
 491         2736.92322000
 492         2747.33180000
 493         2757.73625000
 494         2768.21218000
 495         2778.68400000
 496         2789.20235000
 497         2799.74198000
 498         2810.32847000
 499         2820.96208000
 500         2831.59155000
 501         2842.26831000
 502         2852.99260000
 503         2863.73869000
 504         2874.50659000
 505         2885.32246000
 506         2896.16031000
 507         2907.02016000
 508         2917.95475000
 509         2928.88525000
 510         2939.86446000
 511         2950.86603000
 512         2961.91667000
 513         2972.98983000
 514         2984.08557000
 515         2995.23078000
 516         3006.42574000
 517         3017.64360000
 518         3028.88439000
 519         3040.17534000
 520         3051.48939000
 521         3062.82658000
 522         3074.21435000
 523         3085.65300000
 524         3097.08748000
 525         3108.60071000
 526         3120.10982000
 527         3131.67031000
 528         3143.28244000
 529         3154.91843000
 530         3166.57830000
 531         3178.29025000
 532         3190.05453000
 533         3201.81470000
 534         3213.62740000
 535         3225.49288000
 536         3237.38279000
 537         3249.29717000
 538         3261.26476000
 539         3273.28583000
 540         3285.30283000
 541         3297.40248000
 542         3309.49807000
 543         3321.64768000
 544         3333.85158000
 545         3346.08070000
 546         3358.33507000
 547         3370.64416000
 548         3382.97870000
 549         3395.36830000
 550         3407.78355000
 551         3420.25424000
 552         3432.75075000
 553         3445.30306000
 554         3457.85135000
 555         3470.48576000
 556         3483.14639000
 557         3495.83324000
 558         3508.57672000
 559         3521.34663000
 560         3534.17351000
 561         3547.02703000
 562         3559.90720000
 563         3572.84481000
 564         3585.84011000
 565         3598.83151000
 566         3611.91184000
 567         3624.98828000
 568         3638.15418000
 569         3651.31624000
 570         3664.56828000
 571         3677.81653000
 572         3691.12377000
 573         3704.49028000
 574         3717.88465000
 575         3731.30687000
 576         3744.78885000
 577         3758.29889000
 578         3771.86904000
 579         3785.46747000
 580         3799.12637000
 581         3812.81377000
 582         3826.56200000
 583         3840.33892000
 584         3854.14456000
 585         3868.01151000
 586         3881.94007000
 587         3895.89772000
 588         3909.88449000
 589         3923.93334000
 590         3938.01151000
 591         3952.15214000
 592         3966.32230000
 593         3980.55530000
 594         3994.81803000
 595         4009.14397000
 596         4023.49986000
 597         4037.91934000
 598         4052.36898000
 599         4066.84881000
 600         4081.39271000
 601         4096.00094000
 602         4110.63978000
 603         4125.30921000
 604         4140.04348000
 605         4154.80858000
 606         4169.63888000
 607         4184.50022000
 608         4199.42717000
 609         4214.38536000
 610         4229.40953000
 611         4244.46515000
 612         4259.58716000
 613         4274.74084000
 614         4289.96129000
 615         4305.21361000
 616         4320.53309000
 617         4335.88468000
 618         4351.26840000
 619         4366.71976000
 620         4382.23903000
 621         4397.79086000
 622         4413.37526000
 623         4429.02808000
 624         4444.74960000
 625         4460.50410000
 626         4476.29161000
 627         4492.14833000
 628         4508.03826000
 629         4523.99781000
 630         4540.02723000
 631         4556.09030000
 632         4572.18704000
 633         4588.35416000
 634         4604.55518000
 635         4620.82698000
 636         4637.13290000
 637         4653.50999000
 638         4669.95855000
 639         4686.40444000
 640         4702.95932000
 641         4719.51157000
 642         4736.17338000
 643         4752.87019000
 644         4769.60201000
 645         4786.40660000
 646         4803.24644000
 647         4820.15945000
 648         4837.10791000
 649         4854.12997000
 650         4871.18773000
 651         4888.31947000
 652         4905.48712000
 653         4922.72917000
 654         4940.00735000
 655         4957.36035000
 656         4974.78843000
 657         4992.21428000
 658         5009.75436000
 659         5027.33124000
 660         5044.94494000
 661         5062.63467000
 662         5080.36147000
 663         5098.16469000
 664         5116.00520000
 665         5133.92256000
 666         5151.91706000
 667         5169.94930000
 668         5188.01928000
 669         5206.16693000
 670         5224.39255000
 671         5242.65635000
 672         5260.95839000
 673         5279.33892000
 674         5297.79824000
 675         5316.29622000
 676         5334.87340000
 677         5353.48949000
 678         5372.14452000
 679         5390.92005000
 680         5409.69407000
 681         5428.54825000
 682         5447.48286000
 683         5466.49825000
 684         5485.51222000
 685         5504.64852000
 686         5523.82486000
 687         5543.04129000
 688         5562.33945000
 689         5581.67793000
 690         5601.09853000
 691         5620.60159000
 692         5640.14543000
 693         5659.73006000
 694         5679.43983000
 695         5699.14859000
 696         5718.94077000
 697         5738.81664000
 698         5758.73402000
 699         5778.73554000
 700         5798.82150000
 701         5818.94941000
 702         5839.11931000
 703         5859.37420000
 704         5879.67132000
 705         5900.09703000
 706         5920.52214000
 707         5941.03309000
 708         5961.63022000
 709         5982.27027000
 710         6002.99690000
 711         6023.76671000
 712         6044.62354000
 713         6065.56771000
 714         6086.55551000
 715         6107.58699000
 716         6128.70634000
 717         6149.91389000
 718         6171.16558000
 719         6192.50590000
 720         6213.89061000
 721         6235.36438000
 722         6256.92753000
 723         6278.53552000
 724         6300.18841000
 725         6321.93124000
 726         6343.76431000
 727         6365.64275000
 728         6387.61187000
 729         6409.67197000
 730         6431.77792000
 731         6453.92974000
 732         6476.17311000
 733         6498.50836000
 734         6520.88995000
 735         6543.36388000
 736         6565.88438000
 737         6588.49765000
 738         6611.20400000
 739         6633.95741000
 740         6656.80436000
 741         6679.69861000
 742         6702.68685000
 743         6725.72265000
 744         6748.85288000
 745         6772.07783000
 746         6795.35086000
 747         6818.67196000
 748         6842.13557000
 749         6865.64771000
 750         6889.20842000
 751         6912.86521000
 752         6936.61840000
 753         6960.42064000
 754         6984.31974000
 755         7008.26815000
 756         7032.31385000
 757         7056.45718000
 758         7080.65031000
 759         7104.94151000
 760         7129.28278000
 761         7153.72256000
 762         7178.26121000
 763         7202.85039000
 764         7227.53889000
 765         7252.27822000
 766         7277.11727000
 767         7302.05643000
 768         7327.04689000
 769         7352.13790000
 770         7377.28048000
 771         7402.52405000
 772         7427.86893000
 773         7453.26590000
 774         7478.76464000
 775         7504.31572000
 776         7529.96905000
 777         7555.72493000
 778         7581.53366000
 779         7607.44540000
 780         7633.41027000
 781         7659.47861000
 782         7685.65076000
 783         7711.87653000
 784         7738.20656000
 785         7764.64123000
 786         7791.12998000
 787         7817.72383000
 788         7844.37203000
 789         7871.17691000
 790         7897.98540000
 791         7924.95122000
 792         7951.97217000
 793         7979.04827000
 794         8006.23117000
 795         8033.52121000
 796         8060.91872000
 797         8088.37212000
 798         8115.93347000
 799         8143.55097000
 800         8171.27691000
 801         8199.11157000
 802         8227.00292000
 803         8255.00349000
 804         8283.06100000
 805         8311.28091000
 806         8339.55824000
 807         8367.89305000
 808         8396.33834000
 809         8424.89448000
 810         8453.50860000
 811         8482.28732000
 812         8511.07110000
 813         8540.02017000
 814         8569.02797000
 815         8598.14824000
 816         8627.32751000
 817         8656.61974000
 818         8686.02522000
 819         8715.49027000
 820         8745.06906000
 821         8774.76195000
 822         8804.51491000
 823         8834.38245000
 824         8864.36489000
 825         8894.40792000
 826         8924.56637000
 827         8954.84054000
 828         8985.17582000
 829         9015.62734000
 830         9046.19542000
 831         9076.82513000
 832         9107.57190000
 833         9138.43606000
 834         9169.36238000
 835         9200.40660000
 836         9231.56903000
 837         9262.79416000
 838         9294.13800000
 839         9325.60090000
 840         9357.18320000
 841         9388.82898000
 842         9420.59464000
 843         9452.42405000
 844         9484.37386000
 845         9516.44440000
 846         9548.63600000
 847         9580.89214000
 848         9613.26986000
 849         9645.76950000
 850         9678.33419000
 851         9711.02130000
 852         9743.83118000
 853         9776.70667000
 854         9809.76301000
 855         9842.82774000
 856         9876.07403000
 857         9909.38674000
 858         9942.82387000
 859         9976.38581000
 860        10010.01469000
 861        10043.82719000
 862        10077.64870000
 863        10111.65453000
 864        10145.72810000
 865        10179.92816000
 866        10214.25507000
 867        10248.65027000
 868        10283.23186000
 869        10317.82308000
 870        10352.60141000
 871        10387.44882000
 872        10422.42478000
 873        10457.52966000
 874        10492.76383000
 875        10528.06786000
 876        10563.50168000
 877        10599.06564000
 878        10634.70002000
 879        10670.46505000
 880        10706.36107000
 881        10742.38845000
 882        10778.48708000
 883        10814.71757000
 884        10851.08026000
 885        10887.57553000
 886        10924.14286000
 887        10960.84329000
 888        10997.67716000
 889        11034.64484000
 890        11071.68537000
 891        11108.86022000
 892        11146.16976000
 893        11183.55272000
 894        11221.13258000
 895        11258.78638000
 896        11296.57609000
 897        11334.50209000
 898        11372.50258000
 899        11410.63985000
 900        11448.91429000
 901        11487.32624000
 902        11525.81351000
 903        11564.43883000
 904        11603.20251000
 905        11642.10497000
 906        11681.14656000
 907        11720.26456000
 908        11759.52219000
 909        11798.91982000
 910        11838.45784000
 911        11878.07309000
 912        11917.89283000
 913        11957.79034000
 914        11997.76569000
 915        12037.94670000
 916        12078.20607000
 917        12118.67208000
 918        12159.21693000
 919        12199.84073000
 920        12240.67236000
 921        12281.58342000
 922        12322.63865000
 923        12363.83838000
 924        12405.18299000
 925        12446.67284000
 926        12488.24327000
 927        12529.95947000
 928        12571.82181000
 929        12613.83067000
 930        12655.98644000
 931        12698.22385000
 932        12740.60869000
 933        12783.14133000
 934        12825.82212000
 935        12868.65146000
 936        12911.56359000
 937        12954.69101000
 938        12997.90176000
 939        13041.26232000
 940        13084.70651000
 941        13128.36772000
 942        13172.17987000
 943        13216.07647000
 944        13260.12453000
 945        13304.32446000
 946        13348.67659000
 947        13393.11404000
 948        13437.77167000
 949        13482.51512000
 950        13527.41210000
 951        13572.46298000
 952        13617.66813000
 953        13663.02794000
 954        13708.47471000
 955        13754.14484000
 956        13799.90248000
 957        13845.81608000
 958        13891.88599000
 959        13938.11264000
 960        13984.42764000
 961        14030.96873000
 962        14077.59874000
 963        14124.45580000
 964        14171.40231000
 965        14218.50762000
 966        14265.70273000
 967        14313.12661000
 968        14360.71042000
 969        14408.38486000
 970        14456.28956000
 971        14504.28543000
 972        14552.44253000
 973        14600.76126000
 974        14649.24200000
 975        14697.88511000
 976        14746.62056000
 977        14795.58949000
 978        14844.65132000
 979        14893.87685000
 980        14943.33735000
 981        14992.89157000
 982        15042.61065000
 983        15092.49499000
 984        15142.47365000
 985        15192.68956000
 986        15243.07187000
 987        15293.54935000
 988        15344.26555000
 989        15395.07746000
 990        15446.05714000
 991        15497.20493000
 992        15548.52128000
 993        15600.00654000
 994        15651.66110000
 995        15703.48535000
 996        15755.47970000
 997        15807.64452000
 998        15859.90735000
 999        15912.41421000
1000        15965.01963000
1001        16017.79687000
1002        16070.81963000
1003        16123.94182000
1004        16177.23700000
1005        16230.70559000
1006        16284.34794000
1007        16338.16449000
1008        16392.15561000
1009        16446.32171000
1010        16500.66317000
1011        16555.18039000
1012        16609.87375000
1013        16664.66917000
1014        16719.71593000
1015        16774.94003000
1016        16830.26702000
1017        16885.84688000
1018        16941.53021000
1019        16997.46743000
1020        17053.50869000
1021        17109.72945000
1022        17166.20561000
1023        17222.78668000
1024        17279.54843000
1025        17336.56714000
1026        17393.69160000
1027        17450.99796000
1028        17508.48663000
1029        17566.23428000
1030        17624.08884000
1031        17682.12692000
1032        17740.34886000
1033        17798.75514000
1034        17857.34609000
1035        17916.19914000
1036        17975.16082000
1037        18034.30843000
1038        18093.64232000
1039        18153.16295000
1040        18212.87070000
1041        18272.84360000
1042        18332.92691000
1043        18393.19856000
1044        18453.65893000
1045        18514.30844000
1046        18575.22571000
1047        18636.25484000
1048        18697.47433000
1049        18758.88460000
1050        18820.56469000
1051        18882.35779000
1052        18944.42179000
1053        19006.59942000
1054        19068.96982000
1055        19131.61267000
1056        19194.37003000
1057        19257.40087000
1058        19320.62637000
1059        19383.96726000
1060        19447.58319000
1061        19511.39502000
1062        19575.32315000
1063        19639.52789000
1064        19703.92976000
1065        19768.52913000
1066        19833.32649000
1067        19898.32218000
1068        19963.51666000
1069        20028.99114000
1070        20094.58450000
1071        20160.37789000
1072        20226.45284000
1073        20292.64760000
1074        20359.12497000
1075        20425.72277000
1076        20492.60424000
1077        20559.68845000
1078        20626.97578000
1079        20694.46668000
1080        20762.16154000
1081        20830.06080000
1082        20898.16485000
1083        20966.55654000
1084        21035.07158000
1085        21103.87531000
1086        21172.80296000
1087        21242.02041000
1088        21311.44538000
1089        21381.07833000
1090        21450.91962000
1091        21520.96974000
1092        21591.31251000
1093        21661.78159000
1094        21732.54438000
1095        21803.43411000
1096        21874.61865000
1097        21946.01473000
1098        22017.62279000
1099        22089.44322000
1100        22161.56087000
1101        22233.80748000
1102        22306.35237000
1103        22379.02683000
1104        22452.00065000
1105        22525.18964000
1106        22598.59420000
1107        22672.29998000
1108        22746.13712000
1109        22820.27652000
1110        22894.63347000
1111        22969.20832000
1112        23044.00156000
1113        23119.01360000
1114        23194.24486000
1115        23269.78190000
1116        23345.53925000
1117        23421.51732000
1118        23497.71656000
1119        23574.13740000
1120        23650.78025000
1121        23727.73239000
1122        23804.90763000
1123        23882.30640000
1124        23959.92918000
1125        24037.86363000
1126        24115.93574000
1127        24194.32063000
1128        24272.93146000
1129        24351.76863000
1130        24430.92048000
1131        24510.21179000
1132        24589.81888000
1133        24669.65429000
1134        24749.71847000
1135        24830.10029000
1136        24910.62336000
1137        24991.46522000
1138        25072.53781000
1139        25153.93048000
1140        25235.46593000
1141        25317.32260000
1142        25399.41195000
1143        25481.73445000
1144        25564.38003000
1145        25647.17024000
1146        25730.28466000
1147        25813.72406000
1148        25897.30926000
1149        25981.22059000
1150        26065.36859000
1151        26149.75370000
1152        26234.46680000
1153        26319.32758000
1154        26404.51746000
1155        26490.03729000
1156        26575.70596000
1157        26661.70568000
1158        26747.94605000
1159        26834.42751000
1160        26921.24196000
1161        27008.29864000
1162        27095.59797000
1163        27183.23219000
1164        27271.01833000
1165        27359.14044000
1166        27447.59940000
1167        27536.21144000
1168        27625.16143000
1169        27714.45015000
1170        27803.89322000
1171        27893.67613000
1172        27983.70687000
1173        28074.07886000
1174        28164.60666000
1175        28255.57011000
1176        28346.69029000
1177        28438.15418000
1178        28529.86910000
1179        28621.83543000
1180        28714.14742000
1181        28806.71200000
1182        28899.52959000
1183        28992.69481000
1184        29086.11419000
1185        29179.88256000
1186        29273.81170000
1187        29368.09098000
1188        29462.72124000
1189        29557.60840000
1190        29652.75286000
1191        29748.15513000
1192        29843.91091000
1193        29940.02097000
1194        30036.29515000
1195        30132.92481000
1196        30229.91072000
1197        30327.06202000
1198        30424.57072000
1199        30522.43769000
1200        30620.56744000
1201        30718.96051000
1202        30817.71379000
1203        30916.73153000
1204        31016.01411000
1205        31115.65893000
1206        31215.56977000
1207        31315.84420000
1208        31416.38584000
1209        31517.29248000
1210        31618.37001000
1211        31719.91127000
1212        31821.72205000
1213        31923.80284000
1214        32026.15405000
1215        32128.87423000
1216        32231.96416000
1217        32335.22814000
1218        32438.96148000
1219        32542.86975000
1220        32647.24905000
1221        32751.80420000
1222        32856.73312000
1223        32962.03665000
1224        33067.61643000
1225        33173.47300000
1226        33279.70613000
1227        33386.21719000
1228        33493.10625000
1229        33600.27440000
1230        33707.82199000
1231        33815.64984000
1232        33923.85857000
1233        34032.34871000
1234        34141.22117000
1235        34250.37622000
1236        34359.81435000
1237        34469.63679000
1238        34579.84436000
1239        34690.33688000
1240        34801.21601000
1241        34912.38128000
1242        35023.83316000
1243        35135.67367000
1244        35247.90356000
1245        35360.42202000
1246        35473.33132000
1247        35586.53033000
1248        35700.12166000
1249        35814.00389000
1250        35928.17748000
1251        36042.84791000
1252        36157.81114000
1253        36273.06766000
1254        36388.72082000
1255        36504.66843000
1256        36621.01414000
1257        36737.75872000
1258        36854.79970000
1259        36972.13759000
1260        37089.87642000
1261        37208.01705000
1262        37326.56033000
1263        37445.29916000
1264        37564.54594000
1265        37684.09345000
1266        37804.04647000
1267        37924.30147000
1268        38044.85890000
1269        38165.92862000
1270        38287.30220000
1271        38408.98012000
1272        38531.06800000
1273        38653.56662000
1274        38776.47687000
1275        38899.69413000
1276        39023.21891000
1277        39147.15738000
1278        39271.51041000
1279        39396.17285000
1280        39521.25132000
1281        39646.74665000
1282        39772.55340000
1283        39898.77849000
1284        40025.42278000
1285        40152.38039000
1286        40279.75869000
1287        40407.45155000
1288        40535.67367000
1289        40664.10457000
1290        40793.06644000
1291        40922.34559000
1292        41052.05010000
1293        41182.07309000
1294        41312.52290000
1295        41443.40039000
1296        41574.59835000
1297        41706.33368000
1298        41838.28261000
1299        41970.77070000
1300        42103.58192000
1301        42236.82552000
1302        42370.39358000
1303        42504.50446000
1304        42638.94122000
1305        42773.70439000
1306        42909.01311000
1307        43044.64974000
1308        43180.72432000
1309        43317.12806000
1310        43453.97122000
1311        43591.25476000
1312        43728.97950000
1313        43867.03610000
1314        44005.64575000
1315        44144.58880000
1316        44283.86568000
1317        44423.69839000
1318        44563.86644000
1319        44704.48134000
1320        44845.43283000
1321        44986.94392000
1322        45128.79312000
1323        45271.09242000
1324        45413.84274000
1325        45556.93312000
1326        45700.47601000
1327        45844.47230000
1328        45988.92283000
1329        46133.82850000
1330        46279.07781000
1331        46424.78375000
1332        46570.94729000
1333        46717.56922000
1334        46864.65045000
1335        47012.07886000
1336        47160.08128000
1337        47308.43237000
1338        47457.13264000
1339        47606.40968000
1340        47756.15113000
1341        47906.24403000
1342        48056.80282000
1343        48207.82846000
1344        48359.32175000
1345        48511.28364000
1346        48663.60056000
1347        48816.50213000
1348        48969.76031000
1349        49123.49035000
1350        49277.69319000
1351        49432.36968000
1352        49587.52082000
1353        49743.03201000
1354        49899.13484000
1355        50055.59932000
1356        50212.65747000
1357        50370.07882000
1358        50527.97985000
1359        50686.36151000
1360        50845.22466000
1361        51004.45387000
1362        51164.28261000
1363        51324.59557000
1364        51485.27683000
1365        51646.44390000
1366        51808.21463000
1367        51970.35603000
1368        52132.98590000
1369        52296.10511000
1370        52459.71464000
1371        52623.81533000
1372        52788.40810000
1373        52953.49389000
1374        53119.07353000
1375        53285.14803000
1376        53451.71822000
1377        53618.66657000
1378        53786.23083000
1379        53954.29347000
1380        54122.73664000
1381        54291.79882000
1382        54461.36218000
1383        54631.30839000
1384        54801.87671000
1385        54972.82941000
1386        55144.40636000
1387        55316.36928000
1388        55488.95846000
1389        55662.05528000
1390        55835.54038000
1391        56009.65496000
1392        56184.27981000
1393        56359.29537000
1394        56534.94357000
1395        56711.10476000
1396        56887.78002000
1397        57064.97017000
1398        57242.55496000
1399        57420.77759000
1400        57599.51790000
1401        57778.77677000
1402        57958.67696000
1403        58138.97600000
1404        58319.79635000
1405        58501.13907000
1406        58683.12722000
1407        58865.51738000
1408        59048.55520000
1409        59232.11925000
1410        59416.08765000
1411        59600.70687000
1412        59785.85516000
1413        59971.53337000
1414        60157.86585000
1415        60344.60693000
1416        60531.88078000
1417        60719.81207000
1418        60908.27823000
1419        61097.15620000
1420        61286.69483000
1421        61476.89534000
1422        61667.51037000
1423        61858.66496000
1424        62050.48465000
1425        62242.84607000
1426        62435.62518000
1427        62629.07263000
1428        62823.18976000
1429        63017.72728000
1430        63212.93659000
1431        63408.56792000
1432        63604.87318000
1433        63801.85379000
1434        63999.25902000
1435        64197.21565000
1436        64395.85075000
1437        64595.03931000
1438        64794.78236000
1439        64995.20736000
1440        65196.06221000
1441        65397.60122000
1442        65599.69864000
1443        65802.48272000
1444        66005.70009000
1445        66209.60618000
1446        66414.07482000
1447        66619.10691000
1448        66824.83127000
1449        67031.12125000
1450        67237.97778000
1451        67445.40186000
1452        67653.52282000
1453        67862.21346000
1454        68071.47474000
1455        68281.30763000
1456        68491.84198000
1457        68702.95012000
1458        68914.63296000
1459        69127.02082000
1460        69339.98558000
1461        69553.52823000
1462        69767.77937000
1463        69982.61056000
1464        70198.02275000
1465        70414.14705000
1466        70630.85450000
1467        70848.14608000
1468        71066.15333000
1469        71284.74691000
1470        71503.92774000
1471        71723.82781000
1472        71944.31727000
1473        72165.39727000
1474        72387.19999000
1475        72609.59534000
1476        72832.71590000
1477        73056.43130000
1478        73280.74252000
1479        73505.78248000
1480        73731.42048000
1481        73957.65743000
1482        74184.62679000
1483        74412.32986000
1484        74640.50262000
1485        74869.54421000
1486        75099.05743000
1487        75329.30910000
1488        75560.30055000
1489        75791.89979000
1490        76024.10787000
1491        76257.05928000
1492        76490.62171000
1493        76724.93010000
1494        76959.98565000
1495        77195.52154000
1496        77431.80694000
1497        77668.84321000
1498        77906.49709000
1499        78144.90441000
1500        78383.93158000
1501        78623.71464000
1502        78864.11985000
1503        79105.28342000
1504        79347.07134000
1505        79589.62014000
1506        79832.79553000
1507        80076.73432000
1508        80321.30196000
1509        80566.63548000
1510        80812.60010000
1511        81059.33312000
1512        81306.69945000
1513        81554.97334000
1514        81803.74631000
1515        82053.29274000
1516        82303.61399000
1517        82554.57435000
1518        82806.31205000
1519        83058.82852000
1520        83311.98763000
1521        83565.92799000
1522        83820.51327000
1523        84075.88233000
1524        84331.89847000
1525        84588.83928000
1526        84846.29136000
1527        85104.67083000
1528        85363.70219000
1529        85623.38652000
1530        85884.00262000
1531        86145.27417000
1532        86407.20213000
1533        86670.06625000
1534        86933.44989000
1535        87197.77252000
1536        87462.75641000
1537        87728.54249000
1538        87995.13219000
1539        88262.38665000
1540        88530.44724000
1541        88799.31543000
1542        89068.99260000
1543        89339.33941000
1544        89610.49777000
1545        89882.32807000
1546        90154.97250000
1547        90428.57373000
1548        90702.70934000
1549        90977.80454000
1550        91253.57787000
1551        91530.17214000
1552        91807.58878000
1553        92085.68709000
1554        92364.75258000
1555        92644.50233000
1556        92925.07991000
1557        93206.34395000
1558        93488.58125000
1559        93771.50760000
1560        94055.26726000
1561        94339.86153000
1562        94625.29194000
1563        94911.41638000
1564        95198.37949000
1565        95486.18271000
1566        95774.82747000
1567        96064.31524000
1568        96354.64744000
1569        96645.68117000
1570        96937.70639000
1571        97230.43575000
1572        97524.01500000
1573        97818.44564000
1574        98113.72900000
1575        98409.72146000
1576        98706.71460000
1577        99004.41940000
1578        99303.12813000
1579        99602.55107000
1580        99902.83523000
1581       100203.98200000
1582       100505.99283000
1583       100808.86918000
1584       101112.61244000
1585       101417.22420000
1586       101722.55904000
1587       102028.91184000
1588       102336.13738000
1589       102644.08997000
1590       102953.06525000
1591       103262.77022000
1592       103573.50115000
1593       103884.96429000
1594       104197.45660000
1595       104510.68383000
1596       104824.94330000
1597       105139.94043000
1598       105455.97302000
1599       105772.74584000
1600       106090.55727000
1601       106409.11167000
1602       106728.70791000
1603       107049.04962000
1604       107370.43648000
1605       107692.72096000
1606       108015.90440000
1607       108339.83865000
1608       108664.82451000
1609       108990.71376000
1610       109317.50794000
1611       109645.20846000
1612       109973.96727000
1613       110303.48513000
1614       110633.91378000
1615       110965.40551000
1616       111297.66038000
1617       111630.98152000
1618       111965.21958000
1619       112300.37620000
1620       112636.45263000
1621       112973.60228000
1622       113311.52318000
1623       113650.52040000
1624       113990.29173000
1625       114331.14255000
1626       114672.92249000
1627       115015.78556000
1628       115359.42826000
1629       115704.15728000
1630       116049.82167000
1631       116396.42284000
1632       116743.96230000
1633       117092.44153000
1634       117442.01547000
1635       117792.53255000
1636       118143.99411000
1637       118496.55559000
1638       118849.91074000
1639       119204.36918000
1640       119559.77839000
1641       119916.29438000
1642       120273.60977000
1643       120632.03516000
1644       120991.41762000
1645       121351.91373000
1646       121713.37014000
1647       122075.78834000
1648       122439.16984000
1649       122803.67181000
1650       123169.14047000
1651       123535.73312000
1652       123903.13951000
1653       124271.67328000
1654       124641.33637000
1655       125011.97412000
1656       125383.58804000
1657       125756.17975000
1658       126129.90753000
1659       126504.61632000
1660       126880.46489000
1661       127257.29779000
1662       127635.11647000
1663       128014.08011000
1664       128394.03295000
1665       128775.13437000
1666       129157.22822000
1667       129540.31604000
1668       129924.55773000
1669       130309.79664000
1670       130696.19306000
1671       131083.59012000
1672       131472.14823000
1673       131861.71024000
1674       132252.43694000
1675       132644.17089000
1676       133037.07325000
1677       133430.98613000
1678       133825.91106000
1679       134222.00973000
1680       134619.28384000
1681       135017.57535000
1682       135417.04596000
1683       135817.53716000
1684       136219.21129000
1685       136621.90929000
1686       137025.79378000
1687       137430.70560000
1688       137836.80757000
1689       138243.94007000
1690       138652.26648000
1691       139061.78851000
1692       139472.34637000
1693       139884.10369000
1694       140297.06228000
1695       140711.06193000
1696       141126.10417000
1697       141542.51572000
1698       141959.81064000
1699       142378.47885000
1700       142798.19673000
1701       143219.12882000
1702       143641.27728000
1703       144064.48048000
1704       144488.90365000
1705       144914.38505000
1706       145341.09003000
1707       145769.02068000
1708       146198.17889000
1709       146628.40235000
1710       147059.85708000
1711       147492.54518000
1712       147926.30368000
1713       148361.29917000
1714       148797.53363000
1715       149235.00899000
1716       149673.72733000
1717       150113.52508000
1718       150554.56943000
1719       150996.69671000
1720       151440.24016000
1721       151884.87016000
1722       152330.75460000
1723       152777.89521000
1724       153226.29429000
1725       153675.95366000
1726       154126.70851000
1727       154578.72739000
1728       155032.01239000
1729       155486.56536000
1730       155942.38849000
1731       156399.31607000
1732       156857.68525000
1733       157317.16253000
1734       157777.91766000
1735       158239.95267000
1736       158703.26948000
1737       159167.87013000
1738       159633.75662000
1739       160100.93100000
1740       160569.22641000
1741       161038.98248000
1742       161509.86325000
1743       161982.20904000
1744       162455.68329000
1745       162930.62682000
1746       163406.70268000
1747       163884.08227000
1748       164362.93768000
1749       164842.93099000
1750       165324.23404000
1751       165806.84897000
1752       166290.94846000
1753       166776.19332000
1754       167262.75617000
1755       167750.81005000
1756       168240.01497000
1757       168730.71531000
1758       169222.57049000
1759       169715.92546000
1760       170210.43897000
1761       170706.45668000
1762       171203.80894000
1763       171702.49771000
1764       172202.52514000
1765       172703.89309000
1766       173206.60380000
1767       173710.83210000
1768       174216.23436000
1769       174723.15861000
1770       175231.43415000
1771       175741.06273000
1772       176252.04661000
1773       176764.38786000
1774       177278.08833000
1775       177793.32434000
1776       178309.92410000
1777       178827.88967000
1778       179347.22312000
1779       179868.10105000
1780       180390.17650000
1781       180913.80097000
1782       181438.80178000
1783       181965.35636000
1784       182493.11622000
1785       183022.43429000
1786       183553.13729000
1787       184085.40313000
1788       184619.05824000
1789       185154.10492000
1790       185690.54492000
1791       186228.55707000
1792       186767.79053000
1793       187308.77712000
1794       187850.98918000
1795       188394.78240000
1796       188940.15943000
1797       189486.76792000
1798       190034.96457000
1799       190584.75194000
1800       191135.77697000
1801       191688.57502000
1802       192242.61482000
1803       192798.25448000
1804       193355.49664000
1805       193913.98668000
1806       194474.26229000
1807       195035.78996000
1808       195598.92921000
1809       196163.68269000
1810       196729.87365000
1811       197297.50421000
1812       197866.75583000
1813       198437.63128000
1814       199009.95312000
1815       199583.72346000
1816       200159.12469000
1817       200736.15916000
1818       201314.64904000
1819       201894.59632000
1820       202476.18404000
1821       203059.41473000
1822       203644.10977000
1823       204230.45251000
1824       204818.26423000
1825       205407.72837000
1826       205998.84772000
1827       206591.44278000
1828       207185.51589000
1829       207781.43313000
1830       208378.83327000
1831       208977.71820000
1832       209578.45524000
1833       210180.49928000
1834       210784.40060000
1835       211389.79610000
1836       211996.87113000
1837       212605.62827000
1838       213215.88646000
1839       213827.83175000
1840       214441.46647000
1841       215056.60926000
1842       215673.44647000
1843       216291.98070000
1844       216912.21430000
1845       217533.96552000
1846       218157.42099000
1847       218782.58355000
1848       219409.45554000
1849       220037.85451000
1850       220667.96792000
1851       221299.79826000
1852       221933.34824000
1853       222568.62036000
1854       223205.61720000
1855       223844.15540000
1856       224484.42311000
1857       225126.42306000
1858       225770.15797000
1859       226415.63022000
1860       227062.84241000
1861       227711.61039000
1862       228362.31038000
1863       229014.57084000
1864       229668.58139000
1865       230324.53238000
1866       230982.05110000
1867       231641.32788000
1868       232302.36521000
1869       232965.16560000
1870       233629.73178000
1871       234296.06639000
1872       234964.17192000
1873       235634.05111000
1874       236305.70649000
1875       236979.14066000
1876       237654.35626000
1877       238331.35604000
1878       239010.14239000
1879       239690.90783000
1880       240373.27562000
1881       241057.43800000
1882       241743.39749000
1883       242431.34709000
1884       243121.09950000
1885       243812.46669000
1886       244505.83225000
1887       245201.00854000
1888       245897.99796000
1889       246596.80342000
1890       247297.61874000
1891       248000.06395000
1892       248704.52477000
1893       249410.81226000
1894       250118.92921000
1895       250828.87812000
1896       251540.66167000
1897       252254.47516000
1898       252970.12877000
1899       253687.62529000
1900       254407.16050000
1901       255128.35096000
1902       255851.58560000
1903       256576.67398000
1904       257303.81248000
1905       258032.81035000
1906       258763.67039000
1907       259496.39511000
1908       260231.18144000
1909       260967.83811000
1910       261706.36779000
1911       262446.96786000
1912       263189.44660000
1913       263934.00155000
1914       264680.44084000
1915       265428.76700000
1916       266178.98286000
1917       266931.28658000
1918       267685.68143000
1919       268441.97437000
1920       269200.16835000
1921       269960.46202000
1922       270722.66241000
1923       271486.96850000
1924       272253.18672000
1925       273021.51690000
1926       273791.76492000
1927       274564.13062000
1928       275338.41986000
1929       276114.83294000
1930       276893.17525000
1931       277673.64728000
1932       278456.05425000
1933       279240.59696000
1934       280027.08019000
1935       280815.70519000
1936       281606.47514000
1937       282399.19433000
1938       283194.06450000
1939       283991.08869000
1940       284790.07087000
1941       285591.21312000
1942       286394.31924000
1943       287199.59132000
1944       288007.03270000
1945       288816.44657000
1946       289628.23593000
1947       290441.80342000
1948       291257.75262000
1949       292075.68629000
1950       292895.80745000
1951       293718.11961000
1952       294542.62581000
1953       295369.12786000
1954       296197.83019000
1955       297028.73582000
1956       297861.84798000
1957       298696.96785000
1958       299534.30033000
1959       300373.84848000
1960       301215.61565000
1961       302059.60490000
1962       302905.81958000
1963       303754.05981000
1964       304604.73455000
1965       305457.44109000
1966       306312.38531000
1967       307169.57071000
1968       308029.00023000
1969       308890.67721000
1970       309754.60474000
1971       310620.78619000
1972       311489.22463000
1973       312359.71906000
1974       313232.68099000
1975       314107.90974000
1976       314985.40839000
1977       315865.18016000
1978       316747.02314000
1979       317631.35055000
1980       318517.96078000
1981       319406.85708000
1982       320298.04252000
1983       321191.52051000
1984       322087.29411000
1985       322985.36659000
1986       323885.94775000
1987       324788.62784000
1988       325693.82343000
1989       326601.33102000
1990       327511.15403000
1991       328423.29571000
1992       329337.75930000
1993       330254.75543000
1994       331173.87246000
1995       332095.52902000
1996       333019.52083000
1997       333945.85084000
1998       334874.73095000
1999       335805.95625000
2000       336739.52986000
2001       337675.45536000
2002       338613.94464000
2003       339554.79250000
2004       340498.00221000
2005       341443.57688000
2006       342391.72937000
2007       343342.46359000
2008       344295.36348000
2009       345250.85165000
2010       346208.72196000
2011       347169.18774000
2012       348132.04253000
2013       349097.49999000
2014       350065.35320000
2015       351035.60542000
2016       352008.47097000
2017       352983.74244000
2018       353961.63445000
2019       354941.93928000
2020       355924.66006000
2021       356910.22403000
2022       357897.99904000
2023       358888.41250000
2024       359881.46819000
2025       360876.95727000
2026       361875.09582000
2027       362875.88745000
2028       363878.90993000
2029       364884.80585000
2030       365893.15248000
2031       366904.16670000
2032       367917.63857000
2033       368933.78547000
2034       369952.61102000
2035       370973.90462000
2036       371997.88432000
2037       373024.55374000
2038       374053.70182000
2039       375085.54691000
2040       376120.09263000
2041       377157.12779000
2042       378197.08638000
2043       379239.54136000
2044       380284.49642000
2045       381332.38632000
2046       382382.78359000
2047       383435.90736000
2048       384491.76161000
2049       385550.35016000
2050       386611.67684000
2051       387675.52868000
2052       388742.12580000
2053       389811.47201000
2054       390883.57132000
2055       391958.42757000
2056       393036.04421000
2057       394116.42544000
2058       395199.57492000
2059       396285.27843000
2060       397373.97575000
2061       398465.23444000
2062       399559.49478000
2063       400656.32403000
2064       401756.16274000
2065       402858.57774000
2066       403964.01040000
2067       405072.02635000
2068       406183.06799000
2069       407296.92015000
2070       408413.36667000
2071       409532.85093000
2072       410655.15709000
2073       411780.28883000
2074       412908.25040000
2075       414039.26590000
2076       415172.89829000
2077       416309.59286000
2078       417449.13265000
2079       418591.52154000
2080       419736.76358000
2081       420884.86246000
2082       422036.04381000
2083       423190.09008000
2084       424347.00513000
2085       425506.79285000
2086       426669.67953000
2087       427835.44696000
2088       429004.09884000
2089       430175.63924000
2090       431350.29512000
2091       432527.84743000
2092       433708.52346000
2093       434892.10402000
2094       436078.59321000
2095       437267.99473000
2096       438460.53651000
2097       439656.22295000
2098       440854.83407000
2099       442056.37377000
2100       443261.07044000
2101       444468.70383000
2102       445679.50267000
2103       446893.24636000
2104       448110.16417000
2105       449330.03478000
2106       450553.08779000
2107       451779.10177000
2108       453008.30663000
2109       454240.48081000
2110       455475.85417000
2111       456714.20483000
2112       457955.99002000
2113       459200.53420000
2114       460448.52153000
2115       461699.50285000
2116       462953.70920000
2117       464210.91772000
2118       465471.35979000
2119       466735.03984000
2120       468001.73432000
2121       469271.67552000
2122       470544.86744000
2123       471821.31473000
2124       473100.79343000
2125       474383.76462000
2126       475669.54640000
2127       476958.82998000
2128       478251.39038000
2129       479547.00325000
2130       480846.13110000
2131       482148.31979000
2132       483453.80319000
2133       484762.58535000
2134       486074.44066000
2135       487389.83413000
2136       488708.53973000
2137       490030.33136000
2138       491355.67483000
2139       492684.11295000
2140       494016.11194000
2141       495351.21418000
2142       496689.88656000
2143       498031.67081000
2144       499376.80258000
2145       500725.51841000
2146       502077.59105000
2147       503432.79259000
2148       504791.59233000
2149       506153.76210000
2150       507519.30662000
2151       508888.23035000
2152       510260.53780000
2153       511636.46660000
2154       513015.55489000
2155       514398.27386000
2156       515784.39485000
2157       517173.92191000
2158       518566.86021000
2159       519963.44795000
2160       521363.45582000
2161       522766.88856000
2162       524173.75021000
2163       525584.28055000
2164       526998.24939000
2165       528415.66124000
2166       529836.75614000
2167       531261.30320000
2168       532689.54277000
2169       534121.00808000
2170       535556.41147000
2171       536995.04941000
2172       538437.39919000
2173       539883.46561000
2174       541332.77977000
2175       542786.05721000
2176       544242.82887000
2177       545703.09905000
2178       547167.11004000
2179       548634.62919000
2180       550105.89890000
2181       551580.92374000
2182       553059.47127000
2183       554541.54558000
2184       556027.38973000
2185       557517.00877000
2186       559010.40774000
2187       560507.35294000
2188       562007.84845000
2189       563512.37774000
2190       565020.46760000
2191       566532.36179000
2192       568047.82554000
2193       569567.10365000
2194       571090.20120000
2195       572617.12326000
2196       574147.87443000
2197       575682.21957000
2198       577220.40412000
2199       578762.43267000
2200       580308.31078000
2201       581857.80171000
2202       583411.39355000
2203       584968.60830000
2204       586529.69214000
2205       588094.65040000
2206       589663.48818000
2207       591236.21034000
2208       592812.82221000
2209       594393.32865000
2210       595977.73500000
2211       597566.04613000
2212       599158.02397000
2213       600754.15981000
2214       602354.21600000
2215       603958.19715000
2216       605566.10888000
2217       607177.95580000
2218       608793.98747000
2219       610413.72081000
2220       612037.64948000
2221       613665.28948000
2222       615297.13515000
2223       616932.94734000
2224       618572.73118000
2225       620216.73667000
2226       621864.47890000
2227       623516.45363000
2228       625172.42066000
2229       626832.38511000
2230       628496.59833000
2231       630164.81960000
2232       631837.05409000
2233       633513.55363000
2234       635194.07675000
2235       636878.62862000
2236       638567.46185000
2237       640260.33473000
2238       641957.49970000
2239       643658.71474000
2240       645363.98525000
2241       647073.56393000
2242       648787.20877000
2243       650505.17305000
2244       652227.21365000
2245       653953.58499000
2246       655684.29221000
2247       657419.09223000
2248       659157.99021000
2249       660901.24047000
2250       662648.84897000
2251       664400.57142000
2252       666156.66289000
2253       667917.12936000
2254       669681.72602000
2255       671450.70874000
2256       673224.08271000
2257       675001.60314000
2258       676783.52643000
2259       678569.85774000
2260       680360.60308000
2261       682155.51645000
2262       683954.85521000
2263       685758.62454000
2264       687566.83015000
2265       689379.47806000
2266       691196.32145000
2267       693017.87068000
2268       694843.62653000
2269       696673.84698000
2270       698508.53778000
2271       700347.70467000
2272       702191.35339000
2273       704039.48969000
2274       705892.11931000
2275       707749.50180000
2276       709611.13522000
2277       711477.27922000
2278       713347.93956000
2279       715223.12172000
2280       717102.83146000
2281       718987.32964000
2282       720876.11228000
2283       722769.69496000
2284       724667.82862000
2285       726570.51933000
2286       728477.77230000
2287       730389.84970000
2288       732306.50125000
2289       734227.47684000
2290       736153.55051000
2291       738083.96007000
2292       740019.22361000
2293       741959.09058000
2294       743903.56705000
2295       745852.91574000
2296       747806.88587000
2297       749765.74050000
2298       751729.22822000
2299       753697.35486000
2300       755670.38425000
2301       757648.06451000
2302       759630.65985000
2303       761617.91801000
2304       763610.10357000
2305       765606.96365000
2306       767608.50435000
2307       769615.25003000
2308       771626.68837000
2309       773642.82522000
2310       775663.92646000
2311       777689.99815000
2312       779720.78653000
2313       781756.55801000
2314       783797.31835000
2315       785842.81389000
2316       787893.31066000
2317       789948.81563000
2318       792009.07342000
2319       794074.61281000
2320       796144.91740000
2321       798220.25534000
2322       800300.37024000
2323       802385.79288000
2324       804476.00489000
2325       806571.27511000
2326       808671.87242000
2327       810777.27776000
2328       812887.76045000
2329       815003.32658000
2330       817123.71936000
2331       819249.47109000
2332       821380.32577000
2333       823516.28918000
2334       825657.36834000
2335       827803.56873000
2336       829954.89769000
2337       832111.36101000
2338       834272.96511000
2339       836439.98146000
2340       838611.88684000
2341       840789.21766000
2342       842971.71529000
2343       845159.38614000
2344       847352.23666000
2345       849550.27326000
2346       851753.76802000
2347       853962.46242000
2348       856176.36256000
2349       858395.74105000
2350       860620.33851000
2351       862850.16141000
2352       865085.48285000
2353       867326.04298000
2354       869571.84791000
2355       871823.17194000
2356       874079.75405000
2357       876341.86855000
2358       878609.25440000
2359       880882.18626000
2360       883160.40276000
2361       885444.17924000
2362       887733.25331000
2363       890027.90068000
2364       892328.12836000
2365       894633.67377000
2366       896944.54372000
2367       899261.28389000
2368       901583.36194000
2369       903910.78471000
2370       906244.09859000
2371       908582.77052000
2372       910927.07783000
2373       913276.75655000
2374       915632.35481000
2375       917993.33821000
2376       920359.98439000
2377       922732.30041000
2378       925110.02146000
2379       927493.69809000
2380       929882.79347000
2381       932277.85854000
2382       934678.35646000
2383       937084.56578000
2384       939496.76612000
2385       941914.41996000
2386       944337.80637000
2387       946766.93277000
2388       949202.07913000
2389       951642.70619000
2390       954089.09410000
2391       956541.52369000
2392       958999.72863000
2393       961463.71600000
2394       963933.49287000
2395       966409.06598000
2396       968890.44276000
2397       971377.90513000
2398       973871.18571000
2399       976370.29124000
2400       978875.22881000
2401       981386.28141000
2402       983903.18061000
2403       986425.93351000
2404       988954.82362000
2405       991489.58202000
2406       994030.49183000
2407       996577.28487000
2408       999129.96788000
2409      1001688.82491000
2410      1004253.86325000
2411      1006824.81364000
2412      1009401.68321000
2413      1011984.75673000
2414      1014574.04148000
2415      1017169.26716000
2416      1019770.71942000
2417      1022378.12762000
2418      1024991.77667000
2419      1027611.67496000
2420      1030237.55098000
2421      1032869.69127000
2422      1035508.10276000
2423      1038152.51416000
2424      1040803.49209000
2425      1043460.48458000
2426      1046123.77907000
2427      1048793.38289000
2428      1051469.02423000
2429      1054151.27039000
2430      1056839.56839000
2431      1059534.48735000
2432      1062235.47360000
2433      1064942.81508000
2434      1067656.51952000
2435      1070376.59463000
2436      1073103.33019000
2437      1075836.17039000
2438      1078575.40408000
2439      1081321.32194000
2440      1084073.36712000
2441      1086832.11192000
2442      1089597.28150000
2443      1092368.88401000
2444      1095146.92718000
2445      1097931.41878000
2446      1100722.64960000
2447      1103520.06071000
2448      1106324.51146000
2449      1109135.15765000
2450      1111952.57556000
2451      1114776.48878000
2452      1117606.90509000
2453      1120444.11692000
2454      1123287.84814000
2455      1126138.39077000
2456      1128995.46870000
2457      1131859.08895000
2458      1134729.54523000
2459      1137606.84589000
2460      1140490.71334000
2461      1143381.44106000
2462      1146278.75153000
2463      1149182.93859000
2464      1152093.72437000
2465      1155011.40308000
2466      1157935.98344000
2467      1160867.18628000
2468      1163805.30673000
2469      1166750.35314000
2470      1169702.33428000
2471      1172660.96986000
2472      1175626.55653000
2473      1178599.10187000
2474      1181578.61463000
2475      1184565.10321000
2476      1187558.28723000
2477      1190558.75198000
2478      1193565.92858000
2479      1196580.11417000
2480      1199601.60616000
2481      1202629.83424000
2482      1205665.09648000
2483      1208707.69127000
2484      1211757.04638000
2485      1214813.46087000
2486      1217877.23283000
2487      1220948.08133000
2488      1224026.01438000
2489      1227111.04039000
2490      1230203.16779000
2491      1233302.40457000
2492      1236409.05161000
2493      1239522.82524000
2494      1242643.73434000
2495      1245772.07903000
2496      1248907.57641000
2497      1252050.23451000
2498      1255200.06218000
2499      1258357.36030000
2500      1261522.13829000
2501      1264694.11106000
2502      1267873.28796000
2503      1271059.97055000
2504      1274253.87412000
2505      1277455.30104000
2506      1280664.26031000
2507      1283880.46669000
2508      1287103.92865000
2509      1290335.24348000
2510      1293573.53677000
2511      1296819.70142000
2512      1300073.15666000
2513      1303334.20591000
2514      1306602.85818000
2515      1309879.12296000
2516      1313162.71297000
2517      1316453.93277000
2518      1319752.79186000
2519      1323059.29884000
2520      1326373.46276000
2521      1329694.99591000
2522      1333024.50072000
2523      1336361.39253000
2524      1339706.27449000
2525      1343058.56123000
2526      1346418.85617000
2527      1349786.87153000
2528      1353162.31836000
2529      1356545.80163000
2530      1359937.03212000
2531      1363336.01892000
2532      1366742.77159000
2533      1370157.59769000
2534      1373579.90909000
2535      1377010.31250000
2536      1380448.51763000
2537      1383894.83461000
2538      1387348.67206000
2539      1390810.93906000
2540      1394280.74522000
2541      1397758.69987000
2542      1401244.51214000
2543      1404738.49143000
2544      1408240.34742000
2545      1411750.38941000
2546      1415268.32582000
2547      1418794.16672000
2548      1422328.52313000
2549      1425870.50076000
2550      1429421.01424000
2551      1432979.46849000
2552      1436546.17598000
2553      1440120.84389000
2554      1443703.78315000
2555      1447295.00442000
2556      1450894.51648000
2557      1454502.02673000
2558      1458117.84684000
2559      1461741.98702000
2560      1465374.45700000
2561      1469015.26652000
2562      1472664.12066000
2563      1476321.63829000
2564      1479987.21919000
2565      1483661.48295000
2566      1487343.83008000
2567      1491034.87946000
2568      1494734.33662000
2569      1498441.90492000
2570      1502158.20579000
2571      1505882.94325000
2572      1509616.12708000
2573      1513357.76754000
2574      1517108.17979000
2575      1520866.76159000
2576      1524634.13559000
2577      1528410.31214000
2578      1532194.68742000
2579      1535987.88471000
2580      1539789.60792000
2581      1543600.17296000
2582      1547419.28389000
2583      1551246.94903000
2584      1555083.48786000
2585      1558928.90923000
2586      1562782.91600000
2587      1566645.51749000
2588      1570517.03292000
2589      1574397.47166000
2590      1578286.53586000
2591      1582184.54429000
2592      1586091.19721000
2593      1590007.12509000
2594      1593931.71789000
2595      1597864.98649000
2596      1601807.56041000
2597      1605758.83007000
2598      1609719.11553000
2599      1613688.42773000
2600      1617666.77709000
2601      1621654.17351000
2602      1625650.31597000
2603      1629655.83815000
2604      1633670.12739000
2605      1637693.81654000
2606      1641726.60546000
2607      1645768.19170000
2608      1649819.21027000
2609      1653879.35943000
2610      1657948.64964000
2611      1662027.09084000
2612      1666115.00782000
2613      1670211.78417000
2614      1674318.05655000
2615      1678433.83652000
2616      1682558.50709000
2617      1686692.70606000
2618      1690836.13062000
2619      1694988.79126000
2620      1699151.01215000
2621      1703322.80594000
2622      1707503.86697000
2623      1711694.20682000
2624      1715894.15094000
2625      1720103.39474000
2626      1724322.26456000
2627      1728550.77205000
2628      1732788.61096000
2629      1737036.10877000
2630      1741292.96053000
2631      1745559.80866000
2632      1749836.03256000
2633      1754121.64223000
2634      1758417.28228000
2635      1762722.32993000
2636      1767037.11287000
2637      1771361.96062000
2638      1775696.24820000
2639      1780039.98674000
2640      1784393.82307000
2641      1788757.45029000
2642      1793130.88008000
2643      1797514.12245000
2644      1801907.18968000
2645      1806310.09233000
2646      1810722.84156000
2647      1815145.76822000
2648      1819578.24424000
2649      1824020.91981000
2650      1828473.48752000
2651      1832935.95740000
2652      1837408.66182000
2653      1841890.97032000
2654      1846383.85764000
2655      1850886.37082000
2656      1855399.16437000
2657      1859922.25004000
2658      1864455.31726000
2659      1868998.37724000
2660      1873551.76385000
2661      1878115.16541000
2662      1882688.91676000
2663      1887273.02910000
2664      1891867.19135000
2665      1896471.73776000
2666      1901086.68012000
2667      1905711.70681000
2668      1910347.15206000
2669      1914993.02884000
2670      1919649.34777000
2671      1924315.79711000
2672      1928993.03616000
2673      1933680.42886000
2674      1938378.31117000
2675      1943086.69431000
2676      1947805.59010000
2677      1952535.01096000
2678      1957275.29356000
2679      1962025.79906000
2680      1966786.86514000
2681      1971558.82903000
2682      1976341.05019000
2683      1981134.19383000
2684      1985937.94523000
2685      1990752.31623000
2686      1995577.64502000
2687      2000413.61814000
2688      2005260.24622000
2689      2010117.54177000
2690      2014985.84372000
2691      2019865.16511000
2692      2024755.19037000
2693      2029655.93076000
2694      2034567.72722000
2695      2039490.26298000
2696      2044423.87936000
2697      2049368.25861000
2698      2054324.07220000
2699      2059290.34452000
2700      2064268.07614000
2701      2069256.61942000
2702      2074256.31745000
2703      2079267.18147000
2704      2084288.89434000
2705      2089322.12953000
2706      2094366.23758000
2707      2099421.56189000
2708      2104488.11434000
2709      2109565.90872000
2710      2114654.95566000
2711      2119755.26958000
2712      2124867.19352000
2713      2129990.07666000
2714      2135124.26377000
2715      2140270.09908000
2716      2145426.93131000
2717      2150595.43657000
2718      2155775.29637000
2719      2160966.85638000
2720      2166169.46188000
2721      2171383.79244000
2722      2176609.86120000
2723      2181847.34812000
2724      2187096.26449000
2725      2192356.62354000
2726      2197629.10600000
2727      2202912.72316000
2728      2208208.15529000
2729      2213515.41621000
2730      2218834.51842000
2731      2224165.14046000
2732      2229507.29493000
2733      2234861.66453000
2734      2240227.59324000
2735      2245605.42776000
2736      2250995.18263000
2737      2256396.53395000
2738      2261810.16762000
2739      2267235.42445000
2740      2272672.65276000
2741      2278121.86644000
2742      2283583.41679000
2743      2289056.64110000
2744      2294541.89048000
2745      2300039.17818000
2746      2305548.85557000
2747      2311070.25982000
2748      2316604.07997000
2749      2322149.99182000
2750      2327708.00795000
2751      2333278.48139000
2752      2338861.08603000
2753      2344455.83583000
2754      2350063.08303000
2755      2355682.50234000
2756      2361314.10566000
2757      2366958.24788000
2758      2372614.60179000
2759      2378283.52127000
2760      2383965.02089000
2761      2389658.77218000
2762      2395364.78914000
2763      2401083.76779000
2764      2406815.03953000
2765      2412558.95940000
2766      2418315.19870000
2767      2424084.45638000
2768      2429866.06021000
2769      2435660.36815000
2770      2441467.39271000
2771      2447287.14780000
2772      2453119.64808000
2773      2458964.90748000
2774      2464822.93922000
2775      2470693.75725000
2776      2476577.37552000
2777      2482473.80799000
2778      2488383.06933000
2779      2494305.51716000
2780      2500240.47689000
2781      2506188.65070000
2782      2512150.05460000
2783      2518124.01215000
2784      2524111.22667000
2785      2530111.71419000
2786      2536125.14211000
2787      2542151.52518000
2788      2548191.22273000
2789      2554243.90382000
2790      2560309.92891000
2791      2566389.31187000
2792      2572481.72120000
2793      2578587.51719000
2794      2584706.36726000
2795      2590838.63359000
2796      2596984.33003000
2797      2603143.47122000
2798      2609316.07178000
2799      2615501.79893000
2800      2621701.36192000
2801      2627914.08040000
2802      2634140.31567000
2803      2640380.43203000
2804      2646633.74726000
2805      2652900.97254000
2806      2659181.42486000
2807      2665475.81694000
2808      2671783.81490000
2809      2678105.43344000
2810      2684441.03747000
2811      2690789.94062000
2812      2697152.85826000
2813      2703529.80644000
2814      2709920.09764000
2815      2716324.80038000
2816      2722742.87478000
2817      2729175.04048000
2818      2735621.31046000
2819      2742081.34881000
2820      2748555.52323000
2821      2755043.84744000
2822      2761545.98580000
2823      2768062.30421000
2824      2774592.46587000
2825      2781136.83864000
2826      2787695.79116000
2827      2794268.63236000
2828      2800855.72992000
2829      2807456.74688000
2830      2814072.40378000
2831      2820702.36390000
2832      2827346.64260000
2833      2834005.25444000
2834      2840678.21562000
2835      2847365.54071000
2836      2854067.24509000
2837      2860783.69957000
2838      2867514.20972000
2839      2874259.50116000
2840      2881019.58985000
2841      2887793.77945000
2842      2894583.15389000
2843      2901386.66007000
2844      2908205.02634000
2845      2915037.91178000
2846      2921885.68813000
2847      2928748.37305000
2848      2935625.62341000
2849      2942517.81319000
2850      2949424.59971000
2851      2956346.71544000
2852      2963283.46042000
2853      2970234.84932000
2854      2977201.61577000
2855      2984183.05703000
2856      2991179.90920000
2857      2998191.46792000
2858      3005218.10981000
2859      3012260.20974000
2860      3019317.06558000
2861      3026389.05117000
2862      3033476.54366000
2863      3040578.83977000
2864      3047696.67454000
2865      3054829.70472000
2866      3061978.30824000
2867      3069142.13894000
2868      3076321.21297000
2869      3083515.54814000
2870      3090725.52066000
2871      3097950.78615000
2872      3105191.72204000
2873      3112447.98361000
2874      3119719.94952000
2875      3127007.63568000
2876      3134310.69592000
2877      3141629.51039000
2878      3148963.73169000
2879      3156314.10297000
2880      3163679.91512000
2881      3171061.54645000
2882      3178459.01549000
2883      3185871.97391000
2884      3193301.16682000
2885      3200746.24695000
2886      3208207.23024000
2887      3215683.77023000
2888      3223176.61271000
2889      3230685.40881000
2890      3238210.54182000
2891      3245751.29758000
2892      3253308.42343000
2893      3260881.57150000
2894      3268470.75866000
2895      3276076.36742000
2896      3283698.04848000
2897      3291336.18654000
2898      3298990.43102000
2899      3306660.79969000
2900      3314348.04363000
2901      3322051.07767000
2902      3329771.02281000
2903      3337507.15908000
2904      3345259.87350000
2905      3353029.18176000
2906      3360814.73445000
2907      3368616.91651000
2908      3376435.74452000
2909      3384271.60620000
2910      3392123.78160000
2911      3399992.65553000
2912      3407878.24550000
2913      3415780.57090000
2914      3423699.64743000
2915      3431635.86309000
2916      3439588.86630000
2917      3447558.67462000
2918      3455545.30469000
2919      3463548.77409000
2920      3471569.47274000
2921      3479607.41788000
2922      3487661.88501000
2923      3495734.00527000
2924      3503822.68271000
2925      3511929.05060000
2926      3520052.38254000
2927      3528192.69615000
2928      3536350.38204000
2929      3544525.45842000
2930      3552717.94352000
2931      3560927.85555000
2932      3569154.83804000
2933      3577399.28355000
2934      3585661.58448000
2935      3593941.01097000
2936      3602237.95427000
2937      3610552.43361000
2938      3618884.84219000
2939      3627234.44765000
2940      3635602.01833000
2941      3643987.19854000
2942      3652390.00561000
2943      3660810.45784000
2944      3669248.95061000
2945      3677705.12553000
2946      3686179.37743000
2947      3694671.34851000
2948      3703181.05711000
2949      3711708.89863000
2950      3720254.89299000
2951      3728818.67968000
2952      3737400.65570000
2953      3746000.84000000
2954      3754618.87346000
2955      3763255.52997000
2956      3771910.07417000
2957      3780582.90110000
2958      3789274.02973000
2959      3797983.10099000
2960      3806710.89176000
2961      3815457.04119000
2962      3824221.56927000
2963      3833004.49401000
2964      3841806.21443000
2965      3850625.99072000
2966      3859464.60113000
2967      3868321.68466000
2968      3877197.26137000
2969      3886091.72926000
2970      3895005.11000000
2971      3903936.65944000
2972      3912887.53979000
2973      3921856.62798000
2974      3930845.08742000
2975      3939852.17297000
2976      3948878.28713000
2977      3957923.06701000
2978      3966986.91446000
2979      3976069.84919000
2980      3985171.88986000
2981      3994293.05720000
2982      4003433.36989000
2983      4012592.84869000
2984      4021771.51227000
2985      4030969.38142000
2986      4040186.47481000
2987      4049422.81220000
2988      4058678.41439000
2989      4067953.68501000
2990      4077248.25927000
2991      4086562.15696000
2992      4095895.78442000
2993      4105248.77418000
2994      4114621.14817000
2995      4124013.31015000
2996      4133425.28265000
2997      4142856.69742000
2998      4152307.96313000
2999      4161779.09803000
3000      4171269.73544000
3001      4180780.28465000
3002      4190310.76392000
3003      4199861.19478000
3004      4209431.59658000
3005      4219021.99086000
3006      4228632.00979000
3007      4238262.44911000
3008      4247912.94121000
3009      4257583.50765000
3010      4267274.16782000
3011      4276984.94221000
3012      4286716.24188000
3013      4296467.69717000
3014      4306239.32856000
3015      4316031.54665000
3016      4325843.98229000
3017      4335677.04646000
3018      4345530.36963000
3019      4355404.36320000
3020      4365299.04831000
3021      4375214.05485000
3022      4385149.79372000
3023      4395105.89667000
3024      4405083.16573000
3025      4415080.83968000
3026      4425099.72249000
3027      4435139.05218000
3028      4445199.24085000
3029      4455280.31084000
3030      4465382.67640000
3031      4475505.57172000
3032      4485649.80431000
3033      4495815.00349000
3034      4506001.18935000
3035      4516208.38313000
3036      4526437.00032000
3037      4536687.06390000
3038      4546957.80418000
3039      4557250.42862000
3040      4567564.16848000
3041      4577899.04388000
3042      4588255.47385000
3043      4598633.47912000
3044      4609033.08044000
3045      4619453.90483000
3046      4629896.36984000
3047      4640360.49739000
3048      4650846.30823000
3049      4661353.82665000
3050      4671883.07105000
3051      4682434.06574000
3052      4693006.83266000
3053      4703601.79021000
3054      4714218.16651000
3055      4724856.77778000
3056      4735517.24958000
3057      4746199.99991000
3058      4756904.65514000
3059      4767631.23609000
3060      4778380.16496000
3061      4789151.06277000
3062      4799944.35334000
3063      4810760.05690000
3064      4821597.79868000
3065      4832457.99953000
3066      4843340.68088000
3067      4854245.86782000
3068      4865173.58058000
3069      4876123.44223000
3070      4887096.27687000
3071      4898091.30415000
3072      4909109.35020000
3073      4920150.03670000
3074      4931213.38636000
3075      4942299.41944000
3076      4953408.16235000
3077      4964540.03775000
3078      4975694.66637000
3079      4986872.47500000
3080      4998073.08274000
3081      5009296.51234000
3082      5020543.19121000
3083      5031813.14024000
3084      5043106.38529000
3085      5054422.54449000
3086      5065762.04484000
3087      5077124.50659000
3088      5088510.75924000
3089      5099920.01845000
3090      5111353.11706000
3091      5122809.26868000
3092      5134289.30695000
3093      5145792.44344000
3094      5157319.51388000
3095      5168870.13633000
3096      5180444.33424000
3097      5192042.53622000
3098      5203664.36103000
3099      5215309.83213000
3100      5226979.37749000
3101      5238672.61784000
3102      5250389.98153000
3103      5262131.49269000
3104      5273896.76760000
3105      5285686.23912000
3106      5297499.52187000
3107      5309337.45625000
3108      5321199.25105000
3109      5333085.33607000
3110      5344996.14712000
3111      5356930.88788000
3112      5368889.99400000
3113      5380873.89800000
3114      5392881.80369000
3115      5404914.55606000
3116      5416971.77101000
3117      5429053.88057000
3118      5441160.08828000
3119      5453291.65296000
3120      5465447.36426000
3121      5477628.48092000
3122      5489833.79271000
3123      5502064.55960000
3124      5514319.98335000
3125      5526600.49896000
3126      5538905.71908000
3127      5551236.49426000
3128      5563592.02335000
3129      5575973.15639000
3130      5588379.09412000
3131      5600810.27279000
3132      5613267.13081000
3133      5625749.28007000
3134      5638256.33163000
3135      5650789.55209000
3136      5663347.72617000
3137      5675931.70446000
3138      5688541.09924000
3139      5701176.35176000
3140      5713837.06980000
3141      5726523.69504000
3142      5739235.83622000
3143      5751973.93544000
3144      5764738.01973000
3145      5777528.11059000
3146      5790343.82151000
3147      5803185.58990000
3148      5816053.86232000
3149      5828947.82844000
3150      5841867.93045000
3151      5854814.61276000
3152      5867787.06524000
3153      5880786.14844000
3154      5893811.47216000
3155      5906863.47886000
3156      5919941.35820000
3157      5933046.39236000
3158      5946177.34922000
3159      5959335.51363000
3160      5972519.65369000
3161      5985731.05120000
3162      5998968.89691000
3163      6012233.63348000
3164      6025525.29021000
3165      6038843.47047000
3166      6052189.04225000
3167      6065561.19143000
3168      6078960.78541000
3169      6092387.00783000
3170      6105840.72835000
3171      6119321.55121000
3172      6132829.50432000
3173      6146365.03596000
3174      6159927.32778000
3175      6173517.67372000
3176      6187134.83284000
3177      6200779.67624000
3178      6214452.23251000
3179      6228152.52734000
3180      6241880.16465000
3181      6255635.59439000
3182      6269418.42159000
3183      6283229.51750000
3184      6297068.06481000
3185      6310934.51285000
3186      6324829.31325000
3187      6338751.64454000
3188      6352702.38153000
3189      6366681.12998000
3190      6380687.91562000
3191      6394722.76419000
3192      6408786.13011000
3193      6422877.61536000
3194      6436997.24569000
3195      6451145.47769000
3196      6465322.33470000
3197      6479527.42247000
3198      6493761.19216000
3199      6508023.67168000
3200      6522314.46318000
3201      6536634.44746000
3202      6550982.79918000
3203      6565359.97207000
3204      6579766.42219000
3205      6594201.32148000
3206      6608665.55589000
3207      6623158.72376000
3208      6637680.85306000
3209      6652231.97334000
3210      6666812.53887000
3211      6681422.15027000
3212      6696061.26532000
3213      6710729.48426000
3214      6725427.26219000
3215      6740154.19896000
3216      6754910.75320000
3217      6769696.95203000
3218      6784512.82728000
3219      6799358.40451000
3220      6814233.71241000
3221      6829138.35126000
3222      6844073.20962000
3223      6859037.88484000
3224      6874032.40722000
3225      6889057.23796000
3226      6904111.53958000
3227      6919196.20589000
3228      6934311.26790000
3229      6949456.32014000
3230      6964631.39302000
3231      6979836.94580000
3232      6995073.01110000
3233      7010339.18269000
3234      7025636.35795000
3235      7040963.69960000
3236      7056321.66794000
3237      7071710.29406000
3238      7087129.60906000
3239      7102579.63918000
3240      7118060.41555000
3241      7133571.96766000
3242      7149114.76097000
3243      7164688.38784000
3244      7180292.88109000
3245      7195928.70351000
3246      7211595.44853000
3247      7227293.58595000
3248      7243022.70551000
3249      7258783.27414000
3250      7274575.32369000
3251      7290398.44662000
3252      7306253.54683000
3253      7322139.77878000
3254      7338057.61217000
3255      7354007.51418000
3256      7369988.63805000
3257      7386001.89316000
3258      7402046.86949000
3259      7418123.59732000
3260      7434232.10696000
3261      7450372.86854000
3262      7466545.47295000
3263      7482750.39076000
3264      7498987.65464000
3265      7515256.85145000
3266      7531558.01325000
3267      7547892.05258000
3268      7564258.11844000
3269      7580657.12251000
3270      7597088.21643000
3271      7613551.86906000
3272      7630048.11316000
3273      7646577.42036000
3274      7663138.93896000
3275      7679733.58317000
3276      7696361.38812000
3277      7713021.49400000
3278      7729714.82144000
3279      7746441.40218000
3280      7763200.82065000
3281      7779993.55720000
3282      7796819.19411000
3283      7813678.65482000
3284      7830571.08073000
3285      7847496.94779000
3286      7864456.28779000
3287      7881448.68904000
3288      7898475.51549000
3289      7915535.46680000
3290      7932629.01644000
3291      7949756.64588000
3292      7966917.93771000
3293      7984112.92558000
3294      8001342.08800000
3295      8018605.01057000
3296      8035902.17227000
3297      8053233.60559000
3298      8070598.89373000
3299      8087998.51811000
3300      8105432.50944000
3301      8122900.90209000
3302      8140403.28024000
3303      8157940.57113000
3304      8175512.36101000
3305      8193118.68064000
3306      8210759.56259000
3307      8228435.49068000
3308      8246146.04671000
3309      8263891.26330000
3310      8281671.62492000
3311      8299486.71277000
3312      8317337.00993000
3313      8335222.54967000
3314      8353142.91628000
3315      8371099.04085000
3316      8389090.05849000
3317      8407116.44964000
3318      8425178.24950000
3319      8443275.49327000
3320      8461408.21055000
3321      8479576.88889000
3322      8497780.65724000
3323      8516020.45192000
3324      8534296.31071000
3325      8552607.81073000
3326      8570954.98725000
3327      8589338.32537000
3328      8607757.86104000
3329      8626213.17242000
3330      8644704.74907000
3331      8663232.62505000
3332      8681796.83257000
3333      8700397.40571000
3334      8719034.83553000
3335      8737708.24439000
3336      8756418.12123000
3337      8775164.95777000
3338      8793948.33101000
3339      8812768.27509000
3340      8831625.28049000
3341      8850518.92549000
3342      8869449.70101000
3343      8888417.64382000
3344      8907422.32773000
3345      8926464.24625000
3346      8945543.43618000
3347      8964659.92850000
3348      8983813.76004000
3349      9003004.96567000
3350      9022233.57835000
3351      9041500.09549000
3352      9060803.63112000
3353      9080145.13952000
3354      9099524.19506000
3355      9118941.29411000
3356      9138396.47225000
3357      9157889.30325000
3358      9177419.82208000
3359      9196988.98627000
3360      9216595.91112000
3361      9236241.09033000
3362      9255924.55956000
3363      9275646.35445000
3364      9295406.97402000
3365      9315205.52950000
3366      9335042.98145000
3367      9354918.90022000
3368      9374833.32556000
3369      9394786.75152000
3370      9414778.75593000
3371      9434809.83530000
3372      9454879.56098000
3373      9474988.43601000
3374      9495136.49478000
3375      9515323.77164000
3376      9535550.30507000
3377      9555816.13357000
3378      9576121.28741000
3379      9596465.34475000
3380      9616849.73137000
3381      9637273.09238000
3382      9657736.39386000
3383      9678239.20554000
3384      9698782.03156000
3385      9719364.44123000
3386      9739986.93913000
3387      9760649.56244000
3388      9781351.87778000
3389      9802094.39249000
3390      9822877.61058000
3391      9843700.63167000
3392      9864563.96379000
3393      9885467.64419000
3394      9906412.17354000
3395      9927397.12609000
3396      9948422.53489000
3397      9969488.44146000
3398      9990595.81795000
3399     10011743.29682000
3400     10032931.85259000
3401     10054161.52321000
3402     10075432.34451000
3403     10096744.35875000
3404     10118097.12988000
3405     10139491.63952000
3406     10160926.98162000
3407     10182404.13654000
3408     10203922.67016000
3409     10225482.62270000
3410     10247084.50325000
3411     10268727.87927000
3412     10290412.78666000
3413     10312140.20685000
3414     10333908.76575000
3415     10355719.91711000
3416     10377572.75134000
3417     10399467.78566000
3418     10421405.05226000
3419     10443384.59435000
3420     10465406.45071000
3421     10487471.12913000
3422     10509577.72630000
3423     10531727.22582000
3424     10553919.66715000
3425     10576154.14136000
3426     10598432.10997000
3427     10620752.18919000
3428     10643115.84410000
3429     10665522.16024000
3430     10687971.65406000
3431     10710464.36512000
3432     10733000.80868000
3433     10755580.07315000
3434     10778202.67135000
3435     10800868.64513000
3436     10823578.51068000
3437     10846331.83150000
3438     10869128.64495000
3439     10891969.47015000
3440     10914854.34741000
3441     10937782.83714000
3442     10960755.45913000
3443     10983772.25144000
3444     11006833.25440000
3445     11029938.03219000
3446     11053087.58194000
3447     11076281.46113000
3448     11099519.71478000
3449     11122802.38330000
3450     11146129.50246000
3451     11169501.59709000
3452     11192918.70593000
3453     11216380.38990000
3454     11239886.68946000
3455     11263438.60628000
3456     11287035.22049000
3457     11310677.05597000
3458     11334364.14917000
3459     11358096.54359000
3460     11381874.28041000
3461     11405697.88269000
3462     11429566.42569000
3463     11453480.91935000
3464     11477441.40079000
3465     11501446.94875000
3466     11525499.05272000
3467     11549596.78649000
3468     11573740.67710000
3469     11597930.28047000
3470     11622166.60791000
3471     11646448.73396000
3472     11670777.66599000
3473     11695152.47771000
3474     11719574.18218000
3475     11744042.33474000
3476     11768557.46491000
3477     11793119.12760000
3478     11817727.36484000
3479     11842382.70683000
3480     11867084.70543000
3481     11891834.37991000
3482     11916630.79842000
3483     11941474.48964000
3484     11966365.49630000
3485     11991303.86361000
3486     12016290.11665000
3487     12041323.32637000
3488     12066404.51027000
3489     12091533.22390000
3490     12116709.99816000
3491     12141934.38820000
3492     12167206.92290000
3493     12192527.64823000
3494     12217896.11873000
3495     12243312.86645000
3496     12268777.93240000
3497     12294291.36263000
3498     12319853.69050000
3499     12345463.97765000
3500     12371123.25000000
