   1            7.94132000
   2            8.43190000
   3            9.53607000
   4           10.93382000
   5           12.45719000
   6           14.04214000
   7           15.66136000
   8           17.30151000
   9           18.95535000
  10           20.61865000
  11           22.28873000
  12           23.96386000
  13           25.64284000
  14           27.32486000
  15           29.00933000
  16           30.69586000
  17           32.38420000
  18           34.07420000
  19           35.76584000
  20           37.45917000
  21           39.15432000
  22           40.85150000
  23           42.55098000
  24           44.25310000
  25           45.95822000
  26           47.66676000
  27           49.37918000
  28           51.09595000
  29           52.81755000
  30           54.54450000
  31           56.27730000
  32           58.01646000
  33           59.76248000
  34           61.51585000
  35           63.27705000
  36           65.04654000
  37           66.82478000
  38           68.61218000
  39           70.40916000
  40           72.21608000
  41           74.03330000
  42           75.86117000
  43           77.69999000
  44           79.55004000
  45           81.41159000
  46           83.28488000
  47           85.17012000
  48           87.06750000
  49           88.97721000
  50           90.89939000
  51           92.83417000
  52           94.78168000
  53           96.74200000
  54           98.71522000
  55          100.70141000
  56          102.70061000
  57          104.71285000
  58          106.73817000
  59          108.77656000
  60          110.82803000
  61          112.89256000
  62          114.97014000
  63          117.06071000
  64          119.16426000
  65          121.28072000
  66          123.41003000
  67          125.55214000
  68          127.70698000
  69          129.87446000
  70          132.05450000
  71          134.24702000
  72          136.45193000
  73          138.66913000
  74          140.89853000
  75          143.14001000
  76          145.39349000
  77          147.65884000
  78          149.93595000
  79          152.22473000
  80          154.52505000
  81          156.83680000
  82          159.15986000
  83          161.49411000
  84          163.83944000
  85          166.19573000
  86          168.56285000
  87          170.94069000
  88          173.32913000
  89          175.72805000
  90          178.13733000
  91          180.55684000
  92          182.98647000
  93          185.42610000
  94          187.87561000
  95          190.33489000
  96          192.80380000
  97          195.28225000
  98          197.77011000
  99          200.26726000
 100          202.77359000
 101          205.28900000
 102          207.81336000
 103          210.34656000
 104          212.88850000
 105          215.43906000
 106          218.10897000
 107          220.70889000
 108          223.31704000
 109          225.93323000
 110          228.55738000
 111          231.18939000
 112          233.82920000
 113          236.47667000
 114          239.13164000
 115          241.79409000
 116          244.46388000
 117          247.14094000
 118          249.82517000
 119          252.51650000
 120          255.21477000
 121          257.91992000
 122          260.63190000
 123          263.35053000
 124          266.07583000
 125          268.80767000
 126          271.54594000
 127          274.29055000
 128          277.04142000
 129          279.79854000
 130          282.56178000
 131          285.33097000
 132          288.10622000
 133          290.88731000
 134          293.67421000
 135          296.46684000
 136          299.26514000
 137          302.06903000
 138          304.87837000
 139          307.69323000
 140          310.51342000
 141          313.33895000
 142          316.16972000
 143          319.00559000
 144          321.84664000
 145          324.69277000
 146          327.54379000
 147          330.39975000
 148          333.26057000
 149          336.12615000
 150          338.99651000
 151          341.87161000
 152          344.75126000
 153          347.63550000
 154          350.52422000
 155          353.41741000
 156          356.31498000
 157          359.21690000
 158          362.12312000
 159          365.03362000
 160          367.94819000
 161          370.86697000
 162          373.78988000
 163          376.71677000
 164          379.64764000
 165          382.58247000
 166          385.52124000
 167          388.46386000
 168          391.41021000
 169          394.36034000
 170          397.31421000
 171          400.27175000
 172          403.23297000
 173          406.19770000
 174          409.16599000
 175          412.13779000
 176          415.11308000
 177          418.09177000
 178          421.07387000
 179          424.05930000
 180          427.04803000
 181          430.04007000
 182          433.03529000
 183          436.03371000
 184          439.03533000
 185          442.04009000
 186          445.04789000
 187          448.05879000
 188          451.07273000
 189          454.08962000
 190          457.10943000
 191          460.13217000
 192          463.15784000
 193          466.18636000
 194          469.21778000
 195          472.25193000
 196          475.28884000
 197          478.32850000
 198          481.37087000
 199          484.41598000
 200          487.46371000
 201          490.51402000
 202          493.56694000
 203          496.62241000
 204          499.68035000
 205          502.74098000
 206          505.80396000
 207          508.86946000
 208          511.93742000
 209          515.00784000
 210          518.08059000
 211          521.15566000
 212          524.23311000
 213          527.31279000
 214          530.39480000
 215          533.47915000
 216          536.56565000
 217          539.65440000
 218          542.75075000
 219          545.84392000
 220          548.93923000
 221          552.03672000
 222          555.13629000
 223          558.23791000
 224          561.34159000
 225          564.44735000
 226          567.55520000
 227          570.66497000
 228          573.77675000
 229          576.89050000
 230          580.00621000
 231          583.12380000
 232          586.24338000
 233          589.36481000
 234          592.48805000
 235          595.61319000
 236          598.74026000
 237          601.86918000
 238          604.99977000
 239          608.13831000
 240          611.27248000
 241          614.40849000
 242          617.54620000
 243          620.68565000
 244          623.82682000
 245          626.96956000
 246          630.11408000
 247          633.26019000
 248          636.40799000
 249          639.55742000
 250          642.70857000
 251          645.86764000
 252          649.02188000
 253          652.17777000
 254          655.33514000
 255          658.49403000
 256          661.65442000
 257          664.81645000
 258          667.97991000
 259          671.15156000
 260          674.31800000
 261          677.48587000
 262          680.65517000
 263          683.82593000
 264          686.99819000
 265          690.17875000
 266          693.35380000
 267          696.53017000
 268          699.70789000
 269          702.88712000
 270          706.06764000
 271          709.25654000
 272          712.43976000
 273          715.62424000
 274          718.81004000
 275          722.00439000
 276          725.19281000
 277          728.38252000
 278          731.57344000
 279          734.76568000
 280          737.96645000
 281          741.16119000
 282          744.35699000
 283          747.56157000
 284          750.75983000
 285          753.95940000
 286          757.16007000
 287          760.36961000
 288          763.57264000
 289          766.77676000
 290          769.98986000
 291          773.19645000
 292          776.40406000
 293          779.62061000
 294          782.83034000
 295          786.04915000
 296          789.26133000
 297          792.47443000
 298          795.69660000
 299          798.91188000
 300          802.13625000
 301          805.35373000
 302          808.57223000
 303          811.79978000
 304          815.02035000
 305          818.25009000
 306          821.47262000
 307          824.70443000
 308          827.92900000
 309          831.16283000
 310          834.38943000
 311          837.62527000
 312          840.85383000
 313          844.09176000
 314          847.33064000
 315          850.56204000
 316          853.80288000
 317          857.03634000
 318          860.27908000
 319          863.52281000
 320          866.75880000
 321          870.00445000
 322          873.25104000
 323          876.48991000
 324          879.73828000
 325          882.98768000
 326          886.22902000
 327          889.48022000
 328          892.73244000
 329          895.98534000
 330          899.23030000
 331          902.48507000
 332          905.74065000
 333          908.99718000
 334          912.25465000
 335          915.51292000
 336          918.76280000
 337          922.02271000
 338          925.28346000
 339          928.54525000
 340          931.80761000
 341          935.07083000
 342          938.33499000
 343          941.59992000
 344          944.86585000
 345          948.13252000
 346          951.39981000
 347          954.66801000
 348          957.93699000
 349          961.20677000
 350          964.47746000
 351          967.74880000
 352          971.03066000
 353          974.30358000
 354          977.57728000
 355          980.85187000
 356          984.12711000
 357          987.41281000
 358          990.68970000
 359          993.96718000
 360          997.24550000
 361         1000.53442000
 362         1003.81424000
 363         1007.09462000
 364         1010.38590000
 365         1013.66782000
 366         1016.96076000
 367         1020.24409000
 368         1023.52816000
 369         1026.82324000
 370         1030.10883000
 371         1033.40542000
 372         1036.69229000
 373         1039.99034000
 374         1043.28904000
 375         1046.57802000
 376         1049.87831000
 377         1053.16865000
 378         1056.47028000
 379         1059.77266000
 380         1063.06503000
 381         1066.36871000
 382         1069.67326000
 383         1072.97846000
 384         1076.27356000
 385         1079.57990000
 386         1082.88711000
 387         1086.19519000
 388         1089.50378000
 389         1092.81301000
 390         1096.12304000
 391         1099.43381000
 392         1102.74511000
 393         1106.05729000
 394         1109.36987000
 395         1112.68330000
 396         1115.99727000
 397         1119.31193000
 398         1122.62737000
 399         1125.94338000
 400         1129.26005000
 401         1132.58851000
 402         1135.90647000
 403         1139.22522000
 404         1142.54440000
 405         1145.87580000
 406         1149.19630000
 407         1152.51743000
 408         1155.85074000
 409         1159.17337000
 410         1162.50795000
 411         1165.83162000
 412         1169.16757000
 413         1172.49259000
 414         1175.82999000
 415         1179.15621000
 416         1182.49478000
 417         1185.83415000
 418         1189.16234000
 419         1192.50309000
 420         1195.84425000
 421         1199.17421000
 422         1202.51663000
 423         1205.85977000
 424         1209.20363000
 425         1212.54824000
 426         1215.89332000
 427         1219.23899000
 428         1222.57316000
 429         1225.92007000
 430         1229.26783000
 431         1232.62831000
 432         1235.97720000
 433         1239.32669000
 434         1242.67684000
 435         1246.02774000
 436         1249.37905000
 437         1252.73107000
 438         1256.09621000
 439         1259.44935000
 440         1262.80328000
 441         1266.17050000
 442         1269.52550000
 443         1272.88121000
 444         1276.25020000
 445         1279.60722000
 446         1282.97766000
 447         1286.33573000
 448         1289.70735000
 449         1293.06672000
 450         1296.43952000
 451         1299.81327000
 452         1303.17437000
 453         1306.54903000
 454         1309.92452000
 455         1313.30038000
 456         1316.66398000
 457         1320.04140000
 458         1323.41937000
 459         1326.79784000
 460         1330.17710000
 461         1333.55689000
 462         1336.93743000
 463         1340.31854000
 464         1343.70016000
 465         1347.08256000
 466         1350.46544000
 467         1353.86266000
 468         1357.24692000
 469         1360.63162000
 470         1364.01711000
 471         1367.41675000
 472         1370.80356000
 473         1374.19109000
 474         1377.59269000
 475         1380.98121000
 476         1384.38408000
 477         1387.77391000
 478         1391.17827000
 479         1394.56931000
 480         1397.97474000
 481         1401.36700000
 482         1404.77385000
 483         1408.18140000
 484         1411.58946000
 485         1414.98430000
 486         1418.39362000
 487         1421.80367000
 488         1425.21435000
 489         1428.62587000
 490         1432.03772000
 491         1435.45046000
 492         1438.86366000
 493         1442.27763000
 494         1445.69232000
 495         1449.10754000
 496         1452.52319000
 497         1455.95416000
 498         1459.37142000
 499         1462.78916000
 500         1466.20781000
 501         1469.64142000
 502         1473.06106000
 503         1476.49605000
 504         1479.91709000
 505         1483.35361000
 506         1486.77579000
 507         1490.21342000
 508         1493.63698000
 509         1497.07600000
 510         1500.51588000
 511         1503.94132000
 512         1507.38225000
 513         1510.82403000
 514         1514.26644000
 515         1517.70950000
 516         1521.13825000
 517         1524.58256000
 518         1528.02777000
 519         1531.47344000
 520         1534.91980000
 521         1538.36703000
 522         1541.83005000
 523         1545.27847000
 524         1548.72751000
 525         1552.17726000
 526         1555.62810000
 527         1559.09470000
 528         1562.54644000
 529         1565.99882000
 530         1569.46768000
 531         1572.92132000
 532         1576.39178000
 533         1579.84689000
 534         1583.31828000
 535         1586.77486000
 536         1590.24765000
 537         1593.72156000
 538         1597.17987000
 539         1600.65491000
 540         1604.13078000
 541         1607.60723000
 542         1611.08446000
 543         1614.56241000
 544         1618.04099000
 545         1621.50425000
 546         1624.98416000
 547         1628.48082000
 548         1631.96260000
 549         1635.44464000
 550         1638.92748000
 551         1642.41094000
 552         1645.89525000
 553         1649.39677000
 554         1652.88238000
 555         1656.36882000
 556         1659.87230000
 557         1663.36013000
 558         1666.86532000
 559         1670.35440000
 560         1673.86095000
 561         1677.35164000
 562         1680.85955000
 563         1684.36842000
 564         1687.86118000
 565         1691.37152000
 566         1694.88243000
 567         1698.39404000
 568         1701.88972000
 569         1705.40320000
 570         1708.91698000
 571         1712.43178000
 572         1715.94709000
 573         1719.46330000
 574         1722.98055000
 575         1726.49811000
 576         1730.03372000
 577         1733.55282000
 578         1737.07271000
 579         1740.59367000
 580         1744.13249000
 581         1747.65482000
 582         1751.17771000
 583         1754.71879000
 584         1758.24318000
 585         1761.78604000
 586         1765.31202000
 587         1768.85621000
 588         1772.38331000
 589         1775.92922000
 590         1779.47590000
 591         1783.00570000
 592         1786.55388000
 593         1790.10298000
 594         1793.65254000
 595         1797.20334000
 596         1800.75460000
 597         1804.30678000
 598         1807.85960000
 599         1811.41356000
 600         1814.96785000
 601         1818.52359000
 602         1822.07955000
 603         1825.63641000
 604         1829.19415000
 605         1832.77079000
 606         1836.33021000
 607         1839.89035000
 608         1843.46943000
 609         1847.03117000
 610         1850.61192000
 611         1854.17548000
 612         1857.75791000
 613         1861.32275000
 614         1864.90688000
 615         1868.47335000
 616         1872.05905000
 617         1875.64602000
 618         1879.23336000
 619         1882.80318000
 620         1886.39228000
 621         1889.98218000
 622         1893.57330000
 623         1897.16478000
 624         1900.75727000
 625         1904.35072000
 626         1907.94482000
 627         1911.54013000
 628         1915.13602000
 629         1918.73264000
 630         1922.34914000
 631         1925.94764000
 632         1929.54684000
 633         1933.16623000
 634         1936.76748000
 635         1940.36916000
 636         1943.99100000
 637         1947.59455000
 638         1951.21833000
 639         1954.82343000
 640         1958.44872000
 641         1962.07510000
 642         1965.68278000
 643         1969.31110000
 644         1972.94011000
 645         1976.55030000
 646         1980.18112000
 647         1983.81270000
 648         1987.44502000
 649         1991.07864000
 650         1994.71304000
 651         1998.34815000
 652         2001.98405000
 653         2005.62109000
 654         2009.25906000
 655         2012.89784000
 656         2016.55742000
 657         2020.19791000
 658         2023.83929000
 659         2027.48190000
 660         2031.14516000
 661         2034.78953000
 662         2038.45448000
 663         2042.10040000
 664         2045.76765000
 665         2049.41546000
 666         2053.08421000
 667         2056.73373000
 668         2060.40457000
 669         2064.07628000
 670         2067.72876000
 671         2071.40228000
 672         2075.07680000
 673         2078.75214000
 674         2082.40810000
 675         2086.08570000
 676         2089.76387000
 677         2093.44309000
 678         2097.12332000
 679         2100.80423000
 680         2104.48673000
 681         2108.19037000
 682         2111.87422000
 683         2115.55914000
 684         2119.24509000
 685         2122.93203000
 686         2126.64070000
 687         2130.32951000
 688         2134.01932000
 689         2137.73087000
 690         2141.42258000
 691         2145.13642000
 692         2148.82987000
 693         2152.54545000
 694         2156.26199000
 695         2159.95847000
 696         2163.67717000
 697         2167.39673000
 698         2171.09616000
 699         2174.81752000
 700         2178.54018000
 701         2182.26391000
 702         2185.98844000
 703         2189.71401000
 704         2193.41928000
 705         2197.14674000
 706         2200.87540000
 707         2204.62657000
 708         2208.35726000
 709         2212.08888000
 710         2215.82154000
 711         2219.55506000
 712         2223.28997000
 713         2227.04725000
 714         2230.78374000
 715         2234.52169000
 716         2238.28212000
 717         2242.02209000
 718         2245.78458000
 719         2249.52635000
 720         2253.29105000
 721         2257.03474000
 722         2260.80165000
 723         2264.54769000
 724         2268.31667000
 725         2272.08648000
 726         2275.85757000
 727         2279.60752000
 728         2283.38094000
 729         2287.15494000
 730         2290.93036000
 731         2294.70655000
 732         2298.48395000
 733         2302.26262000
 734         2306.04215000
 735         2309.82278000
 736         2313.60445000
 737         2317.38715000
 738         2321.17112000
 739         2324.95590000
 740         2328.76457000
 741         2332.55133000
 742         2336.33959000
 743         2340.12848000
 744         2343.94184000
 745         2347.73290000
 746         2351.54818000
 747         2355.34144000
 748         2359.15908000
 749         2362.95468000
 750         2366.77438000
 751         2370.57194000
 752         2374.39390000
 753         2378.21666000
 754         2382.01792000
 755         2385.84324000
 756         2389.66945000
 757         2393.49687000
 758         2397.30205000
 759         2401.13175000
 760         2404.96265000
 761         2408.79468000
 762         2412.62739000
 763         2416.46180000
 764         2420.29681000
 765         2424.13358000
 766         2427.97093000
 767         2431.80951000
 768         2435.67266000
 769         2439.51359000
 770         2443.35572000
 771         2447.19884000
 772         2451.06670000
 773         2454.91223000
 774         2458.75857000
 775         2462.63049000
 776         2466.47907000
 777         2470.35294000
 778         2474.20378000
 779         2478.07995000
 780         2481.93313000
 781         2485.81211000
 782         2489.66769000
 783         2493.54820000
 784         2497.43034000
 785         2501.28934000
 786         2505.17398000
 787         2509.05928000
 788         2512.94588000
 789         2516.83376000
 790         2520.72289000
 791         2524.61316000
 792         2528.48028000
 793         2532.37274000
 794         2536.26650000
 795         2540.18584000
 796         2544.08227000
 797         2547.97923000
 798         2551.87795000
 799         2555.77740000
 800         2559.67858000
 801         2563.60496000
 802         2567.50860000
 803         2571.41278000
 804         2575.31853000
 805         2579.25006000
 806         2583.15811000
 807         2587.09229000
 808         2591.00273000
 809         2594.93937000
 810         2598.85207000
 811         2602.79098000
 812         2606.70650000
 813         2610.64795000
 814         2614.59052000
 815         2618.50926000
 816         2622.45418000
 817         2626.40110000
 818         2630.32323000
 819         2634.27218000
 820         2638.22207000
 821         2642.17353000
 822         2646.12588000
 823         2650.08004000
 824         2654.03488000
 825         2657.99137000
 826         2661.94863000
 827         2665.90765000
 828         2669.86769000
 829         2673.82917000
 830         2677.79145000
 831         2681.75521000
 832         2685.71997000
 833         2689.71244000
 834         2693.67978000
 835         2697.64847000
 836         2701.64457000
 837         2705.61561000
 838         2709.58852000
 839         2713.58824000
 840         2717.56304000
 841         2721.56525000
 842         2725.54300000
 843         2729.54754000
 844         2733.52804000
 845         2737.53523000
 846         2741.51795000
 847         2745.52769000
 848         2749.53933000
 849         2753.52577000
 850         2757.53979000
 851         2761.55452000
 852         2765.57129000
 853         2769.58890000
 854         2773.58190000
 855         2777.60205000
 856         2781.62412000
 857         2785.64672000
 858         2789.67119000
 859         2793.69694000
 860         2797.72394000
 861         2801.75200000
 862         2805.78159000
 863         2809.81249000
 864         2813.87120000
 865         2817.90512000
 866         2821.93970000
 867         2825.97589000
 868         2830.01296000
 869         2834.07883000
 870         2838.11913000
 871         2842.16042000
 872         2846.22981000
 873         2850.27407000
 874         2854.34620000
 875         2858.39325000
 876         2862.46826000
 877         2866.51747000
 878         2870.59506000
 879         2874.64692000
 880         2878.72777000
 881         2882.78223000
 882         2886.86528000
 883         2890.95009000
 884         2895.03568000
 885         2899.09543000
 886         2903.18439000
 887         2907.27447000
 888         2911.36566000
 889         2915.43077000
 890         2919.52502000
 891         2923.62054000
 892         2927.71760000
 893         2931.81546000
 894         2935.91503000
 895         2940.01579000
 896         2944.11857000
 897         2948.22186000
 898         2952.32704000
 899         2956.43322000
 900         2960.56909000
 901         2964.67831000
 902         2968.78916000
 903         2972.90071000
 904         2977.04225000
 905         2981.15674000
 906         2985.27265000
 907         2989.39030000
 908         2993.53728000
 909         2997.65731000
 910         3001.80724000
 911         3005.92991000
 912         3010.08312000
 913         3014.20851000
 914         3018.36419000
 915         3022.49228000
 916         3026.65086000
 917         3030.78238000
 918         3034.94311000
 919         3039.10593000
 920         3043.24123000
 921         3047.40679000
 922         3051.57358000
 923         3055.74201000
 924         3059.88267000
 925         3064.05392000
 926         3068.22621000
 927         3072.40076000
 928         3076.57567000
 929         3080.75279000
 930         3084.93077000
 931         3089.11065000
 932         3093.29141000
 933         3097.47439000
 934         3101.65824000
 935         3105.84368000
 936         3110.03040000
 937         3114.21866000
 938         3118.40844000
 939         3122.59963000
 940         3126.79192000
 941         3131.01538000
 942         3135.21077000
 943         3139.40802000
 944         3143.63593000
 945         3147.83569000
 946         3152.03676000
 947         3156.26879000
 948         3160.47336000
 949         3164.67871000
 950         3168.91534000
 951         3173.12346000
 952         3177.36308000
 953         3181.57407000
 954         3185.81727000
 955         3190.03125000
 956         3194.27687000
 957         3198.52362000
 958         3202.74227000
 959         3206.99205000
 960         3211.24363000
 961         3215.46633000
 962         3219.72073000
 963         3223.97642000
 964         3228.23449000
 965         3232.49289000
 966         3236.72327000
 967         3240.98477000
 968         3245.24807000
 969         3249.51311000
 970         3253.77973000
 971         3258.04744000
 972         3262.31644000
 973         3266.58764000
 974         3270.85995000
 975         3275.13371000
 976         3279.40877000
 977         3283.68563000
 978         3287.96364000
 979         3292.27413000
 980         3296.55553000
 981         3300.83835000
 982         3305.12244000
 983         3309.43917000
 984         3313.72608000
 985         3318.01543000
 986         3322.30557000
 987         3326.62840000
 988         3330.92128000
 989         3335.24730000
 990         3339.54366000
 991         3343.84145000
 992         3348.17133000
 993         3352.47240000
 994         3356.80559000
 995         3361.11004000
 996         3365.44622000
 997         3369.75305000
 998         3374.09270000
 999         3378.43374000
1000         3382.74576000
1001         3387.08958000
1002         3391.43561000
1003         3395.75116000
1004         3400.10017000
1005         3404.45044000
1006         3408.80301000
1007         3413.15650000
1008         3417.48002000
1009         3421.83651000
1010         3426.19481000
1011         3430.55464000
1012         3434.91618000
1013         3439.27858000
1014         3443.64327000
1015         3448.00912000
1016         3452.37730000
1017         3456.74573000
1018         3461.11626000
1019         3465.48842000
1020         3469.86220000
1021         3474.23763000
1022         3478.61492000
1023         3482.99284000
1024         3487.40512000
1025         3491.78704000
1026         3496.17028000
1027         3500.55515000
1028         3504.97364000
1029         3509.36142000
1030         3513.75074000
1031         3518.14185000
1032         3522.56680000
1033         3526.96118000
1034         3531.38889000
1035         3535.78642000
1036         3540.18509000
1037         3544.61864000
1038         3549.02034000
1039         3553.45638000
1040         3557.86148000
1041         3562.30073000
1042         3566.74198000
1043         3571.15207000
1044         3575.59598000
1045         3580.00904000
1046         3584.45631000
1047         3588.90609000
1048         3593.32348000
1049         3597.77585000
1050         3602.22951000
1051         3606.68532000
1052         3611.10973000
1053         3615.56826000
1054         3620.02887000
1055         3624.49044000
1056         3628.95429000
1057         3633.41962000
1058         3637.88678000
1059         3642.32150000
1060         3646.79184000
1061         3651.26339000
1062         3655.73650000
1063         3660.21197000
1064         3664.68852000
1065         3669.16644000
1066         3673.68028000
1067         3678.16133000
1068         3682.64487000
1069         3687.12941000
1070         3691.61598000
1071         3696.10330000
1072         3700.59301000
1073         3705.11818000
1074         3709.61139000
1075         3714.10550000
1076         3718.60153000
1077         3723.13305000
1078         3727.63286000
1079         3732.13386000
1080         3736.67062000
1081         3741.17509000
1082         3745.68048000
1083         3750.22277000
1084         3754.73151000
1085         3759.27674000
1086         3763.78892000
1087         3768.33762000
1088         3772.85345000
1089         3777.40538000
1090         3781.92405000
1091         3786.47890000
1092         3791.00103000
1093         3795.55977000
1094         3800.11972000
1095         3804.64700000
1096         3809.21029000
1097         3813.77558000
1098         3818.30744000
1099         3822.87621000
1100         3827.44624000
1101         3832.01820000
1102         3836.55651000
1103         3841.13200000
1104         3845.70893000
1105         3850.28768000
1106         3854.86786000
1107         3859.41429000
1108         3863.99800000
1109         3868.58396000
1110         3873.17098000
1111         3877.75909000
1112         3882.34953000
1113         3886.94127000
1114         3891.53578000
1115         3896.13083000
1116         3900.72798000
1117         3905.32609000
1118         3909.92669000
1119         3914.52912000
1120         3919.16837000
1121         3923.77371000
1122         3928.38123000
1123         3932.98985000
1124         3937.60108000
1125         3942.21310000
1126         3946.86275000
1127         3951.47793000
1128         3956.09543000
1129         3960.71456000
1130         3965.37161000
1131         3969.99376000
1132         3974.61817000
1133         3979.27983000
1134         3983.90716000
1135         3988.53666000
1136         3993.20350000
1137         3997.83604000
1138         4002.50662000
1139         4007.14255000
1140         4011.81638000
1141         4016.45613000
1142         4021.13328000
1143         4025.77608000
1144         4030.45656000
1145         4035.10347000
1146         4039.78742000
1147         4044.47365000
1148         4049.12502000
1149         4053.81416000
1150         4058.46927000
1151         4063.16216000
1152         4067.85705000
1153         4072.55367000
1154         4077.21465000
1155         4081.91537000
1156         4086.61661000
1157         4091.32044000
1158         4095.98842000
1159         4100.69553000
1160         4105.40474000
1161         4110.11504000
1162         4114.82718000
1163         4119.54113000
1164         4124.21961000
1165         4128.93708000
1166         4133.65657000
1167         4138.37754000
1168         4143.09998000
1169         4147.82413000
1170         4152.55020000
1171         4157.27845000
1172         4162.00836000
1173         4166.73916000
1174         4171.47256000
1175         4176.20732000
1176         4180.98159000
1177         4185.72005000
1178         4190.46029000
1179         4195.20208000
1180         4199.94563000
1181         4204.69168000
1182         4209.43873000
1183         4214.22515000
1184         4218.97589000
1185         4223.72859000
1186         4228.48344000
1187         4233.27673000
1188         4238.03442000
1189         4242.79422000
1190         4247.59301000
1191         4252.35629000
1192         4257.12089000
1193         4261.92581000
1194         4266.69379000
1195         4271.50213000
1196         4276.27393000
1197         4281.04825000
1198         4285.86143000
1199         4290.63847000
1200         4295.45518000
1201         4300.23690000
1202         4305.05730000
1203         4309.84159000
1204         4314.66539000
1205         4319.49191000
1206         4324.28164000
1207         4329.11144000
1208         4333.90409000
1209         4338.73765000
1210         4343.57280000
1211         4348.37091000
1212         4353.21024000
1213         4358.05086000
1214         4362.85457000
1215         4367.69848000
1216         4372.54442000
1217         4377.39265000
1218         4382.24237000
1219         4387.05465000
1220         4391.90804000
1221         4396.76285000
1222         4401.62040000
1223         4406.47882000
1224         4411.30036000
1225         4416.16256000
1226         4421.02665000
1227         4425.89286000
1228         4430.76067000
1229         4435.63006000
1230         4440.50125000
1231         4445.37427000
1232         4450.24987000
1233         4455.12646000
1234         4460.00536000
1235         4464.88545000
1236         4469.76783000
1237         4474.65219000
1238         4479.53826000
1239         4484.42547000
1240         4489.35507000
1241         4494.24647000
1242         4499.14005000
1243         4504.03499000
1244         4508.93184000
1245         4513.83055000
1246         4518.77037000
1247         4523.67336000
1248         4528.57708000
1249         4533.48346000
1250         4538.39080000
1251         4543.34045000
1252         4548.25220000
1253         4553.16574000
1254         4558.12051000
1255         4563.03755000
1256         4567.95601000
1257         4572.91746000
1258         4577.83962000
1259         4582.76372000
1260         4587.73005000
1261         4592.65777000
1262         4597.62829000
1263         4602.55985000
1264         4607.53342000
1265         4612.46876000
1266         4617.44585000
1267         4622.38492000
1268         4627.36690000
1269         4632.30905000
1270         4637.29420000
1271         4642.24025000
1272         4647.22904000
1273         4652.17919000
1274         4657.17187000
1275         4662.16575000
1276         4667.12147000
1277         4672.11915000
1278         4677.11972000
1279         4682.08054000
1280         4687.08397000
1281         4692.08940000
1282         4697.05609000
1283         4702.06570000
1284         4707.07672000
1285         4712.08998000
1286         4717.06371000
1287         4722.08018000
1288         4727.09973000
1289         4732.11999000
1290         4737.14213000
1291         4742.16644000
1292         4747.15151000
1293         4752.17972000
1294         4757.21010000
1295         4762.24167000
1296         4767.27503000
1297         4772.31108000
1298         4777.34886000
1299         4782.38842000
1300         4787.42942000
1301         4792.47244000
1302         4797.51747000
1303         4802.56477000
1304         4807.61318000
1305         4812.66417000
1306         4817.71651000
1307         4822.77080000
1308         4827.82759000
1309         4832.88573000
1310         4837.94577000
1311         4843.00770000
1312         4848.07151000
1313         4853.17986000
1314         4858.24711000
1315         4863.31714000
1316         4868.38805000
1317         4873.46140000
1318         4878.53681000
1319         4883.65667000
1320         4888.73541000
1321         4893.81622000
1322         4898.89909000
1323         4904.02638000
1324         4909.11305000
1325         4914.20111000
1326         4919.33402000
1327         4924.42578000
1328         4929.52108000
1329         4934.65943000
1330         4939.75746000
1331         4944.85679000
1332         4950.00143000
1333         4955.10523000
1334         4960.25347000
1335         4965.36083000
1336         4970.47007000
1337         4975.62375000
1338         4980.73797000
1339         4985.89544000
1340         4991.01246000
1341         4996.17400000
1342         5001.29497000
1343         5006.46020000
1344         5011.58537000
1345         5016.75456000
1346         5021.88300000
1347         5027.05610000
1348         5032.23164000
1349         5037.36625000
1350         5042.54529000
1351         5047.68305000
1352         5052.86587000
1353         5058.05077000
1354         5063.19481000
1355         5068.38408000
1356         5073.57468000
1357         5078.72405000
1358         5083.91796000
1359         5089.11546000
1360         5094.31398000
1361         5099.47105000
1362         5104.67344000
1363         5109.87776000
1364         5115.08426000
1365         5120.24921000
1366         5125.45887000
1367         5130.67142000
1368         5135.88517000
1369         5141.10205000
1370         5146.32016000
1371         5151.49604000
1372         5156.71744000
1373         5161.94132000
1374         5167.16792000
1375         5172.39572000
1376         5177.62528000
1377         5182.85659000
1378         5188.09067000
1379         5193.32641000
1380         5198.56429000
1381         5203.80351000
1382         5209.04513000
1383         5214.28807000
1384         5219.53400000
1385         5224.78096000
1386         5230.03027000
1387         5235.28153000
1388         5240.53443000
1389         5245.79025000
1390         5251.04738000
1391         5256.30575000
1392         5261.56674000
1393         5266.87441000
1394         5272.13986000
1395         5277.40656000
1396         5282.67547000
1397         5287.94590000
1398         5293.21851000
1399         5298.53860000
1400         5303.81526000
1401         5309.09373000
1402         5314.37399000
1403         5319.65675000
1404         5324.98639000
1405         5330.27308000
1406         5335.56114000
1407         5340.89697000
1408         5346.18889000
1409         5351.48353000
1410         5356.77994000
1411         5362.12346000
1412         5367.42330000
1413         5372.77100000
1414         5378.07515000
1415         5383.38139000
1416         5388.73488000
1417         5394.04476000
1418         5399.35627000
1419         5404.71643000
1420         5410.03223000
1421         5415.39574000
1422         5420.71540000
1423         5426.08285000
1424         5431.40701000
1425         5436.77832000
1426         5442.10564000
1427         5447.48152000
1428         5452.81259000
1429         5458.19332000
1430         5463.52883000
1431         5468.91188000
1432         5474.25144000
1433         5479.63859000
1434         5484.98275000
1435         5490.37430000
1436         5495.76766000
1437         5501.11692000
1438         5506.51426000
1439         5511.91440000
1440         5517.26963000
1441         5522.67267000
1442         5528.07856000
1443         5533.43932000
1444         5538.84970000
1445         5544.26080000
1446         5549.62846000
1447         5555.04367000
1448         5560.46136000
1449         5565.88134000
1450         5571.25634000
1451         5576.67973000
1452         5582.10555000
1453         5587.53294000
1454         5592.91657000
1455         5598.34794000
1456         5603.78206000
1457         5609.21781000
1458         5614.65506000
1459         5620.09576000
1460         5625.49022000
1461         5630.93408000
1462         5636.37942000
1463         5641.82711000
1464         5647.27733000
1465         5652.72953000
1466         5658.18283000
1467         5663.63918000
1468         5669.09656000
1469         5674.55728000
1470         5679.97165000
1471         5685.43567000
1472         5690.90149000
1473         5696.36952000
1474         5701.83960000
1475         5707.31155000
1476         5712.78567000
1477         5718.26154000
1478         5723.78723000
1479         5729.26764000
1480         5734.75034000
1481         5740.23391000
1482         5745.71994000
1483         5751.20850000
1484         5756.69942000
1485         5762.19088000
1486         5767.68519000
1487         5773.18199000
1488         5778.67956000
1489         5784.22837000
1490         5789.73039000
1491         5795.23528000
1492         5800.74132000
1493         5806.24972000
1494         5811.80825000
1495         5817.32143000
1496         5822.83577000
1497         5828.35199000
1498         5833.87015000
1499         5839.44023000
1500         5844.96226000
1501         5850.48656000
1502         5856.01275000
1503         5861.59064000
1504         5867.12212000
1505         5872.65433000
1506         5878.23749000
1507         5883.77429000
1508         5889.31285000
1509         5894.90308000
1510         5900.44617000
1511         5905.99099000
1512         5911.58647000
1513         5917.13487000
1514         5922.73594000
1515         5928.28871000
1516         5933.84365000
1517         5939.44930000
1518         5945.00899000
1519         5950.61976000
1520         5956.18281000
1521         5961.79672000
1522         5967.36450000
1523         5972.93305000
1524         5978.55406000
1525         5984.12720000
1526         5989.75261000
1527         5995.32985000
1528         6000.95884000
1529         6006.58923000
1530         6012.17351000
1531         6017.80799000
1532         6023.39582000
1533         6029.03513000
1534         6034.62738000
1535         6040.27044000
1536         6045.91546000
1537         6051.51369000
1538         6057.16345000
1539         6062.76508000
1540         6068.41848000
1541         6074.07517000
1542         6079.68216000
1543         6085.34256000
1544         6091.00458000
1545         6096.61901000
1546         6102.28488000
1547         6107.95306000
1548         6113.57339000
1549         6119.24668000
1550         6124.92054000
1551         6130.59667000
1552         6136.22490000
1553         6141.90679000
1554         6147.58933000
1555         6153.27371000
1556         6158.90993000
1557         6164.59927000
1558         6170.29106000
1559         6175.98401000
1560         6181.62814000
1561         6187.32587000
1562         6193.02537000
1563         6198.72689000
1564         6204.43125000
1565         6210.13638000
1566         6215.84372000
1567         6221.50289000
1568         6227.21570000
1569         6232.92948000
1570         6238.64532000
1571         6244.36284000
1572         6250.08387000
1573         6255.80632000
1574         6261.53064000
1575         6267.25650000
1576         6272.98544000
1577         6278.71638000
1578         6284.44927000
1579         6290.18379000
1580         6295.92097000
1581         6301.65961000
1582         6307.40070000
1583         6313.14418000
1584         6318.88973000
1585         6324.63690000
1586         6330.38598000
1587         6336.13746000
1588         6341.89177000
1589         6347.64721000
1590         6353.40502000
1591         6359.16528000
1592         6364.92649000
1593         6370.69130000
1594         6376.45677000
1595         6382.22557000
1596         6387.99577000
1597         6393.81965000
1598         6399.59433000
1599         6405.37164000
1600         6411.15021000
1601         6416.93064000
1602         6422.71367000
1603         6428.49921000
1604         6434.33757000
1605         6440.12668000
1606         6445.91759000
1607         6451.71209000
1608         6457.50699000
1609         6463.35637000
1610         6469.15576000
1611         6474.95795000
1612         6480.76161000
1613         6486.61950000
1614         6492.42774000
1615         6498.23822000
1616         6504.10231000
1617         6509.91700000
1618         6515.73394000
1619         6521.55214000
1620         6527.42499000
1621         6533.24695000
1622         6539.07280000
1623         6544.95218000
1624         6550.78095000
1625         6556.61134000
1626         6562.49810000
1627         6568.33355000
1628         6574.22348000
1629         6580.06270000
1630         6585.90454000
1631         6591.80076000
1632         6597.64693000
1633         6603.54740000
1634         6609.39789000
1635         6615.24978000
1636         6621.15681000
1637         6627.01305000
1638         6632.92519000
1639         6638.78511000
1640         6644.70070000
1641         6650.56506000
1642         6656.48606000
1643         6662.35482000
1644         6668.27881000
1645         6674.15249000
1646         6680.08048000
1647         6685.95819000
1648         6691.89055000
1649         6697.77285000
1650         6703.70956000
1651         6709.59581000
1652         6715.53682000
1653         6721.42760000
1654         6727.37287000
1655         6733.32007000
1656         6739.21661000
1657         6745.16912000
1658         6751.06953000
1659         6757.02554000
1660         6762.98355000
1661         6768.89166000
1662         6774.85421000
1663         6780.81917000
1664         6786.73134000
1665         6792.70134000
1666         6798.67298000
1667         6804.59244000
1668         6810.56771000
1669         6816.54589000
1670         6822.47101000
1671         6828.45395000
1672         6834.43884000
1673         6840.42491000
1674         6846.35832000
1675         6852.34883000
1676         6858.34345000
1677         6864.28345000
1678         6870.28050000
1679         6876.27924000
1680         6882.28082000
1681         6888.28532000
1682         6894.23597000
1683         6900.24338000
1684         6906.25415000
1685         6912.26584000
1686         6918.28056000
1687         6924.24222000
1688         6930.26090000
1689         6936.28161000
1690         6942.30390000
1691         6948.32962000
1692         6954.35724000
1693         6960.33180000
1694         6966.36235000
1695         6972.39644000
1696         6978.43327000
1697         6984.47061000
1698         6990.51047000
1699         6996.55287000
1700         7002.59817000
1701         7008.64457000
1702         7014.69243000
1703         7020.74397000
1704         7026.79697000
1705         7032.79720000
1706         7038.85407000
1707         7044.91399000
1708         7050.97533000
1709         7057.03866000
1710         7063.10510000
1711         7069.17345000
1712         7075.24405000
1713         7081.31558000
1714         7087.38995000
1715         7093.46786000
1716         7099.54655000
1717         7105.62778000
1718         7111.71032000
1719         7117.85177000
1720         7123.94005000
1721         7130.02921000
1722         7136.12087000
1723         7142.21545000
1724         7148.31198000
1725         7154.41012000
1726         7160.51073000
1727         7166.61300000
1728         7172.71756000
1729         7178.82539000
1730         7184.99052000
1731         7191.10161000
1732         7197.21493000
1733         7203.33004000
1734         7209.44947000
1735         7215.56857000
1736         7221.69049000
1737         7227.87074000
1738         7233.99788000
1739         7240.12698000
1740         7246.25741000
1741         7252.38954000
1742         7258.58182000
1743         7264.71892000
1744         7270.85856000
1745         7276.99964000
1746         7283.14455000
1747         7289.34632000
1748         7295.49394000
1749         7301.64516000
1750         7307.79777000
1751         7314.00887000
1752         7320.16521000
1753         7326.32424000
1754         7332.54334000
1755         7338.70603000
1756         7344.87094000
1757         7351.03852000
1758         7357.26626000
1759         7363.43807000
1760         7369.61142000
1761         7375.84525000
1762         7382.02342000
1763         7388.20426000
1764         7394.44451000
1765         7400.62944000
1766         7406.81631000
1767         7413.06271000
1768         7419.25455000
1769         7425.50592000
1770         7431.70139000
1771         7437.89847000
1772         7444.15634000
1773         7450.35961000
1774         7456.62152000
1775         7462.82769000
1776         7469.03590000
1777         7475.30568000
1778         7481.51869000
1779         7487.79130000
1780         7494.00908000
1781         7500.28675000
1782         7506.50880000
1783         7512.79036000
1784         7519.01712000
1785         7525.30321000
1786         7531.53308000
1787         7537.82408000
1788         7544.05948000
1789         7550.35451000
1790         7556.59316000
1791         7562.89261000
1792         7569.13763000
1793         7575.44148000
1794         7581.68857000
1795         7587.99677000
1796         7594.24948000
1797         7600.56291000
1798         7606.81851000
1799         7613.13580000
1800         7619.45569000
1801         7625.71852000
1802         7632.04287000
1803         7638.30986000
1804         7644.63936000
1805         7650.96937000
1806         7657.24321000
1807         7663.57923000
1808         7669.85692000
1809         7676.19638000
1810         7682.53767000
1811         7688.82327000
1812         7695.16863000
1813         7701.51697000
1814         7707.80789000
1815         7714.16095000
1816         7720.51649000
1817         7726.81426000
1818         7733.17308000
1819         7739.53530000
1820         7745.83916000
1821         7752.20575000
1822         7758.57363000
1823         7764.94442000
1824         7771.25736000
1825         7777.63201000
1826         7784.00927000
1827         7790.32953000
1828         7796.71039000
1829         7803.09388000
1830         7809.48017000
1831         7815.86887000
1832         7822.19939000
1833         7828.59133000
1834         7834.98610000
1835         7841.38389000
1836         7847.72290000
1837         7854.12365000
1838         7860.52768000
1839         7866.93330000
1840         7873.34262000
1841         7879.69174000
1842         7886.10514000
1843         7892.51987000
1844         7898.93614000
1845         7905.35609000
1846         7911.77734000
1847         7918.20060000
1848         7924.56620000
1849         7930.99364000
1850         7937.42545000
1851         7943.85780000
1852         7950.29212000
1853         7956.72839000
1854         7963.16924000
1855         7969.61036000
1856         7975.99227000
1857         7982.43817000
1858         7988.88673000
1859         7995.33764000
1860         8001.78950000
1861         8008.24473000
1862         8014.70133000
1863         8021.16055000
1864         8027.62209000
1865         8034.08601000
1866         8040.55178000
1867         8047.01963000
1868         8053.48931000
1869         8059.96275000
1870         8066.43706000
1871         8072.91392000
1872         8079.39282000
1873         8085.87597000
1874         8092.35919000
1875         8098.84443000
1876         8105.33218000
1877         8111.82269000
1878         8118.31591000
1879         8124.81066000
1880         8131.30664000
1881         8137.80661000
1882         8144.30754000
1883         8150.81214000
1884         8157.31748000
1885         8163.82628000
1886         8170.33601000
1887         8176.84816000
1888         8183.36397000
1889         8189.94300000
1890         8196.46194000
1891         8202.98277000
1892         8209.50774000
1893         8216.03362000
1894         8222.56162000
1895         8229.09097000
1896         8235.62475000
1897         8242.15980000
1898         8248.75858000
1899         8255.29739000
1900         8261.83957000
1901         8268.38280000
1902         8274.92933000
1903         8281.47719000
1904         8288.09043000
1905         8294.64320000
1906         8301.19748000
1907         8307.75530000
1908         8314.31519000
1909         8320.87658000
1910         8327.50220000
1911         8334.06860000
1912         8340.63784000
1913         8347.20802000
1914         8353.78042000
1915         8360.41799000
1916         8366.99666000
1917         8373.57471000
1918         8380.15628000
1919         8386.80392000
1920         8393.38938000
1921         8399.97830000
1922         8406.56839000
1923         8413.22519000
1924         8419.81964000
1925         8426.41731000
1926         8433.07985000
1927         8439.68265000
1928         8446.28624000
1929         8452.89143000
1930         8459.56371000
1931         8466.17477000
1932         8472.78792000
1933         8479.46591000
1934         8486.08274000
1935         8492.70428000
1936         8499.38891000
1937         8506.01307000
1938         8512.63876000
1939         8519.33213000
1940         8525.96323000
1941         8532.59587000
1942         8539.29524000
1943         8545.93224000
1944         8552.63621000
1945         8559.27836000
1946         8565.92332000
1947         8572.63321000
1948         8579.28164000
1949         8585.99688000
1950         8592.65039000
1951         8599.30586000
1952         8606.02720000
1953         8612.68687000
1954         8619.41487000
1955         8626.07790000
1956         8632.74504000
1957         8639.47766000
1958         8646.14894000
1959         8652.88761000
1960         8659.56216000
1961         8666.30451000
1962         8672.98482000
1963         8679.73234000
1964         8686.41640000
1965         8693.16752000
1966         8699.85729000
1967         8706.61249000
1968         8713.30644000
1969         8720.06738000
1970         8726.76565000
1971         8733.52976000
1972         8740.23250000
1973         8747.00248000
1974         8753.70998000
1975         8760.48343000
1976         8767.19480000
1977         8773.97407000
1978         8780.69069000
1979         8787.47336000
1980         8794.19325000
1981         8800.98064000
1982         8807.77173000
1983         8814.49855000
1984         8821.29241000
1985         8828.02470000
1986         8834.82377000
1987         8841.56082000
1988         8848.36365000
1989         8855.17082000
1990         8861.91306000
1991         8868.72413000
1992         8875.47142000
1993         8882.28687000
1994         8889.10314000
1995         8895.85744000
1996         8902.68016000
1997         8909.50492000
1998         8916.26473000
1999         8923.09397000
2000         8929.85960000
2001         8936.69347000
2002         8943.52880000
2003         8950.30038000
2004         8957.14100000
2005         8963.98266000
2006         8970.76265000
2007         8977.60923000
2008         8984.45918000
2009         8991.24426000
2010         8998.09871000
2011         9004.95454000
2012         9011.81315000
2013         9018.60727000
2014         9025.47071000
2015         9032.33675000
2016         9039.13834000
2017         9046.00753000
2018         9052.88003000
2019         9059.75345000
2020         9066.56589000
2021         9073.44404000
2022         9080.32492000
2023         9087.20907000
2024         9094.02935000
2025         9100.91671000
2026         9107.80698000
2027         9114.70085000
2028         9121.52812000
2029         9128.42622000
2030         9135.32556000
2031         9142.22812000
2032         9149.13208000
2033         9155.97106000
2034         9162.88044000
2035         9169.79159000
2036         9176.70445000
2037         9183.61958000
2038         9190.47211000
2039         9197.39209000
2040         9204.31431000
2041         9211.23878000
2042         9218.16492000
2043         9225.09624000
2044         9231.96067000
2045         9238.89438000
2046         9245.82971000
2047         9252.76819000
2048         9259.70939000
2049         9266.65319000
2050         9273.59859000
2051         9280.47885000
2052         9287.42909000
2053         9294.38040000
2054         9301.33574000
2055         9308.29229000
2056         9315.25135000
2057         9322.21269000
2058         9329.17696000
2059         9336.14277000
2060         9343.04363000
2061         9350.01474000
2062         9356.98720000
2063         9363.96175000
2064         9370.93935000
2065         9377.91902000
2066         9384.90284000
2067         9391.88607000
2068         9398.87231000
2069         9405.86098000
2070         9412.85324000
2071         9419.84711000
2072         9426.84227000
2073         9433.84004000
2074         9440.84117000
2075         9447.84446000
2076         9454.84961000
2077         9461.85616000
2078         9468.86567000
2079         9475.87716000
2080         9482.89213000
2081         9489.90892000
2082         9496.92670000
2083         9503.94838000
2084         9510.97044000
2085         9517.99811000
2086         9525.02541000
2087         9532.05522000
2088         9539.08734000
2089         9546.12448000
2090         9553.16041000
2091         9560.19962000
2092         9567.24072000
2093         9574.28569000
2094         9581.33267000
2095         9588.38078000
2096         9595.43075000
2097         9602.48456000
2098         9609.54023000
2099         9616.59827000
2100         9623.72701000
2101         9630.79060000
2102         9637.85442000
2103         9644.92219000
2104         9651.99162000
2105         9659.06285000
2106         9666.13628000
2107         9673.21249000
2108         9680.29264000
2109         9687.37281000
2110         9694.52469000
2111         9701.61043000
2112         9708.69846000
2113         9715.78871000
2114         9722.88008000
2115         9729.97521000
2116         9737.07206000
2117         9744.24178000
2118         9751.34249000
2119         9758.44592000
2120         9765.55309000
2121         9772.66031000
2122         9779.77241000
2123         9786.95482000
2124         9794.06955000
2125         9801.18757000
2126         9808.30882000
2127         9815.42994000
2128         9822.55537000
2129         9829.75078000
2130         9836.87991000
2131         9844.01285000
2132         9851.14666000
2133         9858.35220000
2134         9865.49027000
2135         9872.63213000
2136         9879.77483000
2137         9886.91971000
2138         9894.13732000
2139         9901.28786000
2140         9908.44113000
2141         9915.59415000
2142         9922.82063000
2143         9929.98094000
2144         9937.14110000
2145         9944.30666000
2146         9951.54191000
2147         9958.71083000
2148         9965.88167000
2149         9973.05518000
2150         9980.30076000
2151         9987.47818000
2152         9994.65750000
2153        10001.91017000
2154        10009.09573000
2155        10016.28306000
2156        10023.47138000
2157        10030.73359000
2158        10037.92793000
2159        10045.12418000
2160        10052.39334000
2161        10059.59287000
2162        10066.79700000
2163        10074.07381000
2164        10081.28118000
2165        10088.48992000
2166        10095.77453000
2167        10102.98754000
2168        10110.20525000
2169        10117.49556000
2170        10124.71695000
2171        10131.94074000
2172        10139.23897000
2173        10146.46696000
2174        10153.76998000
2175        10161.00214000
2176        10168.23731000
2177        10175.54707000
2178        10182.78747000
2179        10190.02850000
2180        10197.34536000
2181        10204.59233000
2182        10211.91272000
2183        10219.16428000
2184        10226.41754000
2185        10233.74678000
2186        10241.00529000
2187        10248.33751000
2188        10255.59945000
2189        10262.93685000
2190        10270.20573000
2191        10277.47569000
2192        10284.81944000
2193        10292.09509000
2194        10299.44348000
2195        10306.72252000
2196        10314.07665000
2197        10321.36011000
2198        10328.71819000
2199        10336.00729000
2200        10343.37052000
2201        10350.66347000
2202        10357.95863000
2203        10365.32854000
2204        10372.62938000
2205        10380.00429000
2206        10387.30881000
2207        10394.68819000
2208        10401.99711000
2209        10409.38268000
2210        10416.69646000
2211        10424.08523000
2212        10431.40336000
2213        10438.79826000
2214        10446.12007000
2215        10453.51811000
2216        10460.84651000
2217        10468.24940000
2218        10475.58331000
2219        10482.99054000
2220        10490.40044000
2221        10497.73885000
2222        10505.15428000
2223        10512.49855000
2224        10519.91817000
2225        10527.26663000
2226        10534.68984000
2227        10542.04421000
2228        10549.47396000
2229        10556.90466000
2230        10564.26517000
2231        10571.70181000
2232        10579.06693000
2233        10586.50647000
2234        10593.87501000
2235        10601.32102000
2236        10608.76971000
2237        10616.14667000
2238        10623.59754000
2239        10630.97969000
2240        10638.43705000
2241        10645.89638000
2242        10653.28386000
2243        10660.74892000
2244        10668.14153000
2245        10675.61068000
2246        10683.08109000
2247        10690.48130000
2248        10697.95753000
2249        10705.43509000
2250        10712.84294000
2251        10720.32495000
2252        10727.81080000
2253        10735.22368000
2254        10742.71402000
2255        10750.20744000
2256        10757.62725000
2257        10765.12385000
2258        10772.62359000
2259        10780.05207000
2260        10787.55683000
2261        10795.06230000
2262        10802.49686000
2263        10810.00913000
2264        10817.52323000
2265        10824.96388000
2266        10832.48293000
2267        10840.00318000
2268        10847.45182000
2269        10854.97699000
2270        10862.50457000
2271        10869.95979000
2272        10877.49354000
2273        10885.02783000
2274        10892.56451000
2275        10900.02990000
2276        10907.57141000
2277        10915.11603000
2278        10922.66362000
2279        10930.13663000
2280        10937.68710000
2281        10945.24189000
2282        10952.79840000
2283        10960.28140000
2284        10967.84197000
2285        10975.40499000
2286        10982.97162000
2287        10990.46452000
2288        10998.03263000
2289        11005.60564000
2290        11013.18225000
2291        11020.68371000
2292        11028.26243000
2293        11035.84534000
2294        11043.42929000
2295        11051.01623000
2296        11058.53033000
2297        11066.12182000
2298        11073.71498000
2299        11081.31170000
2300        11088.83416000
2301        11096.43538000
2302        11104.03824000
2303        11111.64333000
2304        11119.25333000
2305        11126.86422000
2306        11134.40067000
2307        11142.01408000
2308        11149.63239000
2309        11157.25283000
2310        11164.87488000
2311        11172.49852000
2312        11180.04874000
2313        11187.67998000
2314        11195.31147000
2315        11202.94452000
2316        11210.58042000
2317        11218.22176000
2318        11225.86135000
2319        11233.42724000
2320        11241.07373000
2321        11248.72174000
2322        11256.37390000
2323        11264.02555000
2324        11271.68130000
2325        11279.33854000
2326        11286.99991000
2327        11294.58464000
2328        11302.24951000
2329        11309.91585000
2330        11317.58497000
2331        11325.25819000
2332        11332.93284000
2333        11340.60823000
2334        11348.28768000
2335        11355.96991000
2336        11363.65354000
2337        11371.26275000
2338        11378.94979000
2339        11386.64090000
2340        11394.33470000
2341        11402.02990000
2342        11409.72710000
2343        11417.42771000
2344        11425.13166000
2345        11432.83563000
2346        11440.54229000
2347        11448.25225000
2348        11455.96562000
2349        11463.67961000
2350        11471.39626000
2351        11479.11557000
2352        11486.83549000
2353        11494.56148000
2354        11502.28670000
2355        11510.01590000
2356        11517.66860000
2357        11525.40235000
2358        11533.13807000
2359        11540.87704000
2360        11548.61594000
2361        11556.35879000
2362        11564.10491000
2363        11571.85297000
2364        11579.60156000
2365        11587.35408000
2366        11595.10922000
2367        11602.86691000
2368        11610.62510000
2369        11618.38794000
2370        11626.15126000
2371        11633.99683000
2372        11641.76594000
2373        11649.53695000
2374        11657.30979000
2375        11665.08654000
2376        11672.86444000
2377        11680.64487000
2378        11688.42919000
2379        11696.21394000
2380        11704.00258000
2381        11711.79233000
2382        11719.58459000
2383        11727.37934000
2384        11735.17725000
2385        11742.97625000
2386        11750.77912000
2387        11758.58307000
2388        11766.39088000
2389        11774.19904000
2390        11782.01177000
2391        11789.90383000
2392        11797.71938000
2393        11805.53943000
2394        11813.36125000
2395        11821.18338000
2396        11829.01006000
2397        11836.83843000
2398        11844.66849000
2399        11852.50168000
2400        11860.33515000
2401        11868.17456000
2402        11876.09500000
2403        11883.93709000
2404        11891.78083000
2405        11899.62767000
2406        11907.47899000
2407        11915.32984000
2408        11923.18305000
2409        11931.04004000
2410        11938.97903000
2411        11946.84072000
2412        11954.70404000
2413        11962.57042000
2414        11970.43841000
2415        11978.31085000
2416        11986.18275000
2417        11994.13902000
2418        12002.01628000
2419        12009.89799000
2420        12017.78058000
2421        12025.66543000
2422        12033.55259000
2423        12041.52211000
2424        12049.41527000
2425        12057.30999000
2426        12065.20699000
2427        12073.10549000
2428        12081.00841000
2429        12088.99319000
2430        12096.89921000
2431        12104.80671000
2432        12112.71865000
2433        12120.63278000
2434        12128.62965000
2435        12136.54754000
2436        12144.46838000
2437        12152.39211000
2438        12160.31735000
2439        12168.32542000
2440        12176.25655000
2441        12184.18983000
2442        12192.12382000
2443        12200.14152000
2444        12208.08211000
2445        12216.02338000
2446        12223.96899000
2447        12231.91530000
2448        12239.94620000
2449        12247.89682000
2450        12255.85252000
2451        12263.80815000
2452        12271.84773000
2453        12279.80838000
2454        12287.77188000
2455        12295.73970000
2456        12303.78864000
2457        12311.75847000
2458        12319.73114000
2459        12327.70886000
2460        12335.76707000
2461        12343.74677000
2462        12351.72928000
2463        12359.79755000
2464        12367.78422000
2465        12375.77370000
2466        12383.76446000
2467        12391.84115000
2468        12399.83900000
2469        12407.83818000
2470        12415.92109000
2471        12423.92509000
2472        12431.93259000
2473        12439.94062000
2474        12448.03327000
2475        12456.04686000
2476        12464.06244000
2477        12472.16344000
2478        12480.18302000
2479        12488.20688000
2480        12496.31399000
2481        12504.34253000
2482        12512.37308000
2483        12520.48774000
2484        12528.52223000
2485        12536.56014000
2486        12544.68231000
2487        12552.72419000
2488        12560.76799000
2489        12568.89685000
2490        12576.94833000
2491        12584.99868000
2492        12593.13495000
2493        12601.19069000
2494        12609.25137000
2495        12617.39501000
2496        12625.45723000
2497        12633.60629000
2498        12641.67612000
2499        12649.74632000
2500        12657.90112000
2501        12665.97663000
2502        12674.05477000
2503        12682.21833000
2504        12690.30019000
2505        12698.46758000
2506        12706.55549000
2507        12714.64595000
2508        12722.82130000
2509        12730.91549000
2510        12739.01226000
2511        12747.19396000
2512        12755.29667000
2513        12763.48443000
2514        12771.59081000
2515        12779.78224000
2516        12787.89373000
2517        12796.00864000
2518        12804.20709000
2519        12812.32397000
2520        12820.52993000
2521        12828.65352000
2522        12836.77805000
2523        12844.98865000
2524        12853.11908000
2525        12861.33716000
2526        12869.47186000
2527        12877.69274000
2528        12885.83170000
2529        12894.05923000
2530        12902.20402000
2531        12910.35050000
2532        12918.58252000
2533        12926.73635000
2534        12934.97343000
2535        12943.12991000
2536        12951.37366000
2537        12959.53430000
2538        12967.78299000
2539        12975.94858000
2540        12984.20157000
2541        12992.37128000
2542        13000.63078000
2543        13008.80540000
2544        13016.98409000
2545        13025.24788000
2546        13033.43135000
2547        13041.70007000
2548        13049.88932000
2549        13058.16296000
2550        13066.35461000
2551        13074.63469000
2552        13082.83200000
2553        13091.11542000
2554        13099.31670000
2555        13107.60655000
2556        13115.81344000
2557        13124.10741000
2558        13132.31823000
2559        13140.61858000
2560        13148.91898000
2561        13157.13695000
2562        13165.44214000
2563        13173.66649000
2564        13181.97801000
2565        13190.20622000
2566        13198.52095000
2567        13206.75468000
2568        13215.07571000
2569        13223.31327000
2570        13231.63829000
2571        13239.88133000
2572        13248.21179000
2573        13256.45861000
2574        13264.79302000
2575        13273.13062000
2576        13281.38678000
2577        13289.72818000
2578        13297.98733000
2579        13306.33423000
2580        13314.59793000
2581        13322.95101000
2582        13331.30483000
2583        13339.57621000
2584        13347.93545000
2585        13356.21208000
2586        13364.57588000
2587        13372.85711000
2588        13381.22548000
2589        13389.59771000
2590        13397.88563000
2591        13406.26164000
2592        13414.55400000
2593        13422.93452000
2594        13431.31975000
2595        13439.61875000
2596        13448.00685000
2597        13456.31109000
2598        13464.70694000
2599        13473.10170000
2600        13481.41339000
2601        13489.81259000
2602        13498.13107000
2603        13506.53639000
2604        13514.94391000
2605        13523.26727000
2606        13531.68005000
2607        13540.09659000
2608        13548.42641000
2609        13556.84570000
2610        13565.18239000
2611        13573.60848000
2612        13582.03512000
2613        13590.37732000
2614        13598.80916000
2615        13607.24559000
2616        13615.59497000
2617        13624.03496000
2618        13632.47620000
2619        13640.83439000
2620        13649.28073000
2621        13657.73011000
2622        13666.09377000
2623        13674.54734000
2624        13683.00463000
2625        13691.37713000
2626        13699.83784000
2627        13708.30069000
2628        13716.68093000
2629        13725.14968000
2630        13733.62050000
2631        13742.00614000
2632        13750.48269000
2633        13758.96060000
2634        13767.35406000
2635        13775.83604000
2636        13784.32096000
2637        13792.72473000
2638        13801.21373000
2639        13809.70561000
2640        13818.20130000
2641        13826.61221000
2642        13835.11280000
2643        13843.61455000
2644        13852.03241000
2645        13860.54066000
2646        13869.05017000
2647        13877.56167000
2648        13885.98918000
2649        13894.50715000
2650        13903.02641000
2651        13911.45969000
2652        13919.98466000
2653        13928.51068000
2654        13937.04120000
2655        13945.48400000
2656        13954.01948000
2657        13962.55511000
2658        13971.09524000
2659        13979.54743000
2660        13988.09247000
2661        13996.63851000
2662        14005.18726000
2663        14013.65059000
2664        14022.20421000
2665        14030.75973000
2666        14039.31879000
2667        14047.79050000
2668        14056.35440000
2669        14064.92018000
2670        14073.48789000
2671        14081.97229000
2672        14090.54461000
2673        14099.11971000
2674        14107.69666000
2675        14116.19115000
2676        14124.77361000
2677        14133.35703000
2678        14141.94501000
2679        14150.53750000
2680        14159.04025000
2681        14167.63465000
2682        14176.23180000
2683        14184.83336000
2684        14193.43511000
2685        14201.95041000
2686        14210.55664000
2687        14219.16742000
2688        14227.78077000
2689        14236.39422000
2690        14244.92115000
2691        14253.54092000
2692        14262.16413000
2693        14270.78748000
2694        14279.41351000
2695        14287.95461000
2696        14296.58672000
2697        14305.21990000
2698        14313.85663000
2699        14322.49508000
2700        14331.13701000
2701        14339.69112000
2702        14348.33760000
2703        14356.98578000
2704        14365.63564000
2705        14374.29081000
2706        14382.94692000
2707        14391.51492000
2708        14400.17531000
2709        14408.83914000
2710        14417.50582000
2711        14426.17319000
2712        14434.84317000
2713        14443.42740000
2714        14452.10354000
2715        14460.78042000
2716        14469.45982000
2717        14478.14361000
2718        14486.82924000
2719        14495.51649000
2720        14504.20632000
2721        14512.80911000
2722        14521.50414000
2723        14530.20165000
2724        14538.90083000
2725        14547.60346000
2726        14556.30948000
2727        14565.01633000
2728        14573.72473000
2729        14582.34613000
2730        14591.06229000
2731        14599.77836000
2732        14608.49687000
2733        14617.21898000
2734        14625.94435000
2735        14634.67051000
2736        14643.39918000
2737        14652.13134000
2738        14660.77492000
2739        14669.51106000
2740        14678.24979000
2741        14686.99100000
2742        14695.73545000
2743        14704.48163000
2744        14713.22929000
2745        14721.98142000
2746        14730.73401000
2747        14739.49091000
2748        14748.24853000
2749        14757.01050000
2750        14765.68167000
2751        14774.44834000
2752        14783.21672000
2753        14791.98662000
2754        14800.75885000
2755        14809.53536000
2756        14818.31446000
2757        14827.09407000
2758        14835.87608000
2759        14844.66226000
2760        14853.45112000
2761        14862.24035000
2762        14871.03208000
2763        14879.82887000
2764        14888.62640000
2765        14897.42529000
2766        14906.22656000
2767        14915.03122000
2768        14923.74805000
2769        14932.55741000
2770        14941.36914000
2771        14950.18332000
2772        14959.00163000
2773        14967.82144000
2774        14976.64267000
2775        14985.46624000
2776        14994.29494000
2777        15003.12421000
2778        15011.95487000
2779        15020.78878000
2780        15029.62690000
2781        15038.46451000
2782        15047.30639000
2783        15056.15069000
2784        15064.99803000
2785        15073.84599000
2786        15082.69613000
2787        15091.55064000
2788        15100.40724000
2789        15109.26538000
2790        15118.12671000
2791        15126.99043000
2792        15135.85537000
2793        15144.72447000
2794        15153.59497000
2795        15162.46876000
2796        15171.34282000
2797        15180.22289000
2798        15189.10247000
2799        15197.98534000
2800        15206.87043000
2801        15215.75955000
2802        15224.65013000
2803        15233.54200000
2804        15242.43700000
2805        15251.33509000
2806        15260.23662000
2807        15269.13835000
2808        15278.04227000
2809        15287.04463000
2810        15295.95507000
2811        15304.86676000
2812        15313.78049000
2813        15322.69833000
2814        15331.61959000
2815        15340.54101000
2816        15349.46458000
2817        15358.39136000
2818        15367.32212000
2819        15376.25426000
2820        15385.18854000
2821        15394.12401000
2822        15403.06545000
2823        15412.00625000
2824        15420.95023000
2825        15429.89525000
2826        15438.84745000
2827        15447.89177000
2828        15456.84530000
2829        15465.80105000
2830        15474.76168000
2831        15483.72270000
2832        15492.68675000
2833        15501.65301000
2834        15510.62209000
2835        15519.59250000
2836        15528.56605000
2837        15537.54180000
2838        15546.52131000
2839        15555.59557000
2840        15564.57956000
2841        15573.56462000
2842        15582.55466000
2843        15591.54380000
2844        15600.53715000
2845        15609.53252000
2846        15618.53101000
2847        15627.53131000
2848        15636.53492000
2849        15645.63434000
2850        15654.64104000
2851        15663.65268000
2852        15672.66446000
2853        15681.68043000
2854        15690.69728000
2855        15699.71908000
2856        15708.74002000
2857        15717.76611000
2858        15726.88827000
2859        15735.91922000
2860        15744.95137000
2861        15753.98547000
2862        15763.02151000
2863        15772.06359000
2864        15781.10574000
2865        15790.24416000
2866        15799.29131000
2867        15808.34129000
2868        15817.39356000
2869        15826.44773000
2870        15835.50479000
2871        15844.56368000
2872        15853.72136000
2873        15862.78543000
2874        15871.85153000
2875        15880.92237000
2876        15889.99336000
2877        15899.06721000
2878        15908.14307000
2879        15917.31660000
2880        15926.40038000
2881        15935.48315000
2882        15944.56876000
2883        15953.65734000
2884        15962.74981000
2885        15971.93921000
2886        15981.03464000
2887        15990.13304000
2888        15999.23515000
2889        16008.33832000
2890        16017.53949000
2891        16026.64862000
2892        16035.76046000
2893        16044.87319000
2894        16053.98788000
2895        16063.10550000
2896        16072.32435000
2897        16081.44771000
2898        16090.57186000
2899        16099.69910000
2900        16108.83101000
2901        16118.06047000
2902        16127.19419000
2903        16136.33296000
2904        16145.47440000
2905        16154.61568000
2906        16163.85657000
2907        16173.00484000
2908        16182.15674000
2909        16191.30846000
2910        16200.46306000
2911        16209.71645000
2912        16218.87876000
2913        16228.03986000
2914        16237.20600000
2915        16246.46870000
2916        16255.63918000
2917        16264.81061000
2918        16273.98605000
2919        16283.16218000
2920        16292.44012000
2921        16301.62079000
2922        16310.80649000
2923        16319.99166000
2924        16329.27701000
2925        16338.47081000
2926        16347.66568000
2927        16356.86119000
2928        16366.15683000
2929        16375.35976000
2930        16384.56475000
2931        16393.77036000
2932        16403.07520000
2933        16412.28939000
2934        16421.50343000
2935        16430.71907000
2936        16440.03406000
2937        16449.25726000
2938        16458.48129000
2939        16467.70588000
2940        16477.03217000
2941        16486.26549000
2942        16495.49824000
2943        16504.73395000
2944        16514.06924000
2945        16523.31245000
2946        16532.55525000
2947        16541.89773000
2948        16551.14606000
2949        16560.39686000
2950        16569.65066000
2951        16579.00446000
2952        16588.26153000
2953        16597.52430000
2954        16606.78682000
2955        16616.14926000
2956        16625.41724000
2957        16634.68869000
2958        16644.05837000
2959        16653.33572000
2960        16662.61334000
2961        16671.99200000
2962        16681.27402000
2963        16690.55872000
2964        16699.84591000
2965        16709.23549000
2966        16718.52949000
2967        16727.82269000
2968        16737.21967000
2969        16746.52002000
2970        16755.82124000
2971        16765.22512000
2972        16774.53169000
2973        16783.84166000
2974        16793.25506000
2975        16802.56837000
2976        16811.88432000
2977        16821.20612000
2978        16830.62654000
2979        16839.94938000
2980        16849.27586000
2981        16858.70525000
2982        16868.03950000
2983        16877.37284000
2984        16886.80820000
2985        16896.14879000
2986        16905.48997000
2987        16914.93202000
2988        16924.27843000
2989        16933.62840000
2990        16943.08086000
2991        16952.43402000
2992        16961.79080000
2993        16971.24959000
2994        16980.61051000
2995        16990.07253000
2996        16999.43861000
2997        17008.81052000
2998        17018.28162000
2999        17027.65310000
3000        17037.02942000
3001        17046.50927000
3002        17055.88945000
3003        17065.27239000
3004        17074.75670000
3005        17084.14929000
3006        17093.53858000
3007        17103.03186000
3008        17112.42749000
3009        17121.92464000
3010        17131.32630000
3011        17140.72949000
3012        17150.23451000
3013        17159.64402000
3014        17169.05571000
3015        17178.56835000
3016        17187.98303000
3017        17197.50074000
3018        17206.92245000
3019        17216.34482000
3020        17225.87138000
3021        17235.29978000
3022        17244.73034000
3023        17254.26314000
3024        17263.69790000
3025        17273.23594000
3026        17282.67639000
3027        17292.11852000
3028        17301.66532000
3029        17311.11237000
3030        17320.66384000
3031        17330.11578000
3032        17339.57144000
3033        17349.12827000
3034        17358.58850000
3035        17368.15262000
3036        17377.61825000
3037        17387.18623000
3038        17396.65746000
3039        17406.12772000
3040        17415.70327000
3041        17425.17966000
3042        17434.76191000
3043        17444.24202000
3044        17453.72846000
3045        17463.31591000
3046        17472.80656000
3047        17482.39910000
3048        17491.89245000
3049        17501.48981000
3050        17510.99130000
3051        17520.49438000
3052        17530.09918000
3053        17539.60567000
3054        17549.21733000
3055        17558.72853000
3056        17568.34288000
3057        17577.85902000
3058        17587.37823000
3059        17597.00368000
3060        17606.52682000
3061        17616.15433000
3062        17625.68420000
3063        17635.31669000
3064        17644.85044000
3065        17654.48763000
3066        17664.02810000
3067        17673.67264000
3068        17683.21454000
3069        17692.76007000
3070        17702.41235000
3071        17711.96245000
3072        17721.61728000
3073        17731.17539000
3074        17740.83754000
3075        17750.39703000
3076        17760.06245000
3077        17769.62992000
3078        17779.29884000
3079        17788.86873000
3080        17798.54467000
3081        17808.12253000
3082        17817.70186000
3083        17827.38245000
3084        17836.96491000
3085        17846.65595000
3086        17856.24179000
3087        17865.93525000
3088        17875.52689000
3089        17885.22698000
3090        17894.82578000
3091        17904.52852000
3092        17914.13037000
3093        17923.84108000
3094        17933.44733000
3095        17943.15928000
3096        17952.77129000
3097        17962.49229000
3098        17972.11032000
3099        17981.83362000
3100        17991.45463000
3101        18001.18337000
3102        18010.81009000
3103        18020.54358000
3104        18030.17491000
3105        18039.91658000
3106        18049.55332000
3107        18059.29584000
3108        18068.93825000
3109        18078.68754000
3110        18088.33423000
3111        18098.08572000
3112        18107.73694000
3113        18117.49906000
3114        18127.15564000
3115        18136.91854000
3116        18146.57851000
3117        18156.34924000
3118        18166.11997000
3119        18175.78878000
3120        18185.56266000
3121        18195.24061000
3122        18205.02014000
3123        18214.70012000
3124        18224.48529000
3125        18234.17045000
3126        18243.95983000
3127        18253.64839000
3128        18263.44620000
3129        18273.14245000
3130        18282.94050000
3131        18292.64011000
3132        18302.44486000
3133        18312.25416000
3134        18321.96021000
3135        18331.77403000
3136        18341.48557000
3137        18351.30599000
3138        18361.02158000
3139        18370.84393000
3140        18380.56498000
3141        18390.39503000
3142        18400.22383000
3143        18409.95234000
3144        18419.79063000
3145        18429.52418000
3146        18439.36397000
3147        18449.10331000
3148        18458.94857000
3149        18468.69292000
3150        18478.54220000
3151        18488.39637000
3152        18498.14954000
3153        18508.00771000
3154        18517.76291000
3155        18527.62506000
3156        18537.38781000
3157        18547.25536000
3158        18557.12522000
3159        18566.89565000
3160        18576.77310000
3161        18586.54480000
3162        18596.42542000
3163        18606.30801000
3164        18616.09061000
3165        18625.97741000
3166        18635.76308000
3167        18645.65782000
3168        18655.55412000
3169        18665.34697000
3170        18675.24785000
3171        18685.04479000
3172        18694.95286000
3173        18704.75504000
3174        18714.66504000
3175        18724.57991000
3176        18734.39139000
3177        18744.30891000
3178        18754.12338000
3179        18764.04730000
3180        18773.97420000
3181        18783.79571000
3182        18793.72858000
3183        18803.66037000
3184        18813.49260000
3185        18823.43109000
3186        18833.26507000
3187        18843.20728000
3188        18853.15507000
3189        18862.99634000
3190        18872.94857000
3191        18882.79609000
3192        18892.75307000
3193        18902.71232000
3194        18912.56559000
3195        18922.53072000
3196        18932.49579000
3197        18942.35742000
3198        18952.33060000
3199        18962.19802000
3200        18972.17482000
3201        18982.15193000
3202        18992.02691000
3203        19002.01170000
3204        19011.99720000
3205        19021.87780000
3206        19031.87138000
3207        19041.86633000
3208        19051.75484000
3209        19061.75259000
3210        19071.75362000
3211        19081.65143000
3212        19091.65749000
3213        19101.56103000
3214        19111.57210000
3215        19121.58601000
3216        19131.49469000
3217        19141.51285000
3218        19151.53392000
3219        19161.45183000
3220        19171.47787000
3221        19181.50753000
3222        19191.43128000
3223        19201.46662000
3224        19211.50141000
3225        19221.43325000
3226        19231.47296000
3227        19241.51972000
3228        19251.45807000
3229        19261.50782000
3230        19271.56118000
3231        19281.50638000
3232        19291.56234000
3233        19301.62035000
3234        19311.57581000
3235        19321.63868000
3236        19331.70630000
3237        19341.66744000
3238        19351.74065000
3239        19361.81322000
3240        19371.78229000
3241        19381.85968000
3242        19391.94292000
3243        19401.91834000
3244        19412.00564000
3245        19422.09576000
3246        19432.18861000
3247        19442.17230000
3248        19452.26918000
3249        19462.36768000
3250        19472.36149000
3251        19482.46629000
3252        19492.57427000
3253        19502.57357000
3254        19512.68858000
3255        19522.80010000
3256        19532.91754000
3257        19542.92884000
3258        19553.05098000
3259        19563.17349000
3260        19573.19336000
3261        19583.32443000
3262        19593.45475000
3263        19603.47916000
3264        19613.61571000
3265        19623.75771000
3266        19633.89892000
3267        19643.93567000
3268        19654.08189000
3269        19664.23317000
3270        19674.27475000
3271        19684.42831000
3272        19694.58536000
3273        19704.74624000
3274        19714.79689000
3275        19724.96441000
3276        19735.13064000
3277        19745.30229000
3278        19755.36233000
3279        19765.53619000
3280        19775.71547000
3281        19785.78582000
3282        19795.96607000
3283        19806.15221000
3284        19816.34095000
3285        19826.41900000
3286        19836.61271000
3287        19846.80505000
3288        19857.00440000
3289        19867.09290000
3290        19877.29760000
3291        19887.50212000
3292        19897.71042000
3293        19907.80933000
3294        19918.02011000
3295        19928.23515000
3296        19938.45274000
3297        19948.56362000
3298        19958.78650000
3299        19969.01038000
3300        19979.24005000
3301        19989.35838000
3302        19999.59007000
3303        20009.82712000
3304        20020.06319000
3305        20030.19177000
3306        20040.43710000
3307        20050.68288000
3308        20060.92971000
3309        20071.06848000
3310        20081.31962000
3311        20091.57735000
3312        20101.83282000
3313        20111.98214000
3314        20122.24642000
3315        20132.51317000
3316        20142.78053000
3317        20153.04920000
3318        20163.20989000
3319        20173.48685000
3320        20183.76315000
3321        20194.04530000
3322        20204.21840000
3323        20214.50187000
3324        20224.78953000
3325        20235.07891000
3326        20245.37485000
3327        20255.55719000
3328        20265.85369000
3329        20276.15646000
3330        20286.45955000
3331        20296.65345000
3332        20306.95997000
3333        20317.27108000
3334        20327.58584000
3335        20337.90111000
3336        20348.10481000
3337        20358.42756000
3338        20368.75101000
3339        20379.07621000
3340        20389.40307000
3341        20399.62474000
3342        20409.95735000
3343        20420.29117000
3344        20430.63126000
3345        20440.97327000
3346        20451.20384000
3347        20461.54916000
3348        20471.89567000
3349        20482.24792000
3350        20492.60017000
3351        20502.84490000
3352        20513.20329000
3353        20523.56653000
3354        20533.92895000
3355        20544.29252000
3356        20554.66064000
3357        20564.92130000
3358        20575.29338000
3359        20585.66831000
3360        20596.05021000
3361        20606.43081000
3362        20616.70052000
3363        20627.08504000
3364        20637.47654000
3365        20647.86544000
3366        20658.25844000
3367        20668.65298000
3368        20678.94481000
3369        20689.34323000
3370        20699.74618000
3371        20710.15320000
3372        20720.56248000
3373        20730.97211000
3374        20741.27338000
3375        20751.69030000
3376        20762.11073000
3377        20772.53023000
3378        20782.95377000
3379        20793.38256000
3380        20803.69557000
3381        20814.12742000
3382        20824.55903000
3383        20835.00063000
3384        20845.43777000
3385        20855.87767000
3386        20866.32208000
3387        20876.65664000
3388        20887.10430000
3389        20897.55392000
3390        20908.00755000
3391        20918.46815000
3392        20928.92727000
3393        20939.38738000
3394        20949.73959000
3395        20960.20513000
3396        20970.67387000
3397        20981.14485000
3398        20991.62152000
3399        21002.09666000
3400        21012.57757000
3401        21022.94433000
3402        21033.43006000
3403        21043.91601000
3404        21054.40290000
3405        21064.89425000
3406        21075.39257000
3407        21085.88803000
3408        21096.27341000
3409        21106.77621000
3410        21117.27970000
3411        21127.78715000
3412        21138.29422000
3413        21148.80823000
3414        21159.32372000
3415        21169.84058000
3416        21180.24399000
3417        21190.76864000
3418        21201.29167000
3419        21211.81735000
3420        21222.34568000
3421        21232.88096000
3422        21243.41638000
3423        21253.95135000
3424        21264.49457000
3425        21274.92018000
3426        21285.46432000
3427        21296.00979000
3428        21306.56171000
3429        21317.11605000
3430        21327.66940000
3431        21338.22536000
3432        21348.78776000
3433        21359.34895000
3434        21369.91456000
3435        21380.36466000
3436        21390.93615000
3437        21401.50954000
3438        21412.08370000
3439        21422.66350000
3440        21433.24284000
3441        21443.82477000
3442        21454.40797000
3443        21464.99811000
3444        21475.58777000
3445        21486.06520000
3446        21496.66049000
3447        21507.25906000
3448        21517.85765000
3449        21528.46064000
3450        21539.06689000
3451        21549.67315000
3452        21560.28564000
3453        21570.89884000
3454        21581.51397000
3455        21592.13226000
3456        21602.74992000
3457        21613.25753000
3458        21623.88462000
3459        21634.51116000
3460        21645.14260000
3461        21655.77471000
3462        21666.41190000
3463        21677.04905000
3464        21687.69003000
3465        21698.33344000
3466        21708.97811000
3467        21719.62529000
3468        21730.27869000
3469        21740.93343000
3470        21751.58676000
3471        21762.12955000
3472        21772.78782000
3473        21783.45435000
3474        21794.11759000
3475        21804.78650000
3476        21815.46101000
3477        21826.13354000
3478        21836.80854000
3479        21847.48599000
3480        21858.16850000
3481        21868.85087000
3482        21879.53570000
3483        21890.22675000
3484        21900.91906000
3485        21911.61124000
3486        21922.30640000
3487        21933.00534000
3488        21943.70607000
3489        21954.40988000
3490        21964.99788000
3491        21975.71100000
3492        21986.42260000
3493        21997.13472000
3494        22007.84926000
3495        22018.57071000
3496        22029.29007000
3497        22040.01374000
3498        22050.73980000
3499        22061.47278000
3500        22072.20365000
