   1           15.97389000
   2           15.98693000
   3           15.99129000
   4           15.99347000
   5           15.99477000
   6           15.99564000
   7           15.99627000
   8           15.99674000
   9           15.99713000
  10           15.99754000
  11           15.99807000
  12           15.99893000
  13           16.00038000
  14           16.00276000
  15           16.00645000
  16           16.01189000
  17           16.01952000
  18           16.02976000
  19           16.04303000
  20           16.05971000
  21           16.08014000
  22           16.10460000
  23           16.13332000
  24           16.16651000
  25           16.20430000
  26           16.24681000
  27           16.29408000
  28           16.34616000
  29           16.40305000
  30           16.46473000
  31           16.53116000
  32           16.60227000
  33           16.67801000
  34           16.75828000
  35           16.84300000
  36           16.93207000
  37           17.02539000
  38           17.12286000
  39           17.22439000
  40           17.32986000
  41           17.43917000
  42           17.55222000
  43           17.66891000
  44           17.78914000
  45           17.91281000
  46           18.03984000
  47           18.17012000
  48           18.30358000
  49           18.44012000
  50           18.57967000
  51           18.72214000
  52           18.86745000
  53           19.01554000
  54           19.16632000
  55           19.31972000
  56           19.47569000
  57           19.63415000
  58           19.79504000
  59           19.95830000
  60           20.12387000
  61           20.29169000
  62           20.46172000
  63           20.63389000
  64           20.80815000
  65           20.98446000
  66           21.16276000
  67           21.34302000
  68           21.52518000
  69           21.70920000
  70           21.89503000
  71           22.08265000
  72           22.27201000
  73           22.46306000
  74           22.65577000
  75           22.85011000
  76           23.04605000
  77           23.24353000
  78           23.44254000
  79           23.64305000
  80           23.84501000
  81           24.04840000
  82           24.25319000
  83           24.45935000
  84           24.66685000
  85           24.87567000
  86           25.08577000
  87           25.29714000
  88           25.50975000
  89           25.72358000
  90           25.93859000
  91           26.15477000
  92           26.37209000
  93           26.59054000
  94           26.81008000
  95           27.03071000
  96           27.25239000
  97           27.47512000
  98           27.69886000
  99           27.92361000
 100           28.14934000
 101           28.37604000
 102           28.60368000
 103           28.83225000
 104           29.06174000
 105           29.29212000
 106           29.52338000
 107           29.75551000
 108           29.98849000
 109           30.22231000
 110           30.45695000
 111           30.69239000
 112           30.92863000
 113           31.16565000
 114           31.40343000
 115           31.64197000
 116           31.88125000
 117           32.12125000
 118           32.36197000
 119           32.60340000
 120           32.84552000
 121           33.08832000
 122           33.33179000
 123           33.57592000
 124           33.82070000
 125           34.06612000
 126           34.31216000
 127           34.55883000
 128           34.80610000
 129           35.05397000
 130           35.30243000
 131           35.55147000
 132           35.80108000
 133           36.05126000
 134           36.30199000
 135           36.55326000
 136           36.80508000
 137           37.05742000
 138           37.31028000
 139           37.56366000
 140           37.81754000
 141           38.07192000
 142           38.32679000
 143           38.58215000
 144           38.83798000
 145           39.09428000
 146           39.35105000
 147           39.60827000
 148           39.86594000
 149           40.12406000
 150           40.38261000
 151           40.64159000
 152           40.90100000
 153           41.16083000
 154           41.42107000
 155           41.68171000
 156           41.94276000
 157           42.20421000
 158           42.46604000
 159           42.72827000
 160           42.99087000
 161           43.25385000
 162           43.51719000
 163           43.78091000
 164           44.04498000
 165           44.30941000
 166           44.57419000
 167           44.83931000
 168           45.10478000
 169           45.37059000
 170           45.63672000
 171           45.90319000
 172           46.16998000
 173           46.43709000
 174           46.70452000
 175           46.97226000
 176           47.24031000
 177           47.50866000
 178           47.77731000
 179           48.04626000
 180           48.31550000
 181           48.58504000
 182           48.85485000
 183           49.12495000
 184           49.39533000
 185           49.66599000
 186           49.93691000
 187           50.20811000
 188           50.47957000
 189           50.75129000
 190           51.02328000
 191           51.29552000
 192           51.56801000
 193           51.84075000
 194           52.11374000
 195           52.38698000
 196           52.66046000
 197           52.93417000
 198           53.20812000
 199           53.48231000
 200           53.75673000
 201           54.03137000
 202           54.30624000
 203           54.58133000
 204           54.85664000
 205           55.13217000
 206           55.40792000
 207           55.68388000
 208           55.96005000
 209           56.23643000
 210           56.51301000
 211           56.78980000
 212           57.06679000
 213           57.34398000
 214           57.62137000
 215           57.89895000
 216           58.17673000
 217           58.45469000
 218           58.73285000
 219           59.01119000
 220           59.28972000
 221           59.56843000
 222           59.84732000
 223           60.12639000
 224           60.40564000
 225           60.68506000
 226           60.96466000
 227           61.24443000
 228           61.52437000
 229           61.80447000
 230           62.08475000
 231           62.36519000
 232           62.64579000
 233           62.92655000
 234           63.20748000
 235           63.48856000
 236           63.76980000
 237           64.05120000
 238           64.33274000
 239           64.61445000
 240           64.89630000
 241           65.17830000
 242           65.46045000
 243           65.74274000
 244           66.02518000
 245           66.30776000
 246           66.59049000
 247           66.87336000
 248           67.15636000
 249           67.43951000
 250           67.72279000
 251           68.00620000
 252           68.28975000
 253           68.57344000
 254           68.85725000
 255           69.14120000
 256           69.42527000
 257           69.70948000
 258           69.99381000
 259           70.27826000
 260           70.56284000
 261           70.84755000
 262           71.13238000
 263           71.41732000
 264           71.70239000
 265           71.98758000
 266           72.27288000
 267           72.55830000
 268           72.84384000
 269           73.12950000
 270           73.41526000
 271           73.70114000
 272           73.98713000
 273           74.27323000
 274           74.55945000
 275           74.84577000
 276           75.13220000
 277           75.41873000
 278           75.70537000
 279           75.99212000
 280           76.27897000
 281           76.56593000
 282           76.85299000
 283           77.14015000
 284           77.42741000
 285           77.71477000
 286           78.00223000
 287           78.28978000
 288           78.57744000
 289           78.86519000
 290           79.15304000
 291           79.44098000
 292           79.72902000
 293           80.01715000
 294           80.30537000
 295           80.59369000
 296           80.88210000
 297           81.17059000
 298           81.45918000
 299           81.74786000
 300           82.03662000
 301           82.32548000
 302           82.61442000
 303           82.90344000
 304           83.19255000
 305           83.48175000
 306           83.77103000
 307           84.06039000
 308           84.34984000
 309           84.63937000
 310           84.92898000
 311           85.21952000
 312           85.50930000
 313           85.79916000
 314           86.08909000
 315           86.37910000
 316           86.66920000
 317           86.95936000
 318           87.24961000
 319           87.53992000
 320           87.83033000
 321           88.12080000
 322           88.41134000
 323           88.70197000
 324           88.99266000
 325           89.28342000
 326           89.57427000
 327           89.86518000
 328           90.15616000
 329           90.44721000
 330           90.73834000
 331           91.02953000
 332           91.32079000
 333           91.61213000
 334           91.90352000
 335           92.19499000
 336           92.48653000
 337           92.77813000
 338           93.06979000
 339           93.36152000
 340           93.65333000
 341           93.94613000
 342           94.23806000
 343           94.53005000
 344           94.82212000
 345           95.11423000
 346           95.40642000
 347           95.69866000
 348           95.99097000
 349           96.28335000
 350           96.57577000
 351           96.86827000
 352           97.16081000
 353           97.45343000
 354           97.74609000
 355           98.03883000
 356           98.33162000
 357           98.62446000
 358           98.91836000
 359           99.21132000
 360           99.50433000
 361           99.79741000
 362          100.09055000
 363          100.38374000
 364          100.67699000
 365          100.97029000
 366          101.26365000
 367          101.55706000
 368          101.85052000
 369          102.14403000
 370          102.43863000
 371          102.73226000
 372          103.02594000
 373          103.31967000
 374          103.61345000
 375          103.90729000
 376          104.20118000
 377          104.49511000
 378          104.78910000
 379          105.08419000
 380          105.37829000
 381          105.67242000
 382          105.96662000
 383          106.26086000
 384          106.55515000
 385          106.84949000
 386          107.14388000
 387          107.43939000
 388          107.73386000
 389          108.02840000
 390          108.32298000
 391          108.61761000
 392          108.91227000
 393          109.20809000
 394          109.50285000
 395          109.79767000
 396          110.09253000
 397          110.38744000
 398          110.68239000
 399          110.97849000
 400          111.27353000
 401          111.56861000
 402          111.86374000
 403          112.15891000
 404          112.45525000
 405          112.75052000
 406          113.04582000
 407          113.34117000
 408          113.63656000
 409          113.93313000
 410          114.22860000
 411          114.52412000
 412          114.81968000
 413          115.11528000
 414          115.41207000
 415          115.70777000
 416          116.00349000
 417          116.29925000
 418          116.59623000
 419          116.89208000
 420          117.18796000
 421          117.48389000
 422          117.78103000
 423          118.07704000
 424          118.37309000
 425          118.67036000
 426          118.96648000
 427          119.26265000
 428          119.55886000
 429          119.85630000
 430          120.15257000
 431          120.44889000
 432          120.74646000
 433          121.04285000
 434          121.33928000
 435          121.63697000
 436          121.93348000
 437          122.23002000
 438          122.52782000
 439          122.82443000
 440          123.12109000
 441          123.41902000
 442          123.71574000
 443          124.01250000
 444          124.31054000
 445          124.60737000
 446          124.90548000
 447          125.20240000
 448          125.49933000
 449          125.79756000
 450          126.09458000
 451          126.39288000
 452          126.68996000
 453          126.98707000
 454          127.28549000
 455          127.58267000
 456          127.88116000
 457          128.17842000
 458          128.47699000
 459          128.77430000
 460          129.07294000
 461          129.37032000
 462          129.66904000
 463          129.96649000
 464          130.26528000
 465          130.56279000
 466          130.86165000
 467          131.15923000
 468          131.45815000
 469          131.75580000
 470          132.05479000
 471          132.35251000
 472          132.65157000
 473          132.94934000
 474          133.24848000
 475          133.54764000
 476          133.84552000
 477          134.14476000
 478          134.44268000
 479          134.74200000
 480          135.04134000
 481          135.33936000
 482          135.63877000
 483          135.93686000
 484          136.23632000
 485          136.53584000
 486          136.83401000
 487          137.13358000
 488          137.43319000
 489          137.73146000
 490          138.03113000
 491          138.33084000
 492          138.62920000
 493          138.92896000
 494          139.22877000
 495          139.52860000
 496          139.82708000
 497          140.12697000
 498          140.42691000
 499          140.72687000
 500          141.02546000
 501          141.32549000
 502          141.62554000
 503          141.92564000
 504          142.22576000
 505          142.52450000
 506          142.82468000
 507          143.12490000
 508          143.42514000
 509          143.72542000
 510          144.02573000
 511          144.32608000
 512          144.62500000
 513          144.92541000
 514          145.22583000
 515          145.52630000
 516          145.82680000
 517          146.12732000
 518          146.42787000
 519          146.72846000
 520          147.02908000
 521          147.32972000
 522          147.63040000
 523          147.93110000
 524          148.23184000
 525          148.53261000
 526          148.83340000
 527          149.13424000
 528          149.43509000
 529          149.73597000
 530          150.03689000
 531          150.33783000
 532          150.63880000
 533          150.93981000
 534          151.24084000
 535          151.54190000
 536          151.84450000
 537          152.14562000
 538          152.44678000
 539          152.74794000
 540          153.04916000
 541          153.35039000
 542          153.65319000
 543          153.95448000
 544          154.25580000
 545          154.55715000
 546          154.85854000
 547          155.16149000
 548          155.46293000
 549          155.76439000
 550          156.06589000
 551          156.36897000
 552          156.67051000
 553          156.97209000
 554          157.27526000
 555          157.57690000
 556          157.87857000
 557          158.18184000
 558          158.48355000
 559          158.78689000
 560          159.08866000
 561          159.39047000
 562          159.69389000
 563          159.99574000
 564          160.29924000
 565          160.60115000
 566          160.90470000
 567          161.20667000
 568          161.50867000
 569          161.81231000
 570          162.11597000
 571          162.41806000
 572          162.72179000
 573          163.02393000
 574          163.32772000
 575          163.62991000
 576          163.93377000
 577          164.23601000
 578          164.53992000
 579          164.84387000
 580          165.14619000
 581          165.45019000
 582          165.75423000
 583          166.05664000
 584          166.36073000
 585          166.66486000
 586          166.96902000
 587          167.27154000
 588          167.57575000
 589          167.88000000
 590          168.18428000
 591          168.48691000
 592          168.79124000
 593          169.09561000
 594          169.40000000
 595          169.70443000
 596          170.00719000
 597          170.31167000
 598          170.61619000
 599          170.92074000
 600          171.22531000
 601          171.52991000
 602          171.83455000
 603          172.13921000
 604          172.44391000
 605          172.74863000
 606          173.05339000
 607          173.35818000
 608          173.66299000
 609          173.96783000
 610          174.27271000
 611          174.57761000
 612          174.88254000
 613          175.18750000
 614          175.49249000
 615          175.79751000
 616          176.10432000
 617          176.40940000
 618          176.71451000
 619          177.01965000
 620          177.32483000
 621          177.63002000
 622          177.93702000
 623          178.24228000
 624          178.54757000
 625          178.85289000
 626          179.16001000
 627          179.46539000
 628          179.77080000
 629          180.07803000
 630          180.38349000
 631          180.68899000
 632          180.99631000
 633          181.30187000
 634          181.60926000
 635          181.91487000
 636          182.22052000
 637          182.52801000
 638          182.83371000
 639          183.14126000
 640          183.44702000
 641          183.75464000
 642          184.06046000
 643          184.36814000
 644          184.67402000
 645          184.98177000
 646          185.28956000
 647          185.59552000
 648          185.90337000
 649          186.20939000
 650          186.51730000
 651          186.82525000
 652          187.13136000
 653          187.43938000
 654          187.74742000
 655          188.05549000
 656          188.36173000
 657          188.66986000
 658          188.97805000
 659          189.28625000
 660          189.59448000
 661          189.90087000
 662          190.20917000
 663          190.51750000
 664          190.82587000
 665          191.13428000
 666          191.44271000
 667          191.75118000
 668          192.05968000
 669          192.36821000
 670          192.67678000
 671          192.98538000
 672          193.29401000
 673          193.60267000
 674          193.91137000
 675          194.22010000
 676          194.52886000
 677          194.83766000
 678          195.14649000
 679          195.45535000
 680          195.76424000
 681          196.07316000
 682          196.38407000
 683          196.69307000
 684          197.00209000
 685          197.31115000
 686          197.62024000
 687          197.93133000
 688          198.24048000
 689          198.54968000
 690          198.86087000
 691          199.17013000
 692          199.47942000
 693          199.79073000
 694          200.10008000
 695          200.40947000
 696          200.72088000
 697          201.03034000
 698          201.34182000
 699          201.65134000
 700          201.96290000
 701          202.27249000
 702          202.58413000
 703          202.89378000
 704          203.20548000
 705          203.51520000
 706          203.82698000
 707          204.13676000
 708          204.44861000
 709          204.76050000
 710          205.07038000
 711          205.38234000
 712          205.69434000
 713          206.00433000
 714          206.31640000
 715          206.62850000
 716          206.94064000
 717          207.25077000
 718          207.56298000
 719          207.87523000
 720          208.18752000
 721          208.49984000
 722          208.81221000
 723          209.12253000
 724          209.43496000
 725          209.74743000
 726          210.05994000
 727          210.37249000
 728          210.68507000
 729          210.99768000
 730          211.31035000
 731          211.62303000
 732          211.93577000
 733          212.24853000
 734          212.56133000
 735          212.87418000
 736          213.18917000
 737          213.50208000
 738          213.81504000
 739          214.12803000
 740          214.44106000
 741          214.75412000
 742          215.06936000
 743          215.38249000
 744          215.69567000
 745          216.00888000
 746          216.32428000
 747          216.63757000
 748          216.95089000
 749          217.26641000
 750          217.57980000
 751          217.89325000
 752          218.20889000
 753          218.52239000
 754          218.83812000
 755          219.15171000
 756          219.46751000
 757          219.78117000
 758          220.09705000
 759          220.41080000
 760          220.72675000
 761          221.04057000
 762          221.35662000
 763          221.67271000
 764          221.98664000
 765          222.30281000
 766          222.61680000
 767          222.93306000
 768          223.24935000
 769          223.56569000
 770          223.87984000
 771          224.19626000
 772          224.51271000
 773          224.82922000
 774          225.14352000
 775          225.46010000
 776          225.77672000
 777          226.09339000
 778          226.41009000
 779          226.72684000
 780          227.04364000
 781          227.36047000
 782          227.67508000
 783          227.99199000
 784          228.30894000
 785          228.62594000
 786          228.94524000
 787          229.26233000
 788          229.57945000
 789          229.89662000
 790          230.21382000
 791          230.53107000
 792          230.84835000
 793          231.16568000
 794          231.48306000
 795          231.80276000
 796          232.12022000
 797          232.43771000
 798          232.75526000
 799          233.07515000
 800          233.39278000
 801          233.71044000
 802          234.03047000
 803          234.34823000
 804          234.66602000
 805          234.98618000
 806          235.30406000
 807          235.62198000
 808          235.94228000
 809          236.26029000
 810          236.58067000
 811          236.89876000
 812          237.21925000
 813          237.53743000
 814          237.85800000
 815          238.17626000
 816          238.49692000
 817          238.81763000
 818          239.13603000
 819          239.45683000
 820          239.77767000
 821          240.09620000
 822          240.41714000
 823          240.73813000
 824          241.05677000
 825          241.37786000
 826          241.69897000
 827          242.02015000
 828          242.34137000
 829          242.66023000
 830          242.98154000
 831          243.30290000
 832          243.62431000
 833          243.94575000
 834          244.26725000
 835          244.58879000
 836          244.91039000
 837          245.23202000
 838          245.55371000
 839          245.87544000
 840          246.19722000
 841          246.51904000
 842          246.84091000
 843          247.16283000
 844          247.48480000
 845          247.80681000
 846          248.12886000
 847          248.45343000
 848          248.77558000
 849          249.09778000
 850          249.42003000
 851          249.74232000
 852          250.06713000
 853          250.38952000
 854          250.71196000
 855          251.03692000
 856          251.35945000
 857          251.68203000
 858          252.00715000
 859          252.32982000
 860          252.65504000
 861          252.97781000
 862          253.30063000
 863          253.62599000
 864          253.94890000
 865          254.27438000
 866          254.59739000
 867          254.92296000
 868          255.24858000
 869          255.57173000
 870          255.89746000
 871          256.22071000
 872          256.54654000
 873          256.87241000
 874          257.19581000
 875          257.52179000
 876          257.84783000
 877          258.17136000
 878          258.49750000
 879          258.82369000
 880          259.14992000
 881          259.47622000
 882          259.80000000
 883          260.12640000
 884          260.45284000
 885          260.77934000
 886          261.10589000
 887          261.43249000
 888          261.75914000
 889          262.08585000
 890          262.41261000
 891          262.73942000
 892          263.06628000
 893          263.39320000
 894          263.72016000
 895          264.04719000
 896          264.37426000
 897          264.70138000
 898          265.02855000
 899          265.35578000
 900          265.68567000
 901          266.01301000
 902          266.34040000
 903          266.66784000
 904          266.99533000
 905          267.32550000
 906          267.65310000
 907          267.98075000
 908          268.30845000
 909          268.63884000
 910          268.96665000
 911          269.29717000
 912          269.62508000
 913          269.95305000
 914          270.28373000
 915          270.61179000
 916          270.94259000
 917          271.27077000
 918          271.60167000
 919          271.92996000
 920          272.26098000
 921          272.58937000
 922          272.92050000
 923          273.24900000
 924          273.58024000
 925          273.91154000
 926          274.24020000
 927          274.57162000
 928          274.90308000
 929          275.23191000
 930          275.56349000
 931          275.89513000
 932          276.22683000
 933          276.55587000
 934          276.88768000
 935          277.21955000
 936          277.55147000
 937          277.88346000
 938          278.21277000
 939          278.54486000
 940          278.87702000
 941          279.20923000
 942          279.54150000
 943          279.87383000
 944          280.20621000
 945          280.53866000
 946          280.87115000
 947          281.20371000
 948          281.53632000
 949          281.86900000
 950          282.20173000
 951          282.53452000
 952          282.86737000
 953          283.20305000
 954          283.53601000
 955          283.86903000
 956          284.20211000
 957          284.53525000
 958          284.87124000
 959          285.20450000
 960          285.53781000
 961          285.87118000
 962          286.20741000
 963          286.54090000
 964          286.87445000
 965          287.21087000
 966          287.54454000
 967          287.87825000
 968          288.21485000
 969          288.54869000
 970          288.88542000
 971          289.21938000
 972          289.55623000
 973          289.89030000
 974          290.22728000
 975          290.56148000
 976          290.89857000
 977          291.23289000
 978          291.57011000
 979          291.90740000
 980          292.24189000
 981          292.57930000
 982          292.91390000
 983          293.25144000
 984          293.58904000
 985          293.92670000
 986          294.26155000
 987          294.59933000
 988          294.93718000
 989          295.27509000
 990          295.61018000
 991          295.94821000
 992          296.28631000
 993          296.62447000
 994          296.96270000
 995          297.30099000
 996          297.63934000
 997          297.97776000
 998          298.31332000
 999          298.65186000
1000          298.99046000
1001          299.32913000
1002          299.66786000
1003          300.00665000
1004          300.34845000
1005          300.68737000
1006          301.02636000
1007          301.36540000
1008          301.70452000
1009          302.04369000
1010          302.38293000
1011          302.72223000
1012          303.06456000
1013          303.40399000
1014          303.74349000
1015          304.08304000
1016          304.42563000
1017          304.76533000
1018          305.10508000
1019          305.44489000
1020          305.78775000
1021          306.12769000
1022          306.46770000
1023          306.81077000
1024          307.15090000
1025          307.49411000
1026          307.83437000
1027          308.17771000
1028          308.51810000
1029          308.86157000
1030          309.20210000
1031          309.54570000
1032          309.88636000
1033          310.23009000
1034          310.57088000
1035          310.91476000
1036          311.25567000
1037          311.59968000
1038          311.94377000
1039          312.28487000
1040          312.62908000
1041          312.97337000
1042          313.31468000
1043          313.65909000
1044          314.00359000
1045          314.34815000
1046          314.68971000
1047          315.03440000
1048          315.37917000
1049          315.72400000
1050          316.06890000
1051          316.41388000
1052          316.75584000
1053          317.10094000
1054          317.44612000
1055          317.79136000
1056          318.13668000
1057          318.48206000
1058          318.82751000
1059          319.17304000
1060          319.51862000
1061          319.86428000
1062          320.21001000
1063          320.55581000
1064          320.90167000
1065          321.24761000
1066          321.59674000
1067          321.94282000
1068          322.28896000
1069          322.63518000
1070          322.98146000
1071          323.32782000
1072          323.67738000
1073          324.02387000
1074          324.37044000
1075          324.71707000
1076          325.06693000
1077          325.41371000
1078          325.76054000
1079          326.11062000
1080          326.45761000
1081          326.80466000
1082          327.15496000
1083          327.50215000
1084          327.85259000
1085          328.19992000
1086          328.54733000
1087          328.89799000
1088          329.24554000
1089          329.59635000
1090          329.94403000
1091          330.29498000
1092          330.64282000
1093          330.99392000
1094          331.34509000
1095          331.69314000
1096          332.04446000
1097          332.39264000
1098          332.74411000
1099          333.09566000
1100          333.44406000
1101          333.79575000
1102          334.14752000
1103          334.49937000
1104          334.84805000
1105          335.20004000
1106          335.55211000
1107          335.90425000
1108          336.25321000
1109          336.60550000
1110          336.95787000
1111          337.31030000
1112          337.66282000
1113          338.01541000
1114          338.36807000
1115          338.71754000
1116          339.07035000
1117          339.42323000
1118          339.77620000
1119          340.12923000
1120          340.48235000
1121          340.83553000
1122          341.18879000
1123          341.54213000
1124          341.89554000
1125          342.25233000
1126          342.60590000
1127          342.95953000
1128          343.31325000
1129          343.66704000
1130          344.02091000
1131          344.37484000
1132          344.73218000
1133          345.08627000
1134          345.44044000
1135          345.79469000
1136          346.14900000
1137          346.50673000
1138          346.86120000
1139          347.21575000
1140          347.57372000
1141          347.92842000
1142          348.28319000
1143          348.64140000
1144          348.99632000
1145          349.35132000
1146          349.70977000
1147          350.06493000
1148          350.42352000
1149          350.77883000
1150          351.13759000
1151          351.49306000
1152          351.85198000
1153          352.20759000
1154          352.56667000
1155          352.92244000
1156          353.28167000
1157          353.63760000
1158          353.99700000
1159          354.35306000
1160          354.71263000
1161          355.07226000
1162          355.42857000
1163          355.78836000
1164          356.14823000
1165          356.50477000
1166          356.86481000
1167          357.22493000
1168          357.58513000
1169          357.94198000
1170          358.30233000
1171          358.66278000
1172          359.02330000
1173          359.38389000
1174          359.74113000
1175          360.10188000
1176          360.46273000
1177          360.82364000
1178          361.18466000
1179          361.54574000
1180          361.90690000
1181          362.26815000
1182          362.62948000
1183          362.99089000
1184          363.35237000
1185          363.71394000
1186          364.07559000
1187          364.43733000
1188          364.79914000
1189          365.16103000
1190          365.52301000
1191          365.88507000
1192          366.24721000
1193          366.60943000
1194          366.97173000
1195          367.33411000
1196          367.70009000
1197          368.06264000
1198          368.42526000
1199          368.78797000
1200          369.15076000
1201          369.51716000
1202          369.88012000
1203          370.24316000
1204          370.60627000
1205          370.97302000
1206          371.33630000
1207          371.69965000
1208          372.06666000
1209          372.43018000
1210          372.79379000
1211          373.16104000
1212          373.52482000
1213          373.89225000
1214          374.25618000
1215          374.62020000
1216          374.98789000
1217          375.35206000
1218          375.71992000
1219          376.08427000
1220          376.45229000
1221          376.81680000
1222          377.18500000
1223          377.54967000
1224          377.91805000
1225          378.28650000
1226          378.65142000
1227          379.02005000
1228          379.38514000
1229          379.75393000
1230          380.12282000
1231          380.48816000
1232          380.85721000
1233          381.22635000
1234          381.59195000
1235          381.96125000
1236          382.33065000
1237          382.70013000
1238          383.06605000
1239          383.43571000
1240          383.80546000
1241          384.17529000
1242          384.54521000
1243          384.91521000
1244          385.28163000
1245          385.65181000
1246          386.02207000
1247          386.39243000
1248          386.76287000
1249          387.13338000
1250          387.50400000
1251          387.87469000
1252          388.24548000
1253          388.61635000
1254          388.98732000
1255          389.35836000
1256          389.72949000
1257          390.10071000
1258          390.47202000
1259          390.84341000
1260          391.21489000
1261          391.58646000
1262          391.95812000
1263          392.32986000
1264          392.70169000
1265          393.07361000
1266          393.44934000
1267          393.82144000
1268          394.19362000
1269          394.56590000
1270          394.93825000
1271          395.31444000
1272          395.68697000
1273          396.05959000
1274          396.43230000
1275          396.80885000
1276          397.18173000
1277          397.55470000
1278          397.92777000
1279          398.30469000
1280          398.67792000
1281          399.05124000
1282          399.42844000
1283          399.80193000
1284          400.17931000
1285          400.55298000
1286          400.92675000
1287          401.30440000
1288          401.67834000
1289          402.05617000
1290          402.43029000
1291          402.80831000
1292          403.18260000
1293          403.56080000
1294          403.93527000
1295          404.31365000
1296          404.68830000
1297          405.06687000
1298          405.44553000
1299          405.82045000
1300          406.19929000
1301          406.57438000
1302          406.95341000
1303          407.33253000
1304          407.70789000
1305          408.08718000
1306          408.46659000
1307          408.84221000
1308          409.22179000
1309          409.60147000
1310          409.98123000
1311          410.35721000
1312          410.73715000
1313          411.11720000
1314          411.49734000
1315          411.87367000
1316          412.25399000
1317          412.63441000
1318          413.01491000
1319          413.39551000
1320          413.77620000
1321          414.15308000
1322          414.53395000
1323          414.91492000
1324          415.29598000
1325          415.67714000
1326          416.05838000
1327          416.43972000
1328          416.82115000
1329          417.20268000
1330          417.58430000
1331          417.96601000
1332          418.34781000
1333          418.72972000
1334          419.11171000
1335          419.49379000
1336          419.87597000
1337          420.25824000
1338          420.64061000
1339          421.02307000
1340          421.40958000
1341          421.79223000
1342          422.17497000
1343          422.55780000
1344          422.94072000
1345          423.32374000
1346          423.70686000
1347          424.09406000
1348          424.47736000
1349          424.86075000
1350          425.24424000
1351          425.63182000
1352          426.01549000
1353          426.39927000
1354          426.78313000
1355          427.17109000
1356          427.55516000
1357          427.93930000
1358          428.32756000
1359          428.71190000
1360          429.09632000
1361          429.48488000
1362          429.86949000
1363          430.25824000
1364          430.64305000
1365          431.02795000
1366          431.41699000
1367          431.80208000
1368          432.19131000
1369          432.57659000
1370          432.96603000
1371          433.35150000
1372          433.74112000
1373          434.12678000
1374          434.51660000
1375          434.90244000
1376          435.29247000
1377          435.67850000
1378          436.06871000
1379          436.45903000
1380          436.84535000
1381          437.23585000
1382          437.62236000
1383          438.01307000
1384          438.40388000
1385          438.79067000
1386          439.18167000
1387          439.57276000
1388          439.96397000
1389          440.35114000
1390          440.74254000
1391          441.13403000
1392          441.52149000
1393          441.91318000
1394          442.30497000
1395          442.69684000
1396          443.08884000
1397          443.47678000
1398          443.86896000
1399          444.26123000
1400          444.65361000
1401          445.04610000
1402          445.43867000
1403          445.82719000
1404          446.21996000
1405          446.61283000
1406          447.00581000
1407          447.39889000
1408          447.79206000
1409          448.18532000
1410          448.57869000
1411          448.97215000
1412          449.36573000
1413          449.75939000
1414          450.15316000
1415          450.54703000
1416          450.94099000
1417          451.33506000
1418          451.72922000
1419          452.12348000
1420          452.51785000
1421          452.91231000
1422          453.30687000
1423          453.70153000
1424          454.09629000
1425          454.49115000
1426          454.89034000
1427          455.28540000
1428          455.68056000
1429          456.07582000
1430          456.47118000
1431          456.86664000
1432          457.26644000
1433          457.66211000
1434          458.05786000
1435          458.45372000
1436          458.85394000
1437          459.25000000
1438          459.64616000
1439          460.04242000
1440          460.44306000
1441          460.83952000
1442          461.23608000
1443          461.63702000
1444          462.03378000
1445          462.43065000
1446          462.83190000
1447          463.22896000
1448          463.62613000
1449          464.02769000
1450          464.42506000
1451          464.82682000
1452          465.22439000
1453          465.62206000
1454          466.02414000
1455          466.42200000
1456          466.82430000
1457          467.22236000
1458          467.62486000
1459          468.02314000
1460          468.42584000
1461          468.82432000
1462          469.22724000
1463          469.62591000
1464          470.02903000
1465          470.42791000
1466          470.83124000
1467          471.23467000
1468          471.63386000
1469          472.03750000
1470          472.43688000
1471          472.84073000
1472          473.24469000
1473          473.64437000
1474          474.04855000
1475          474.45281000
1476          474.85281000
1477          475.25729000
1478          475.66187000
1479          476.06216000
1480          476.46696000
1481          476.87186000
1482          477.27686000
1483          477.67757000
1484          478.08278000
1485          478.48810000
1486          478.89352000
1487          479.29905000
1488          479.70026000
1489          480.10599000
1490          480.51184000
1491          480.91778000
1492          481.32385000
1493          481.72557000
1494          482.13182000
1495          482.53819000
1496          482.94466000
1497          483.35124000
1498          483.75793000
1499          484.16472000
1500          484.57161000
1501          484.97861000
1502          485.38572000
1503          485.79293000
1504          486.20024000
1505          486.60767000
1506          487.01520000
1507          487.42284000
1508          487.83057000
1509          488.23842000
1510          488.64637000
1511          489.05442000
1512          489.46259000
1513          489.87086000
1514          490.27923000
1515          490.68771000
1516          491.09629000
1517          491.50500000
1518          491.91378000
1519          492.32269000
1520          492.73170000
1521          493.14533000
1522          493.55455000
1523          493.96388000
1524          494.37332000
1525          494.78286000
1526          495.19250000
1527          495.60679000
1528          496.01665000
1529          496.42661000
1530          496.83668000
1531          497.25141000
1532          497.66170000
1533          498.07209000
1534          498.48258000
1535          498.89776000
1536          499.30847000
1537          499.71928000
1538          500.13477000
1539          500.54581000
1540          500.95695000
1541          501.37278000
1542          501.78412000
1543          502.19558000
1544          502.61174000
1545          503.02341000
1546          503.43518000
1547          503.85167000
1548          504.26366000
1549          504.68036000
1550          505.09257000
1551          505.50488000
1552          505.92192000
1553          506.33445000
1554          506.75170000
1555          507.16445000
1556          507.58192000
1557          507.99487000
1558          508.41256000
1559          508.82574000
1560          509.24366000
1561          509.65704000
1562          510.07518000
1563          510.48878000
1564          510.90713000
1565          511.32561000
1566          511.73953000
1567          512.15822000
1568          512.57236000
1569          512.99127000
1570          513.41030000
1571          513.82476000
1572          514.24400000
1573          514.65868000
1574          515.07814000
1575          515.49771000
1576          515.91271000
1577          516.33252000
1578          516.75243000
1579          517.16774000
1580          517.58788000
1581          518.00812000
1582          518.42848000
1583          518.84423000
1584          519.26480000
1585          519.68550000
1586          520.10630000
1587          520.52248000
1588          520.94350000
1589          521.36463000
1590          521.78587000
1591          522.20723000
1592          522.62396000
1593          523.04554000
1594          523.46723000
1595          523.88904000
1596          524.31095000
1597          524.73297000
1598          525.15511000
1599          525.57260000
1600          525.99495000
1601          526.41742000
1602          526.84000000
1603          527.26269000
1604          527.68550000
1605          528.10842000
1606          528.53145000
1607          528.95459000
1608          529.37785000
1609          529.80122000
1610          530.22469000
1611          530.64828000
1612          531.07199000
1613          531.49580000
1614          531.91972000
1615          532.34376000
1616          532.76791000
1617          533.19217000
1618          533.61655000
1619          534.04103000
1620          534.46563000
1621          534.89035000
1622          535.31517000
1623          535.74009000
1624          536.16515000
1625          536.59515000
1626          537.02042000
1627          537.44580000
1628          537.87130000
1629          538.29691000
1630          538.72263000
1631          539.14847000
1632          539.57928000
1633          540.00534000
1634          540.43151000
1635          540.85779000
1636          541.28419000
1637          541.71558000
1638          542.14220000
1639          542.56894000
1640          542.99578000
1641          543.42764000
1642          543.85471000
1643          544.28190000
1644          544.70920000
1645          545.14152000
1646          545.56905000
1647          545.99668000
1648          546.42935000
1649          546.85722000
1650          547.28520000
1651          547.71821000
1652          548.14641000
1653          548.57473000
1654          549.00810000
1655          549.43664000
1656          549.86530000
1657          550.29900000
1658          550.72790000
1659          551.16183000
1660          551.59095000
1661          552.02017000
1662          552.45447000
1663          552.88391000
1664          553.31844000
1665          553.74812000
1666          554.18288000
1667          554.61279000
1668          555.04778000
1669          555.47792000
1670          555.91314000
1671          556.34350000
1672          556.77897000
1673          557.20955000
1674          557.64525000
1675          558.07606000
1676          558.51198000
1677          558.94303000
1678          559.37919000
1679          559.81046000
1680          560.24686000
1681          560.68338000
1682          561.11498000
1683          561.55174000
1684          561.98357000
1685          562.42055000
1686          562.85765000
1687          563.28983000
1688          563.72716000
1689          564.16462000
1690          564.59714000
1691          565.03483000
1692          565.47263000
1693          565.90550000
1694          566.34353000
1695          566.78170000
1696          567.21490000
1697          567.65329000
1698          568.09180000
1699          568.53042000
1700          568.96410000
1701          569.40295000
1702          569.84193000
1703          570.28102000
1704          570.71515000
1705          571.15448000
1706          571.59393000
1707          572.03350000
1708          572.47319000
1709          572.90789000
1710          573.34781000
1711          573.78784000
1712          574.22800000
1713          574.66827000
1714          575.10867000
1715          575.54405000
1716          575.98469000
1717          576.42543000
1718          576.86629000
1719          577.30727000
1720          577.74837000
1721          578.18959000
1722          578.63092000
1723          579.07238000
1724          579.51396000
1725          579.95565000
1726          580.39230000
1727          580.83423000
1728          581.27628000
1729          581.71844000
1730          582.16072000
1731          582.60312000
1732          583.04563000
1733          583.48828000
1734          583.93103000
1735          584.37391000
1736          584.81690000
1737          585.26001000
1738          585.70324000
1739          586.14659000
1740          586.59525000
1741          587.03884000
1742          587.48255000
1743          587.92638000
1744          588.37032000
1745          588.81438000
1746          589.25856000
1747          589.70286000
1748          590.14728000
1749          590.59181000
1750          591.04170000
1751          591.48648000
1752          591.93137000
1753          592.37639000
1754          592.82152000
1755          593.26677000
1756          593.71213000
1757          594.16288000
1758          594.60848000
1759          595.05422000
1760          595.50006000
1761          595.94602000
1762          596.39737000
1763          596.84358000
1764          597.28990000
1765          597.73634000
1766          598.18819000
1767          598.63487000
1768          599.08168000
1769          599.52859000
1770          599.98092000
1771          600.42809000
1772          600.87536000
1773          601.32807000
1774          601.77558000
1775          602.22322000
1776          602.67629000
1777          603.12416000
1778          603.57216000
1779          604.02559000
1780          604.47383000
1781          604.92219000
1782          605.37599000
1783          605.82459000
1784          606.27330000
1785          606.72747000
1786          607.17643000
1787          607.63085000
1788          608.08004000
1789          608.52935000
1790          608.98414000
1791          609.43369000
1792          609.88873000
1793          610.33852000
1794          610.79380000
1795          611.24383000
1796          611.69936000
1797          612.14963000
1798          612.60003000
1799          613.05592000
1800          613.50655000
1801          613.96270000
1802          614.41357000
1803          614.86996000
1804          615.32648000
1805          615.77772000
1806          616.23447000
1807          616.68594000
1808          617.14295000
1809          617.59468000
1810          618.05193000
1811          618.50388000
1812          618.96139000
1813          619.41901000
1814          619.87133000
1815          620.32920000
1816          620.78177000
1817          621.23988000
1818          621.69813000
1819          622.15104000
1820          622.60953000
1821          623.06270000
1822          623.52143000
1823          623.98030000
1824          624.43382000
1825          624.89293000
1826          625.35216000
1827          625.81152000
1828          626.26553000
1829          626.72514000
1830          627.18487000
1831          627.63924000
1832          628.09922000
1833          628.55931000
1834          629.01406000
1835          629.47440000
1836          629.93488000
1837          630.39548000
1838          630.85070000
1839          631.31154000
1840          631.77251000
1841          632.23361000
1842          632.69483000
1843          633.15065000
1844          633.61212000
1845          634.07371000
1846          634.53543000
1847          634.99727000
1848          635.45370000
1849          635.91580000
1850          636.37801000
1851          636.84034000
1852          637.30282000
1853          637.76540000
1854          638.22812000
1855          638.68540000
1856          639.14836000
1857          639.61145000
1858          640.07466000
1859          640.53799000
1860          641.00145000
1861          641.46504000
1862          641.92875000
1863          642.39259000
1864          642.85655000
1865          643.31504000
1866          643.77926000
1867          644.24359000
1868          644.70805000
1869          645.17263000
1870          645.63734000
1871          646.10217000
1872          646.56713000
1873          647.03222000
1874          647.49742000
1875          647.96276000
1876          648.42822000
1877          648.89380000
1878          649.35951000
1879          649.82534000
1880          650.29130000
1881          650.75739000
1882          651.22360000
1883          651.68994000
1884          652.16204000
1885          652.62863000
1886          653.09535000
1887          653.56218000
1888          654.02915000
1889          654.49623000
1890          654.96345000
1891          655.43079000
1892          655.89825000
1893          656.36584000
1894          656.83923000
1895          657.30708000
1896          657.77505000
1897          658.24314000
1898          658.71136000
1899          659.17970000
1900          659.64817000
1901          660.12247000
1902          660.59119000
1903          661.06004000
1904          661.52901000
1905          661.99811000
1906          662.47305000
1907          662.94240000
1908          663.41187000
1909          663.88148000
1910          664.35120000
1911          664.82678000
1912          665.29676000
1913          665.76687000
1914          666.23709000
1915          666.71319000
1916          667.18368000
1917          667.65429000
1918          668.12503000
1919          668.60164000
1920          669.07263000
1921          669.54374000
1922          670.02075000
1923          670.49211000
1924          670.96361000
1925          671.43522000
1926          671.91274000
1927          672.38462000
1928          672.85661000
1929          673.33452000
1930          673.80677000
1931          674.28494000
1932          674.75744000
1933          675.23007000
1934          675.70862000
1935          676.18151000
1936          676.65452000
1937          677.13347000
1938          677.60672000
1939          678.08593000
1940          678.55945000
1941          679.03309000
1942          679.51268000
1943          679.98658000
1944          680.46643000
1945          680.94058000
1946          681.42069000
1947          681.89509000
1948          682.36962000
1949          682.85012000
1950          683.32490000
1951          683.80566000
1952          684.28069000
1953          684.76172000
1954          685.23700000
1955          685.71829000
1956          686.19382000
1957          686.67537000
1958          687.15117000
1959          687.63297000
1960          688.10902000
1961          688.59108000
1962          689.06738000
1963          689.54971000
1964          690.03216000
1965          690.50885000
1966          690.99156000
1967          691.46850000
1968          691.95148000
1969          692.42867000
1970          692.91189000
1971          693.39527000
1972          693.87284000
1973          694.35646000
1974          694.83429000
1975          695.31818000
1976          695.80219000
1977          696.28041000
1978          696.76469000
1979          697.24316000
1980          697.72770000
1981          698.21236000
1982          698.69121000
1983          699.17614000
1984          699.66120000
1985          700.14043000
1986          700.62575000
1987          701.11120000
1988          701.59082000
1989          702.07654000
1990          702.56237000
1991          703.04836000
1992          703.52849000
1993          704.01472000
1994          704.50109000
1995          704.98160000
1996          705.46822000
1997          705.95499000
1998          706.44187000
1999          706.92289000
2000          707.41005000
2001          707.89733000
2002          708.38475000
2003          708.86628000
2004          709.35395000
2005          709.84177000
2006          710.32970000
2007          710.81778000
2008          711.29994000
2009          711.78828000
2010          712.27675000
2011          712.76534000
2012          713.25407000
2013          713.73688000
2014          714.22586000
2015          714.71499000
2016          715.20424000
2017          715.69361000
2018          716.18313000
2019          716.67278000
2020          717.15648000
2021          717.64639000
2022          718.13643000
2023          718.62660000
2024          719.11690000
2025          719.60734000
2026          720.09791000
2027          720.58861000
2028          721.07944000
2029          721.56430000
2030          722.05538000
2031          722.54661000
2032          723.03796000
2033          723.52945000
2034          724.02107000
2035          724.51282000
2036          725.00470000
2037          725.49671000
2038          725.98886000
2039          726.48114000
2040          726.97354000
2041          727.46608000
2042          727.95876000
2043          728.45156000
2044          728.94450000
2045          729.43756000
2046          729.93076000
2047          730.42410000
2048          730.91756000
2049          731.41116000
2050          731.90488000
2051          732.39874000
2052          732.89274000
2053          733.38686000
2054          733.88112000
2055          734.37550000
2056          734.87002000
2057          735.36466000
2058          735.85946000
2059          736.35436000
2060          736.84942000
2061          737.35080000
2062          737.84610000
2063          738.34155000
2064          738.83713000
2065          739.33283000
2066          739.82868000
2067          740.32466000
2068          740.82076000
2069          741.31700000
2070          741.81336000
2071          742.31610000
2072          742.81273000
2073          743.30950000
2074          743.80640000
2075          744.30343000
2076          744.80060000
2077          745.30415000
2078          745.80158000
2079          746.29913000
2080          746.79684000
2081          747.29465000
2082          747.79262000
2083          748.29698000
2084          748.79520000
2085          749.29356000
2086          749.79206000
2087          750.29067000
2088          750.79571000
2089          751.29461000
2090          751.79363000
2091          752.29278000
2092          752.79836000
2093          753.29778000
2094          753.79733000
2095          754.29702000
2096          754.80314000
2097          755.30310000
2098          755.80318000
2099          756.30339000
2100          756.81006000
2101          757.31055000
2102          757.81116000
2103          758.31824000
2104          758.81912000
2105          759.32014000
2106          759.82763000
2107          760.32891000
2108          760.83032000
2109          761.33821000
2110          761.83991000
2111          762.34171000
2112          762.85002000
2113          763.35209000
2114          763.85431000
2115          764.36303000
2116          764.86551000
2117          765.36812000
2118          765.87724000
2119          766.38012000
2120          766.88313000
2121          767.39267000
2122          767.89594000
2123          768.40575000
2124          768.90929000
2125          769.41297000
2126          769.92319000
2127          770.42713000
2128          770.93762000
2129          771.44183000
2130          771.94618000
2131          772.45708000
2132          772.96169000
2133          773.47286000
2134          773.97774000
2135          774.48919000
2136          774.99434000
2137          775.50605000
2138          776.01147000
2139          776.52346000
2140          777.02915000
2141          777.54142000
2142          778.04737000
2143          778.55345000
2144          779.06612000
2145          779.57248000
2146          780.08542000
2147          780.59204000
2148          781.10526000
2149          781.61862000
2150          782.12564000
2151          782.63928000
2152          783.14657000
2153          783.66048000
2154          784.16804000
2155          784.68222000
2156          785.19004000
2157          785.70449000
2158          786.21259000
2159          786.72732000
2160          787.24219000
2161          787.75068000
2162          788.26583000
2163          788.77459000
2164          789.29000000
2165          789.79904000
2166          790.31473000
2167          790.83056000
2168          791.33999000
2169          791.85609000
2170          792.37233000
2171          792.88218000
2172          793.39869000
2173          793.90879000
2174          794.42558000
2175          794.94251000
2176          795.45303000
2177          795.97023000
2178          796.48756000
2179          796.99847000
2180          797.51609000
2181          798.03384000
2182          798.54516000
2183          799.06319000
2184          799.58136000
2185          800.09308000
2186          800.61152000
2187          801.13009000
2188          801.64221000
2189          802.16107000
2190          802.68006000
2191          803.19259000
2192          803.71185000
2193          804.23126000
2194          804.75080000
2195          805.26387000
2196          805.78368000
2197          806.30364000
2198          806.82373000
2199          807.33733000
2200          807.85771000
2201          808.37821000
2202          808.89886000
2203          809.41301000
2204          809.93393000
2205          810.45498000
2206          810.97619000
2207          811.49086000
2208          812.01234000
2209          812.53395000
2210          813.05570000
2211          813.57760000
2212          814.09294000
2213          814.61511000
2214          815.13742000
2215          815.65985000
2216          816.18244000
2217          816.70515000
2218          817.22132000
2219          817.74432000
2220          818.26744000
2221          818.79071000
2222          819.31412000
2223          819.83768000
2224          820.35464000
2225          820.87847000
2226          821.40243000
2227          821.92653000
2228          822.45077000
2229          822.97515000
2230          823.49967000
2231          824.02432000
2232          824.54238000
2233          825.06731000
2234          825.59238000
2235          826.11758000
2236          826.64293000
2237          827.16841000
2238          827.69403000
2239          828.21980000
2240          828.74571000
2241          829.27175000
2242          829.79792000
2243          830.32424000
2244          830.85070000
2245          831.37052000
2246          831.89725000
2247          832.42412000
2248          832.95113000
2249          833.47828000
2250          834.00556000
2251          834.53299000
2252          835.06056000
2253          835.58826000
2254          836.11610000
2255          836.64408000
2256          837.17220000
2257          837.70046000
2258          838.22886000
2259          838.75740000
2260          839.28607000
2261          839.81488000
2262          840.34384000
2263          840.87293000
2264          841.40217000
2265          841.93153000
2266          842.46104000
2267          842.99070000
2268          843.52048000
2269          844.05041000
2270          844.58732000
2271          845.11753000
2272          845.64788000
2273          846.17837000
2274          846.70900000
2275          847.23976000
2276          847.77066000
2277          848.30171000
2278          848.83289000
2279          849.36419000
2280          849.89566000
2281          850.42726000
2282          850.95899000
2283          851.49776000
2284          852.02978000
2285          852.56193000
2286          853.09423000
2287          853.62667000
2288          854.15924000
2289          854.69195000
2290          855.22481000
2291          855.76472000
2292          856.29785000
2293          856.83112000
2294          857.36453000
2295          857.89808000
2296          858.43177000
2297          858.96559000
2298          859.50651000
2299          860.04061000
2300          860.57486000
2301          861.10925000
2302          861.64378000
2303          862.17845000
2304          862.72020000
2305          863.25516000
2306          863.79024000
2307          864.32547000
2308          864.86083000
2309          865.40332000
2310          865.93896000
2311          866.47475000
2312          867.01067000
2313          867.55372000
2314          868.08993000
2315          868.62627000
2316          869.16276000
2317          869.69937000
2318          870.24314000
2319          870.78005000
2320          871.31709000
2321          871.85428000
2322          872.39861000
2323          872.93607000
2324          873.47368000
2325          874.01845000
2326          874.55634000
2327          875.09436000
2328          875.63252000
2329          876.17785000
2330          876.71631000
2331          877.25488000
2332          877.80066000
2333          878.33953000
2334          878.87853000
2335          879.41767000
2336          879.96401000
2337          880.50344000
2338          881.04300000
2339          881.58978000
2340          882.12963000
2341          882.66962000
2342          883.21681000
2343          883.75708000
2344          884.29750000
2345          884.84513000
2346          885.38581000
2347          885.92664000
2348          886.47471000
2349          887.01581000
2350          887.56416000
2351          888.10556000
2352          888.64708000
2353          889.19587000
2354          889.73769000
2355          890.27964000
2356          890.82884000
2357          891.37108000
2358          891.92058000
2359          892.46309000
2360          893.00575000
2361          893.55568000
2362          894.09861000
2363          894.64884000
2364          895.19205000
2365          895.74257000
2366          896.28606000
2367          896.82969000
2368          897.38063000
2369          897.92456000
2370          898.47579000
2371          899.01999000
2372          899.57151000
2373          900.11599000
2374          900.66779000
2375          901.21256000
2376          901.75747000
2377          902.30970000
2378          902.85489000
2379          903.40740000
2380          903.95287000
2381          904.50569000
2382          905.05143000
2383          905.60454000
2384          906.15058000
2385          906.70396000
2386          907.25027000
2387          907.80394000
2388          908.35054000
2389          908.90451000
2390          909.45139000
2391          910.00563000
2392          910.55281000
2393          911.10734000
2394          911.65479000
2395          912.20961000
2396          912.75733000
2397          913.31246000
2398          913.86771000
2399          914.41587000
2400          914.97142000
2401          915.51985000
2402          916.07569000
2403          916.62441000
2404          917.18053000
2405          917.72953000
2406          918.28595000
2407          918.84251000
2408          919.39193000
2409          919.94878000
2410          920.49848000
2411          921.05563000
2412          921.61291000
2413          922.16304000
2414          922.72061000
2415          923.27102000
2416          923.82887000
2417          924.38689000
2418          924.93772000
2419          925.49602000
2420          926.04714000
2421          926.60572000
2422          927.16446000
2423          927.71599000
2424          928.27502000
2425          928.83418000
2426          929.38614000
2427          929.94561000
2428          930.50520000
2429          931.05760000
2430          931.61749000
2431          932.17015000
2432          932.73033000
2433          933.29065000
2434          933.84376000
2435          934.40437000
2436          934.96512000
2437          935.52603000
2438          936.07970000
2439          936.64088000
2440          937.20222000
2441          937.75632000
2442          938.31795000
2443          938.87972000
2444          939.43423000
2445          939.99630000
2446          940.55851000
2447          941.12086000
2448          941.67595000
2449          942.23859000
2450          942.80138000
2451          943.35689000
2452          943.91997000
2453          944.48319000
2454          945.04656000
2455          945.60264000
2456          946.16630000
2457          946.73010000
2458          947.29406000
2459          947.85070000
2460          948.41494000
2461          948.97932000
2462          949.54386000
2463          950.10107000
2464          950.66589000
2465          951.23086000
2466          951.79596000
2467          952.36122000
2468          952.91915000
2469          953.48471000
2470          954.05040000
2471          954.61623000
2472          955.17472000
2473          955.74086000
2474          956.30713000
2475          956.87355000
2476          957.44012000
2477          958.00683000
2478          958.56618000
2479          959.13318000
2480          959.70033000
2481          960.26762000
2482          960.83506000
2483          961.39513000
2484          961.96285000
2485          962.53073000
2486          963.09875000
2487          963.66692000
2488          964.23523000
2489          964.80369000
2490          965.36475000
2491          965.93350000
2492          966.50239000
2493          967.07144000
2494          967.64062000
2495          968.20995000
2496          968.77944000
2497          969.34906000
2498          969.91126000
2499          970.48118000
2500          971.05124000
2501          971.62145000
2502          972.19180000
2503          972.76230000
2504          973.33294000
2505          973.90373000
2506          974.47468000
2507          975.04576000
2508          975.60939000
2509          976.18076000
2510          976.75228000
2511          977.32395000
2512          977.89576000
2513          978.46772000
2514          979.03982000
2515          979.61207000
2516          980.18447000
2517          980.75701000
2518          981.32970000
2519          981.90254000
2520          982.47552000
2521          983.04865000
2522          983.62192000
2523          984.19535000
2524          984.76891000
2525          985.34262000
2526          985.90883000
2527          986.48283000
2528          987.05698000
2529          987.63129000
2530          988.20573000
2531          988.78031000
2532          989.35504000
2533          989.92992000
2534          990.50496000
2535          991.08013000
2536          991.65544000
2537          992.23092000
2538          992.80653000
2539          993.38229000
2540          993.95819000
2541          994.53425000
2542          995.11044000
2543          995.69450000
2544          996.27099000
2545          996.84763000
2546          997.42442000
2547          998.00135000
2548          998.57843000
2549          999.15566000
2550          999.73304000
2551         1000.31056000
2552         1000.88822000
2553         1001.46604000
2554         1002.04399000
2555         1002.62209000
2556         1003.20035000
2557         1003.77874000
2558         1004.35729000
2559         1004.93598000
2560         1005.51482000
2561         1006.10157000
2562         1006.68070000
2563         1007.25998000
2564         1007.83940000
2565         1008.41899000
2566         1008.99869000
2567         1009.57857000
2568         1010.15858000
2569         1010.73873000
2570         1011.31904000
2571         1011.89949000
2572         1012.48789000
2573         1013.06863000
2574         1013.64954000
2575         1014.23057000
2576         1014.81176000
2577         1015.39309000
2578         1015.97457000
2579         1016.55621000
2580         1017.14580000
2581         1017.72773000
2582         1018.30980000
2583         1018.89201000
2584         1019.47438000
2585         1020.05689000
2586         1020.64739000
2587         1021.23019000
2588         1021.81314000
2589         1022.39625000
2590         1022.97949000
2591         1023.56289000
2592         1024.15428000
2593         1024.73797000
2594         1025.32181000
2595         1025.90579000
2596         1026.48992000
2597         1027.07420000
2598         1027.66651000
2599         1028.25107000
2600         1028.83580000
2601         1029.42065000
2602         1030.00567000
2603         1030.59872000
2604         1031.18404000
2605         1031.76949000
2606         1032.35509000
2607         1032.94083000
2608         1033.53464000
2609         1034.12069000
2610         1034.70687000
2611         1035.29321000
2612         1035.88763000
2613         1036.47426000
2614         1037.06105000
2615         1037.64797000
2616         1038.24299000
2617         1038.83022000
2618         1039.41758000
2619         1040.00509000
2620         1040.60072000
2621         1041.18853000
2622         1041.77649000
2623         1042.36460000
2624         1042.96081000
2625         1043.54923000
2626         1044.13778000
2627         1044.72647000
2628         1045.32329000
2629         1045.91228000
2630         1046.50143000
2631         1047.09871000
2632         1047.68814000
2633         1048.27773000
2634         1048.86745000
2635         1049.46534000
2636         1050.05537000
2637         1050.64553000
2638         1051.24387000
2639         1051.83435000
2640         1052.42496000
2641         1053.02374000
2642         1053.61466000
2643         1054.20572000
2644         1054.80496000
2645         1055.39631000
2646         1055.98783000
2647         1056.58751000
2648         1057.17933000
2649         1057.77126000
2650         1058.37141000
2651         1058.96366000
2652         1059.55605000
2653         1060.15665000
2654         1060.74934000
2655         1061.34218000
2656         1061.94323000
2657         1062.53637000
2658         1063.12964000
2659         1063.73115000
2660         1064.32473000
2661         1064.92653000
2662         1065.52041000
2663         1066.11443000
2664         1066.71669000
2665         1067.31101000
2666         1067.90547000
2667         1068.50819000
2668         1069.10295000
2669         1069.70596000
2670         1070.30103000
2671         1070.89623000
2672         1071.49970000
2673         1072.09520000
2674         1072.69897000
2675         1073.29478000
2676         1073.89072000
2677         1074.49495000
2678         1075.09120000
2679         1075.69573000
2680         1076.29228000
2681         1076.88896000
2682         1077.49395000
2683         1078.09093000
2684         1078.69623000
2685         1079.29350000
2686         1079.89910000
2687         1080.49668000
2688         1081.10257000
2689         1081.70044000
2690         1082.29847000
2691         1082.90483000
2692         1083.50315000
2693         1084.10980000
2694         1084.70842000
2695         1085.31537000
2696         1085.91429000
2697         1086.52155000
2698         1087.12076000
2699         1087.72833000
2700         1088.32784000
2701         1088.93571000
2702         1089.53551000
2703         1090.14369000
2704         1090.74379000
2705         1091.34404000
2706         1091.95267000
2707         1092.55322000
2708         1093.16214000
2709         1093.76300000
2710         1094.37223000
2711         1094.97337000
2712         1095.58290000
2713         1096.18435000
2714         1096.79419000
2715         1097.40419000
2716         1098.00607000
2717         1098.61637000
2718         1099.21855000
2719         1099.82916000
2720         1100.43165000
2721         1101.04254000
2722         1101.64534000
2723         1102.25653000
2724         1102.85962000
2725         1103.47113000
2726         1104.07452000
2727         1104.68633000
2728         1105.29000000
2729         1105.90212000
2730         1106.51440000
2731         1107.11852000
2732         1107.73110000
2733         1108.33552000
2734         1108.94840000
2735         1109.55311000
2736         1110.16630000
2737         1110.77964000
2738         1111.38480000
2739         1111.99845000
2740         1112.60391000
2741         1113.21786000
2742         1113.82363000
2743         1114.43788000
2744         1115.05228000
2745         1115.65850000
2746         1116.27320000
2747         1116.87971000
2748         1117.49472000
2749         1118.10989000
2750         1118.71685000
2751         1119.33232000
2752         1119.93956000
2753         1120.55535000
2754         1121.17127000
2755         1121.77898000
2756         1122.39521000
2757         1123.00321000
2758         1123.61974000
2759         1124.23643000
2760         1124.84489000
2761         1125.46188000
2762         1126.07902000
2763         1126.68793000
2764         1127.30537000
2765         1127.92299000
2766         1128.53233000
2767         1129.15025000
2768         1129.75988000
2769         1130.37810000
2770         1130.99646000
2771         1131.60655000
2772         1132.22523000
2773         1132.84406000
2774         1133.45459000
2775         1134.07373000
2776         1134.69301000
2777         1135.30400000
2778         1135.92359000
2779         1136.54333000
2780         1137.15477000
2781         1137.77482000
2782         1138.39502000
2783         1139.01538000
2784         1139.62742000
2785         1140.24807000
2786         1140.86889000
2787         1141.48138000
2788         1142.10249000
2789         1142.72376000
2790         1143.33670000
2791         1143.95827000
2792         1144.58000000
2793         1145.20189000
2794         1145.81542000
2795         1146.43761000
2796         1147.05994000
2797         1147.67393000
2798         1148.29658000
2799         1148.91938000
2800         1149.54233000
2801         1150.15691000
2802         1150.78017000
2803         1151.40358000
2804         1152.01861000
2805         1152.64233000
2806         1153.26621000
2807         1153.89023000
2808         1154.50587000
2809         1155.13019000
2810         1155.75467000
2811         1156.37932000
2812         1156.99555000
2813         1157.62049000
2814         1158.24558000
2815         1158.87083000
2816         1159.49624000
2817         1160.11322000
2818         1160.73893000
2819         1161.36478000
2820         1161.99081000
2821         1162.60839000
2822         1163.23472000
2823         1163.86119000
2824         1164.48782000
2825         1165.11460000
2826         1165.73293000
2827         1166.36002000
2828         1166.98726000
2829         1167.61466000
2830         1168.23359000
2831         1168.86129000
2832         1169.48916000
2833         1170.11717000
2834         1170.74532000
2835         1171.37365000
2836         1171.99348000
2837         1172.62210000
2838         1173.25087000
2839         1173.87981000
2840         1174.50888000
2841         1175.12947000
2842         1175.75887000
2843         1176.38841000
2844         1177.01811000
2845         1177.64795000
2846         1178.27796000
2847         1178.89945000
2848         1179.52976000
2849         1180.16023000
2850         1180.79085000
2851         1181.42162000
2852         1182.05255000
2853         1182.68363000
2854         1183.30617000
2855         1183.93755000
2856         1184.56910000
2857         1185.20079000
2858         1185.83264000
2859         1186.46465000
2860         1187.09680000
2861         1187.72040000
2862         1188.35287000
2863         1188.98548000
2864         1189.61825000
2865         1190.25118000
2866         1190.88425000
2867         1191.51748000
2868         1192.15088000
2869         1192.77568000
2870         1193.40937000
2871         1194.04321000
2872         1194.67721000
2873         1195.31137000
2874         1195.94568000
2875         1196.58015000
2876         1197.21476000
2877         1197.84953000
2878         1198.48446000
2879         1199.11078000
2880         1199.74600000
2881         1200.38139000
2882         1201.01693000
2883         1201.65262000
2884         1202.28847000
2885         1202.92447000
2886         1203.56063000
2887         1204.19694000
2888         1204.83341000
2889         1205.47004000
2890         1206.10681000
2891         1206.74373000
2892         1207.37201000
2893         1208.00924000
2894         1208.64663000
2895         1209.28417000
2896         1209.92187000
2897         1210.55973000
2898         1211.19773000
2899         1211.83588000
2900         1212.47421000
2901         1213.11267000
2902         1213.75130000
2903         1214.39007000
2904         1215.02901000
2905         1215.66809000
2906         1216.30733000
2907         1216.94674000
2908         1217.58628000
2909         1218.22599000
2910         1218.86584000
2911         1219.50586000
2912         1220.14603000
2913         1220.78635000
2914         1221.42682000
2915         1222.06745000
2916         1222.70825000
2917         1223.34918000
2918         1223.99028000
2919         1224.63153000
2920         1225.27292000
2921         1225.91448000
2922         1226.55619000
2923         1227.19807000
2924         1227.84009000
2925         1228.48225000
2926         1229.12459000
2927         1229.76708000
2928         1230.40971000
2929         1231.05250000
2930         1231.69545000
2931         1232.33856000
2932         1232.98182000
2933         1233.62522000
2934         1234.26878000
2935         1234.91251000
2936         1235.55639000
2937         1236.20042000
2938         1236.84459000
2939         1237.48894000
2940         1238.13343000
2941         1238.77807000
2942         1239.42288000
2943         1240.06783000
2944         1240.71295000
2945         1241.35822000
2946         1242.00363000
2947         1242.65820000
2948         1243.30393000
2949         1243.94981000
2950         1244.59586000
2951         1245.24206000
2952         1245.88840000
2953         1246.53491000
2954         1247.18157000
2955         1247.82839000
2956         1248.47536000
2957         1249.12248000
2958         1249.76977000
2959         1250.41719000
2960         1251.06479000
2961         1251.72155000
2962         1252.36946000
2963         1253.01751000
2964         1253.66573000
2965         1254.31408000
2966         1254.96260000
2967         1255.61128000
2968         1256.26011000
2969         1256.90909000
2970         1257.55824000
2971         1258.21659000
2972         1258.86605000
2973         1259.51565000
2974         1260.16541000
2975         1260.81533000
2976         1261.46540000
2977         1262.11562000
2978         1262.76599000
2979         1263.41653000
2980         1264.07631000
2981         1264.72716000
2982         1265.37816000
2983         1266.02932000
2984         1266.68063000
2985         1267.33210000
2986         1267.98371000
2987         1268.64460000
2988         1269.29654000
2989         1269.94862000
2990         1270.60087000
2991         1271.25327000
2992         1271.90582000
2993         1272.55853000
2994         1273.22052000
2995         1273.87354000
2996         1274.52672000
2997         1275.18005000
2998         1275.83354000
2999         1276.48717000
3000         1277.15012000
3001         1277.80408000
3002         1278.45819000
3003         1279.11245000
3004         1279.76686000
3005         1280.42143000
3006         1281.08533000
3007         1281.74023000
3008         1282.39527000
3009         1283.05045000
3010         1283.70581000
3011         1284.36131000
3012         1285.02616000
3013         1285.68199000
3014         1286.33795000
3015         1286.99408000
3016         1287.65036000
3017         1288.31602000
3018         1288.97261000
3019         1289.62936000
3020         1290.28625000
3021         1290.94333000
3022         1291.60976000
3023         1292.26714000
3024         1292.92467000
3025         1293.58234000
3026         1294.24943000
3027         1294.90742000
3028         1295.56557000
3029         1296.22387000
3030         1296.88234000
3031         1297.55020000
3032         1298.20898000
3033         1298.86791000
3034         1299.52699000
3035         1300.19550000
3036         1300.85490000
3037         1301.51445000
3038         1302.17416000
3039         1302.84330000
3040         1303.50332000
3041         1304.16350000
3042         1304.82383000
3043         1305.49361000
3044         1306.15425000
3045         1306.81505000
3046         1307.47601000
3047         1308.14642000
3048         1308.80768000
3049         1309.46911000
3050         1310.13069000
3051         1310.80174000
3052         1311.46364000
3053         1312.12568000
3054         1312.78788000
3055         1313.45957000
3056         1314.12209000
3057         1314.78475000
3058         1315.45693000
3059         1316.11990000
3060         1316.78304000
3061         1317.44634000
3062         1318.11914000
3063         1318.78275000
3064         1319.44651000
3065         1320.11980000
3066         1320.78387000
3067         1321.44810000
3068         1322.11248000
3069         1322.78640000
3070         1323.45110000
3071         1324.11595000
3072         1324.79035000
3073         1325.45553000
3074         1326.12085000
3075         1326.79572000
3076         1327.46135000
3077         1328.12715000
3078         1328.80250000
3079         1329.46862000
3080         1330.13487000
3081         1330.80129000
3082         1331.47728000
3083         1332.14401000
3084         1332.81090000
3085         1333.48737000
3086         1334.15456000
3087         1334.82192000
3088         1335.49887000
3089         1336.16653000
3090         1336.83435000
3091         1337.51178000
3092         1338.17993000
3093         1338.84822000
3094         1339.52613000
3095         1340.19473000
3096         1340.87296000
3097         1341.54188000
3098         1342.21096000
3099         1342.88966000
3100         1343.55904000
3101         1344.22859000
3102         1344.90777000
3103         1345.57763000
3104         1346.24764000
3105         1346.92731000
3106         1347.59764000
3107         1348.27762000
3108         1348.94825000
3109         1349.61907000
3110         1350.29951000
3111         1350.97063000
3112         1351.64190000
3113         1352.32283000
3114         1352.99441000
3115         1353.67567000
3116         1354.34758000
3117         1355.01962000
3118         1355.70137000
3119         1356.37373000
3120         1357.04625000
3121         1357.72847000
3122         1358.40130000
3123         1359.08384000
3124         1359.75698000
3125         1360.43030000
3126         1361.11330000
3127         1361.78693000
3128         1362.47027000
3129         1363.14419000
3130         1363.82786000
3131         1364.50211000
3132         1365.17650000
3133         1365.86064000
3134         1366.53536000
3135         1367.21982000
3136         1367.89486000
3137         1368.57003000
3138         1369.25498000
3139         1369.93047000
3140         1370.61573000
3141         1371.29154000
3142         1371.97712000
3143         1372.65325000
3144         1373.32955000
3145         1374.01559000
3146         1374.69220000
3147         1375.37858000
3148         1376.05549000
3149         1376.74218000
3150         1377.41942000
3151         1378.10644000
3152         1378.78398000
3153         1379.46169000
3154         1380.14918000
3155         1380.82719000
3156         1381.51502000
3157         1382.19334000
3158         1382.88149000
3159         1383.56012000
3160         1384.24858000
3161         1384.92754000
3162         1385.61632000
3163         1386.29559000
3164         1386.98470000
3165         1387.66428000
3166         1388.35371000
3167         1389.03361000
3168         1389.71367000
3169         1390.40357000
3170         1391.08394000
3171         1391.77416000
3172         1392.45485000
3173         1393.14540000
3174         1393.82640000
3175         1394.51727000
3176         1395.19858000
3177         1395.88977000
3178         1396.57139000
3179         1397.26292000
3180         1397.94485000
3181         1398.63669000
3182         1399.31895000
3183         1400.01109000
3184         1400.69368000
3185         1401.38614000
3186         1402.06903000
3187         1402.76182000
3188         1403.44503000
3189         1404.13814000
3190         1404.82166000
3191         1405.51510000
3192         1406.19893000
3193         1406.89269000
3194         1407.58661000
3195         1408.27092000
3196         1408.96516000
3197         1409.64978000
3198         1410.34434000
3199         1411.02928000
3200         1411.72416000
3201         1412.40941000
3202         1413.10462000
3203         1413.79018000
3204         1414.48571000
3205         1415.17160000
3206         1415.86744000
3207         1416.55364000
3208         1417.24981000
3209         1417.94614000
3210         1418.63281000
3211         1419.32946000
3212         1420.01645000
3213         1420.71343000
3214         1421.40073000
3215         1422.09803000
3216         1422.78563000
3217         1423.48325000
3218         1424.18103000
3219         1424.86912000
3220         1425.56722000
3221         1426.25563000
3222         1426.95405000
3223         1427.64277000
3224         1428.34152000
3225         1429.04043000
3226         1429.72962000
3227         1430.42885000
3228         1431.11836000
3229         1431.81791000
3230         1432.50773000
3231         1433.20760000
3232         1433.90764000
3233         1434.59794000
3234         1435.29830000
3235         1435.98890000
3236         1436.68958000
3237         1437.39042000
3238         1438.08152000
3239         1438.78268000
3240         1439.47408000
3241         1440.17556000
3242         1440.87720000
3243         1441.56909000
3244         1442.27105000
3245         1442.96325000
3246         1443.66553000
3247         1444.36800000
3248         1445.06066000
3249         1445.76344000
3250         1446.45643000
3251         1447.15951000
3252         1447.86278000
3253         1448.55624000
3254         1449.25981000
3255         1449.96355000
3256         1450.65749000
3257         1451.36156000
3258         1452.05581000
3259         1452.76019000
3260         1453.46475000
3261         1454.15947000
3262         1454.86433000
3263         1455.56938000
3264         1456.26456000
3265         1456.96993000
3266         1457.66544000
3267         1458.37112000
3268         1459.07696000
3269         1459.77294000
3270         1460.47911000
3271         1461.18543000
3272         1461.88190000
3273         1462.58855000
3274         1463.29536000
3275         1463.99230000
3276         1464.69944000
3277         1465.40673000
3278         1466.10415000
3279         1466.81176000
3280         1467.51954000
3281         1468.21743000
3282         1468.92553000
3283         1469.63379000
3284         1470.33217000
3285         1471.04075000
3286         1471.74950000
3287         1472.44833000
3288         1473.15742000
3289         1473.86664000
3290         1474.56597000
3291         1475.27552000
3292         1475.98525000
3293         1476.68503000
3294         1477.39507000
3295         1478.10527000
3296         1478.80555000
3297         1479.51608000
3298         1480.22676000
3299         1480.92750000
3300         1481.63851000
3301         1482.34968000
3302         1483.06103000
3303         1483.76240000
3304         1484.47407000
3305         1485.18589000
3306         1485.88774000
3307         1486.59988000
3308         1487.31219000
3309         1488.02467000
3310         1488.72715000
3311         1489.43995000
3312         1490.15290000
3313         1490.85586000
3314         1491.56914000
3315         1492.28260000
3316         1492.98604000
3317         1493.69979000
3318         1494.41371000
3319         1495.12781000
3320         1495.83189000
3321         1496.54630000
3322         1497.26087000
3323         1497.97561000
3324         1498.68033000
3325         1499.39538000
3326         1500.11061000
3327         1500.81580000
3328         1501.53134000
3329         1502.24706000
3330         1502.96293000
3331         1503.66875000
3332         1504.38494000
3333         1505.10130000
3334         1505.81783000
3335         1506.52428000
3336         1507.24113000
3337         1507.95813000
3338         1508.67530000
3339         1509.38240000
3340         1510.09989000
3341         1510.81754000
3342         1511.53537000
3343         1512.24310000
3344         1512.96124000
3345         1513.67955000
3346         1514.39801000
3347         1515.11665000
3348         1515.82517000
3349         1516.54412000
3350         1517.26324000
3351         1517.98252000
3352         1518.69168000
3353         1519.41129000
3354         1520.13105000
3355         1520.85098000
3356         1521.56078000
3357         1522.28103000
3358         1523.00145000
3359         1523.72202000
3360         1524.44276000
3361         1525.15336000
3362         1525.87443000
3363         1526.59566000
3364         1527.31704000
3365         1528.03860000
3366         1528.74999000
3367         1529.47186000
3368         1530.19391000
3369         1530.91611000
3370         1531.63847000
3371         1532.35066000
3372         1533.07335000
3373         1533.79621000
3374         1534.51922000
3375         1535.24241000
3376         1535.95539000
3377         1536.67889000
3378         1537.40256000
3379         1538.12638000
3380         1538.85037000
3381         1539.56416000
3382         1540.28847000
3383         1541.01295000
3384         1541.73759000
3385         1542.46240000
3386         1543.17697000
3387         1543.90210000
3388         1544.62739000
3389         1545.35285000
3390         1546.07846000
3391         1546.80425000
3392         1547.51979000
3393         1548.24589000
3394         1548.97215000
3395         1549.69859000
3396         1550.42518000
3397         1551.15194000
3398         1551.86844000
3399         1552.59552000
3400         1553.32277000
3401         1554.05017000
3402         1554.77774000
3403         1555.50548000
3404         1556.23337000
3405         1556.95098000
3406         1557.67920000
3407         1558.40758000
3408         1559.13613000
3409         1559.86485000
3410         1560.59372000
3411         1561.31229000
3412         1562.04150000
3413         1562.77086000
3414         1563.50038000
3415         1564.23007000
3416         1564.95993000
3417         1565.68994000
3418         1566.42012000
3419         1567.13997000
3420         1567.87048000
3421         1568.60114000
3422         1569.33197000
3423         1570.06297000
3424         1570.79412000
3425         1571.52544000
3426         1572.25691000
3427         1572.97805000
3428         1573.70985000
3429         1574.44183000
3430         1575.17396000
3431         1575.90626000
3432         1576.63871000
3433         1577.37135000
3434         1578.10413000
3435         1578.82654000
3436         1579.55966000
3437         1580.29292000
3438         1581.02637000
3439         1581.75997000
3440         1582.49373000
3441         1583.22767000
3442         1583.96177000
3443         1584.69601000
3444         1585.43043000
3445         1586.15444000
3446         1586.88919000
3447         1587.62410000
3448         1588.35918000
3449         1589.09440000
3450         1589.82980000
3451         1590.56537000
3452         1591.30109000
3453         1592.03698000
3454         1592.77304000
3455         1593.50925000
3456         1594.24563000
3457         1594.97157000
3458         1595.70827000
3459         1596.44514000
3460         1597.18218000
3461         1597.91937000
3462         1598.65673000
3463         1599.39425000
3464         1600.13193000
3465         1600.86979000
3466         1601.60781000
3467         1602.34598000
3468         1603.08432000
3469         1603.82283000
3470         1604.56150000
3471         1605.28966000
3472         1606.02867000
3473         1606.76782000
3474         1607.50714000
3475         1608.24663000
3476         1608.98628000
3477         1609.72608000
3478         1610.46606000
3479         1611.20620000
3480         1611.94651000
3481         1612.68698000
3482         1613.42761000
3483         1614.16840000
3484         1614.90936000
3485         1615.65048000
3486         1616.39176000
3487         1617.13323000
3488         1617.87483000
3489         1618.61662000
3490         1619.35856000
3491         1620.10065000
3492         1620.84293000
3493         1621.57464000
3494         1622.31722000
3495         1623.05998000
3496         1623.80290000
3497         1624.54599000
3498         1625.28924000
3499         1626.03265000
3500         1626.77623000
