   1            7.58371000
   2           14.43865000
   3           21.30813000
   4           28.18119000
   5           35.05578000
   6           41.93118000
   7           48.80713000
   8           55.68346000
   9           62.56012000
  10           69.43703000
  11           76.31421000
  12           83.19157000
  13           90.06916000
  14           96.94694000
  15          103.82488000
  16          110.70304000
  17          117.58134000
  18          124.45984000
  19          131.33852000
  20          138.21734000
  21          145.09634000
  22          151.97550000
  23          158.85485000
  24          165.73435000
  25          172.61401000
  26          179.49382000
  27          186.37382000
  28          193.25396000
  29          200.13424000
  30          207.01474000
  31          213.89535000
  32          220.77614000
  33          227.65709000
  34          234.53819000
  35          241.41949000
  36          248.30092000
  37          255.18250000
  38          262.06424000
  39          268.94615000
  40          275.82820000
  41          282.71046000
  42          289.59282000
  43          296.47535000
  44          303.35807000
  45          310.24094000
  46          317.12399000
  47          324.00716000
  48          330.89044000
  49          337.77398000
  50          344.65762000
  51          351.54140000
  52          358.42542000
  53          365.30956000
  54          372.19381000
  55          379.07828000
  56          385.96292000
  57          392.85152000
  58          399.73655000
  59          406.62164000
  60          413.50700000
  61          420.39245000
  62          427.28234000
  63          434.16821000
  64          441.05421000
  65          447.94483000
  66          454.83127000
  67          461.72244000
  68          468.61385000
  69          475.50090000
  70          482.39291000
  71          489.28517000
  72          496.17779000
  73          503.07561000
  74          509.96888000
  75          516.86238000
  76          523.76143000
  77          530.66098000
  78          537.56089000
  79          544.46123000
  80          551.36757000
  81          558.26887000
  82          565.17628000
  83          572.08997000
  84          578.99855000
  85          585.91360000
  86          592.82933000
  87          599.74576000
  88          606.66899000
  89          613.59303000
  90          620.52414000
  91          627.45000000
  92          634.38935000
  93          641.32341000
  94          648.26497000
  95          655.21414000
  96          662.16462000
  97          669.11636000
  98          676.07605000
  99          683.04404000
 100          690.01351000
 101          696.98450000
 102          703.96410000
 103          710.95249000
 104          717.94270000
 105          724.94190000
 106          731.94309000
 107          738.96100000
 108          745.97359000
 109          753.00333000
 110          760.03549000
 111          767.07760000
 112          774.12228000
 113          781.18504000
 114          788.25046000
 115          795.31880000
 116          802.40581000
 117          809.49586000
 118          816.59713000
 119          823.70984000
 120          830.83404000
 121          837.97016000
 122          845.10982000
 123          852.26157000
 124          859.42570000
 125          866.61079000
 126          873.80007000
 127          880.99353000
 128          888.20876000
 129          895.43748000
 130          902.67056000
 131          909.92641000
 132          917.19615000
 133          924.47082000
 134          931.76905000
 135          939.07250000
 136          946.39991000
 137          953.73311000
 138          961.08102000
 139          968.45384000
 140          975.83288000
 141          983.23704000
 142          990.65715000
 143          998.08393000
 144         1005.53675000
 145         1013.00607000
 146         1020.48248000
 147         1027.98569000
 148         1035.50635000
 149         1043.04433000
 150         1050.59997000
 151         1058.18400000
 152         1065.77575000
 153         1073.38573000
 154         1081.02497000
 155         1088.68296000
 156         1096.34918000
 157         1104.04550000
 158         1111.76118000
 159         1119.49667000
 160         1127.26288000
 161         1135.03831000
 162         1142.83412000
 163         1150.66158000
 164         1158.50981000
 165         1166.37938000
 166         1174.26996000
 167         1182.18198000
 168         1190.12756000
 169         1198.08320000
 170         1206.07291000
 171         1214.08494000
 172         1222.11956000
 173         1230.17711000
 174         1238.25777000
 175         1246.37355000
 176         1254.51322000
 177         1262.67663000
 178         1270.86391000
 179         1279.07568000
 180         1287.31177000
 181         1295.58504000
 182         1303.87069000
 183         1312.19401000
 184         1320.54295000
 185         1328.91728000
 186         1337.33018000
 187         1345.75669000
 188         1354.22227000
 189         1362.71435000
 190         1371.23341000
 191         1379.77927000
 192         1388.36576000
 193         1396.96635000
 194         1405.60807000
 195         1414.27776000
 196         1422.97557000
 197         1431.70162000
 198         1440.47028000
 199         1449.25385000
 200         1458.08036000
 201         1466.93637000
 202         1475.82169000
 203         1484.73700000
 204         1493.69611000
 205         1502.67149000
 206         1511.69178000
 207         1520.74247000
 208         1529.82416000
 209         1538.93724000
 210         1548.09591000
 211         1557.27168000
 212         1566.49431000
 213         1575.74868000
 214         1585.03541000
 215         1594.35485000
 216         1603.70684000
 217         1613.10692000
 218         1622.52524000
 219         1631.99194000
 220         1641.49254000
 221         1651.02691000
 222         1660.59542000
 223         1670.19843000
 224         1679.85150000
 225         1689.52359000
 226         1699.24670000
 227         1709.00476000
 228         1718.79859000
 229         1728.62789000
 230         1738.49331000
 231         1748.41097000
 232         1758.34883000
 233         1768.33935000
 234         1778.36701000
 235         1788.41537000
 236         1798.51703000
 237         1808.65683000
 238         1818.85029000
 239         1829.06569000
 240         1839.33543000
 241         1849.62713000
 242         1859.97433000
 243         1870.36034000
 244         1880.76852000
 245         1891.23321000
 246         1901.75397000
 247         1912.29771000
 248         1922.88158000
 249         1933.50551000
 250         1944.18704000
 251         1954.90923000
 252         1965.65498000
 253         1976.45947000
 254         1987.30500000
 255         1998.19228000
 256         2009.12124000
 257         2020.09211000
 258         2031.10525000
 259         2042.17869000
 260         2053.27682000
 261         2064.43607000
 262         2075.62019000
 263         2086.86542000
 264         2098.15463000
 265         2109.48729000
 266         2120.84570000
 267         2132.26696000
 268         2143.73227000
 269         2155.24212000
 270         2166.81560000
 271         2178.41552000
 272         2190.06071000
 273         2201.77025000
 274         2213.50660000
 275         2225.30778000
 276         2237.13594000
 277         2249.02967000
 278         2260.95089000
 279         2272.93795000
 280         2284.97233000
 281         2297.05390000
 282         2309.18272000
 283         2321.35944000
 284         2333.58363000
 285         2345.85622000
 286         2358.17736000
 287         2370.54662000
 288         2382.96471000
 289         2395.43178000
 290         2407.96773000
 291         2420.53332000
 292         2433.14869000
 293         2445.83368000
 294         2458.54868000
 295         2471.33411000
 296         2484.14953000
 297         2497.03626000
 298         2509.95328000
 299         2522.94190000
 300         2535.98201000
 301         2549.05280000
 302         2562.19583000
 303         2575.39128000
 304         2588.63883000
 305         2601.91784000
 306         2615.27017000
 307         2628.67530000
 308         2642.13383000
 309         2655.64514000
 310         2669.21018000
 311         2682.82895000
 312         2696.50131000
 313         2710.22775000
 314         2724.00878000
 315         2737.84396000
 316         2751.73429000
 317         2765.67916000
 318         2779.67910000
 319         2793.73467000
 320         2807.86751000
 321         2822.03407000
 322         2836.25713000
 323         2850.53591000
 324         2864.87098000
 325         2879.26294000
 326         2893.73407000
 327         2908.23982000
 328         2922.80259000
 329         2937.42302000
 330         2952.12394000
 331         2966.85946000
 332         2981.65334000
 333         2996.52864000
 334         3011.43905000
 335         3026.40839000
 336         3041.43693000
 337         3056.54737000
 338         3071.69409000
 339         3086.90012000
 340         3102.18946000
 341         3117.51575000
 342         3132.90161000
 343         3148.37145000
 344         3163.87876000
 345         3179.44635000
 346         3195.09866000
 347         3210.78900000
 348         3226.56442000
 349         3242.37768000
 350         3258.25216000
 351         3274.21314000
 352         3290.21260000
 353         3306.27414000
 354         3322.42282000
 355         3338.61021000
 356         3354.86013000
 357         3371.19809000
 358         3387.57551000
 359         3404.01617000
 360         3420.54601000
 361         3437.11457000
 362         3453.74755000
 363         3470.47047000
 364         3487.23295000
 365         3504.06043000
 366         3520.97840000
 367         3537.93631000
 368         3554.95986000
 369         3572.07498000
 370         3589.23024000
 371         3606.45194000
 372         3623.76551000
 373         3641.12011000
 374         3658.54215000
 375         3676.05670000
 376         3693.61255000
 377         3711.23630000
 378         3728.95325000
 379         3746.71206000
 380         3764.53957000
 381         3782.43468000
 382         3800.42534000
 383         3818.45775000
 384         3836.55934000
 385         3854.73038000
 386         3872.99701000
 387         3891.30684000
 388         3909.68673000
 389         3928.13616000
 390         3946.68235000
 391         3965.27298000
 392         3983.93350000
 393         4002.66528000
 394         4021.49471000
 395         4040.36868000
 396         4059.31430000
 397         4078.33107000
 398         4097.44711000
 399         4116.60879000
 400         4135.84171000
 401         4155.14750000
 402         4174.55394000
 403         4194.00502000
 404         4213.52946000
 405         4233.12759000
 406         4252.82696000
 407         4272.57237000
 408         4292.39131000
 409         4312.28448000
 410         4332.25257000
 411         4352.32349000
 412         4372.44050000
 413         4392.63302000
 414         4412.90018000
 415         4433.27175000
 416         4453.69046000
 417         4474.18479000
 418         4494.78453000
 419         4515.43113000
 420         4536.15415000
 421         4556.95437000
 422         4577.86007000
 423         4598.81378000
 424         4619.84616000
 425         4640.98415000
 426         4662.17064000
 427         4683.43535000
 428         4704.80779000
 429         4726.22904000
 430         4747.72893000
 431         4769.33687000
 432         4790.99500000
 433         4812.73133000
 434         4834.57754000
 435         4856.47371000
 436         4878.47987000
 437         4900.53585000
 438         4922.70240000
 439         4944.91904000
 440         4967.24698000
 441         4989.62544000
 442         5012.11491000
 443         5034.65613000
 444         5057.30894000
 445         5080.01293000
 446         5102.83003000
 447         5125.72911000
 448         5148.68013000
 449         5171.74452000
 450         5194.86028000
 451         5218.09116000
 452         5241.40472000
 453         5264.80147000
 454         5288.25145000
 455         5311.81600000
 456         5335.46477000
 457         5359.19827000
 458         5383.01609000
 459         5406.91872000
 460         5430.90719000
 461         5454.98009000
 462         5479.13908000
 463         5503.38274000
 464         5527.71262000
 465         5552.12925000
 466         5576.63118000
 467         5601.21948000
 468         5625.89574000
 469         5650.69041000
 470         5675.53978000
 471         5700.47676000
 472         5725.53359000
 473         5750.64686000
 474         5775.84710000
 475         5801.16828000
 476         5826.54535000
 477         5852.04367000
 478         5877.59793000
 479         5903.27475000
 480         5929.04020000
 481         5954.86217000
 482         5980.80772000
 483         6006.84270000
 484         6032.96842000
 485         6059.18452000
 486         6085.49042000
 487         6111.88852000
 488         6138.37606000
 489         6164.95546000
 490         6191.62735000
 491         6218.38954000
 492         6245.27792000
 493         6272.22513000
 494         6299.26416000
 495         6326.43002000
 496         6353.65457000
 497         6381.00638000
 498         6408.45188000
 499         6435.95555000
 500         6463.58701000
 501         6491.31378000
 502         6519.13358000
 503         6547.04838000
 504         6575.05754000
 505         6603.16141000
 506         6631.36077000
 507         6659.65463000
 508         6688.07882000
 509         6716.56451000
 510         6745.14576000
 511         6773.85794000
 512         6802.63113000
 513         6831.53647000
 514         6860.53793000
 515         6889.63764000
 516         6918.83388000
 517         6948.12820000
 518         6977.51886000
 519         7007.00802000
 520         7036.59572000
 521         7066.28092000
 522         7096.10121000
 523         7125.98446000
 524         7156.00268000
 525         7186.08344000
 526         7216.30007000
 527         7246.61604000
 528         7277.03298000
 529         7307.54908000
 530         7338.16513000
 531         7368.88345000
 532         7399.73747000
 533         7430.65599000
 534         7461.71430000
 535         7492.83594000
 536         7524.09566000
 537         7555.45812000
 538         7586.92226000
 539         7618.48982000
 540         7650.15807000
 541         7681.93031000
 542         7713.80572000
 543         7745.82079000
 544         7777.90212000
 545         7810.12578000
 546         7842.45311000
 547         7874.88412000
 548         7907.42052000
 549         7940.06035000
 550         7972.80542000
 551         8005.65550000
 552         8038.64792000
 553         8071.70987000
 554         8104.91405000
 555         8138.22405000
 556         8171.64165000
 557         8205.16484000
 558         8238.79453000
 559         8272.57123000
 560         8306.41560000
 561         8340.40606000
 562         8374.46482000
 563         8408.66958000
 564         8442.98436000
 565         8477.40516000
 566         8511.97496000
 567         8546.61451000
 568         8581.40109000
 569         8616.25805000
 570         8651.26506000
 571         8686.38068000
 572         8721.60691000
 573         8756.98226000
 574         8792.42744000
 575         8828.02484000
 576         8863.69175000
 577         8899.50883000
 578         8935.43930000
 579         8971.47996000
 580         9007.67195000
 581         9043.93708000
 582         9080.35457000
 583         9116.88532000
 584         9153.52709000
 585         9190.28195000
 586         9227.15095000
 587         9264.13181000
 588         9301.26737000
 589         9338.51811000
 590         9375.88175000
 591         9413.35933000
 592         9450.95303000
 593         9488.70047000
 594         9526.52405000
 595         9564.50363000
 596         9602.59697000
 597         9640.80798000
 598         9679.13376000
 599         9717.61685000
 600         9756.21759000
 601         9794.93421000
 602         9833.76780000
 603         9872.71946000
 604         9911.78681000
 605         9951.01581000
 606         9990.36049000
 607        10029.82440000
 608        10069.40746000
 609        10109.10782000
 610        10148.96887000
 611        10188.95090000
 612        10229.05019000
 613        10269.26913000
 614        10309.60952000
 615        10350.11083000
 616        10390.73428000
 617        10431.47605000
 618        10472.33926000
 619        10513.32445000
 620        10554.47333000
 621        10595.74297000
 622        10637.13524000
 623        10678.64821000
 624        10720.32699000
 625        10762.08575000
 626        10804.00974000
 627        10846.05760000
 628        10888.27085000
 629        10930.56380000
 630        10973.02547000
 631        11015.60969000
 632        11058.31842000
 633        11101.19678000
 634        11144.19765000
 635        11187.27974000
 636        11230.57628000
 637        11273.95259000
 638        11317.50022000
 639        11361.17235000
 640        11404.97029000
 641        11448.89607000
 642        11492.99140000
 643        11537.21399000
 644        11581.56518000
 645        11626.04216000
 646        11670.69102000
 647        11715.42441000
 648        11760.37397000
 649        11805.40874000
 650        11850.56992000
 651        11895.90551000
 652        11941.37192000
 653        11987.01074000
 654        12032.73369000
 655        12078.63351000
 656        12124.66204000
 657        12170.86698000
 658        12217.20358000
 659        12263.62321000
 660        12310.26735000
 661        12356.99521000
 662        12403.89975000
 663        12450.93831000
 664        12498.10791000
 665        12545.45521000
 666        12592.93657000
 667        12640.54895000
 668        12688.29463000
 669        12736.22231000
 670        12784.28099000
 671        12832.47538000
 672        12880.84895000
 673        12929.35589000
 674        12978.00031000
 675        13026.77645000
 676        13075.73530000
 677        13124.83079000
 678        13174.06063000
 679        13223.47343000
 680        13273.02379000
 681        13322.70942000
 682        13372.57981000
 683        13422.58551000
 684        13472.72808000
 685        13523.00907000
 686        13573.47463000
 687        13624.07800000
 688        13674.86845000
 689        13725.74738000
 690        13776.81371000
 691        13828.06735000
 692        13879.41116000
 693        13930.94427000
 694        13982.66355000
 695        14034.47446000
 696        14086.47589000
 697        14138.61539000
 698        14190.94394000
 699        14243.41496000
 700        14296.02501000
 701        14348.82635000
 702        14401.77020000
 703        14454.85511000
 704        14508.13227000
 705        14561.55055000
 706        14615.11165000
 707        14668.86627000
 708        14722.76306000
 709        14776.80269000
 710        14831.03714000
 711        14885.41378000
 712        14939.93433000
 713        14994.65101000
 714        15049.51096000
 715        15104.56728000
 716        15159.71836000
 717        15215.11379000
 718        15270.60752000
 719        15326.29539000
 720        15382.12945000
 721        15438.16149000
 722        15494.33908000
 723        15550.71413000
 724        15607.18829000
 725        15663.85927000
 726        15720.72871000
 727        15777.74603000
 728        15834.91194000
 729        15892.27886000
 730        15949.79371000
 731        16007.45718000
 732        16065.32191000
 733        16123.33577000
 734        16181.55036000
 735        16239.91682000
 736        16298.43364000
 737        16357.15338000
 738        16416.02236000
 739        16475.09494000
 740        16534.31951000
 741        16593.69578000
 742        16653.27344000
 743        16713.00931000
 744        16772.94355000
 745        16833.03412000
 746        16893.27799000
 747        16953.72797000
 748        17014.33133000
 749        17075.13974000
 750        17136.10340000
 751        17197.22304000
 752        17258.54798000
 753        17320.02691000
 754        17381.71809000
 755        17443.55994000
 756        17505.61354000
 757        17567.82334000
 758        17630.24171000
 759        17692.76505000
 760        17755.55110000
 761        17818.49409000
 762        17881.59474000
 763        17944.85422000
 764        18008.32216000
 765        18072.00638000
 766        18135.84410000
 767        18199.84437000
 768        18264.05706000
 769        18328.48218000
 770        18393.01465000
 771        18457.81313000
 772        18522.71810000
 773        18587.84022000
 774        18653.17528000
 775        18718.67043000
 776        18784.38462000
 777        18850.25675000
 778        18916.29342000
 779        18982.54500000
 780        19048.96044000
 781        19115.59398000
 782        19182.44426000
 783        19249.45488000
 784        19316.63564000
 785        19384.02885000
 786        19451.59001000
 787        19519.37149000
 788        19587.31413000
 789        19655.47959000
 790        19723.81095000
 791        19792.30660000
 792        19861.07957000
 793        19929.96201000
 794        19999.12135000
 795        20068.39486000
 796        20137.88800000
 797        20207.60495000
 798        20277.49295000
 799        20347.59934000
 800        20417.87607000
 801        20488.37788000
 802        20559.04935000
 803        20629.94448000
 804        20701.00936000
 805        20772.29731000
 806        20843.76005000
 807        20915.44526000
 808        20987.30289000
 809        21059.38820000
 810        21131.64354000
 811        21204.12768000
 812        21276.83991000
 813        21349.72409000
 814        21422.78006000
 815        21496.06626000
 816        21569.57841000
 817        21643.26958000
 818        21717.12933000
 819        21791.22236000
 820        21865.54611000
 821        21940.04397000
 822        22014.77375000
 823        22089.73649000
 824        22164.81633000
 825        22240.18646000
 826        22315.73282000
 827        22391.45251000
 828        22467.46867000
 829        22543.60001000
 830        22620.02555000
 831        22696.56969000
 832        22773.40761000
 833        22850.42107000
 834        22927.61849000
 835        23005.04855000
 836        23082.71690000
 837        23160.56204000
 838        23238.64488000
 839        23316.91013000
 840        23395.41055000
 841        23474.15105000
 842        23553.07222000
 843        23632.23291000
 844        23711.57152000
 845        23791.15555000
 846        23870.97549000
 847        23950.98448000
 848        24031.17072000
 849        24111.65492000
 850        24192.32845000
 851        24273.17937000
 852        24354.27588000
 853        24435.61487000
 854        24517.13765000
 855        24598.90228000
 856        24680.91822000
 857        24763.11183000
 858        24845.55489000
 859        24928.18206000
 860        25011.05385000
 861        25094.17559000
 862        25177.47730000
 863        25261.03055000
 864        25344.76983000
 865        25428.75573000
 866        25512.98704000
 867        25597.41342000
 868        25682.08240000
 869        25767.00696000
 870        25852.11177000
 871        25937.47160000
 872        26023.08300000
 873        26108.88158000
 874        26194.93112000
 875        26281.23264000
 876        26367.72383000
 877        26454.46640000
 878        26541.40504000
 879        26628.58980000
 880        26716.03422000
 881        26803.72745000
 882        26891.61632000
 883        26979.69689000
 884        27068.09268000
 885        27156.68435000
 886        27245.52948000
 887        27334.56977000
 888        27423.86288000
 889        27513.41957000
 890        27603.22617000
 891        27693.23488000
 892        27783.49368000
 893        27873.95141000
 894        27964.73313000
 895        28055.64607000
 896        28146.88258000
 897        28238.31421000
 898        28330.00672000
 899        28421.95859000
 900        28514.11088000
 901        28606.52194000
 902        28699.19877000
 903        28792.13215000
 904        28885.26807000
 905        28978.66500000
 906        29072.26376000
 907        29166.18595000
 908        29260.31455000
 909        29354.70309000
 910        29449.29199000
 911        29544.15074000
 912        29639.26982000
 913        29734.65915000
 914        29830.24563000
 915        29926.10180000
 916        30022.22597000
 917        30118.61669000
 918        30215.20839000
 919        30312.07407000
 920        30409.20395000
 921        30506.53778000
 922        30604.21017000
 923        30702.08313000
 924        30800.16678000
 925        30898.57947000
 926        30997.19944000
 927        31096.09476000
 928        31195.25827000
 929        31294.62637000
 930        31394.27613000
 931        31494.18862000
 932        31594.37947000
 933        31694.84678000
 934        31795.51531000
 935        31896.46649000
 936        31997.68698000
 937        32099.18376000
 938        32200.89264000
 939        32302.87423000
 940        32405.13254000
 941        32507.67163000
 942        32610.41544000
 943        32713.50810000
 944        32816.81036000
 945        32920.39247000
 946        33024.19049000
 947        33128.32820000
 948        33232.68126000
 949        33337.31328000
 950        33442.22918000
 951        33547.41724000
 952        33652.83140000
 953        33758.52032000
 954        33864.56174000
 955        33970.74558000
 956        34077.28478000
 957        34184.10751000
 958        34291.14250000
 959        34398.46374000
 960        34506.06893000
 961        34613.95999000
 962        34722.06436000
 963        34830.53008000
 964        34939.20518000
 965        35048.17513000
 966        35157.42503000
 967        35266.96604000
 968        35376.79233000
 969        35486.84198000
 970        35597.17634000
 971        35707.80329000
 972        35818.71451000
 973        35929.91443000
 974        36041.41455000
 975        36153.12466000
 976        36265.20313000
 977        36377.49883000
 978        36490.08759000
 979        36602.97040000
 980        36716.14592000
 981        36829.60791000
 982        36943.30346000
 983        37057.28855000
 984        37171.63253000
 985        37286.21054000
 986        37401.07493000
 987        37516.24217000
 988        37631.69982000
 989        37747.38374000
 990        37863.43612000
 991        37979.71803000
 992        38096.36066000
 993        38213.23836000
 994        38330.41117000
 995        38447.88003000
 996        38565.65352000
 997        38683.71883000
 998        38802.02364000
 999        38920.68994000
1000        39039.58751000
1001        39158.86024000
1002        39278.36377000
1003        39398.16462000
1004        39518.27559000
1005        39638.75342000
1006        39759.46725000
1007        39880.41781000
1008        40001.73180000
1009        40123.36102000
1010        40245.28807000
1011        40367.45162000
1012        40489.99320000
1013        40612.76672000
1014        40735.91807000
1015        40859.31131000
1016        40983.00322000
1017        41107.00717000
1018        41231.39072000
1019        41356.01110000
1020        41480.94488000
1021        41606.17814000
1022        41731.72873000
1023        41857.58479000
1024        41983.68240000
1025        42110.16058000
1026        42236.95770000
1027        42364.05524000
1028        42491.39990000
1029        42619.13123000
1030        42747.17222000
1031        42875.46148000
1032        43004.12802000
1033        43133.10985000
1034        43262.34037000
1035        43391.95334000
1036        43521.80560000
1037        43652.05565000
1038        43782.54457000
1039        43913.42212000
1040        44044.54919000
1041        44175.99232000
1042        44307.82552000
1043        44439.90271000
1044        44572.37446000
1045        44705.09642000
1046        44838.20350000
1047        44971.56036000
1048        45105.31825000
1049        45239.31137000
1050        45373.71018000
1051        45508.35519000
1052        45643.39151000
1053        45778.68384000
1054        45914.36799000
1055        46050.30781000
1056        46186.64120000
1057        46323.29860000
1058        46460.20718000
1059        46597.52483000
1060        46735.15226000
1061        46873.04112000
1062        47011.33495000
1063        47149.94897000
1064        47288.89456000
1065        47428.16570000
1066        47567.76316000
1067        47707.70297000
1068        47847.95873000
1069        47988.54647000
1070        48129.54662000
1071        48270.79388000
1072        48412.37371000
1073        48554.36159000
1074        48696.60727000
1075        48839.26154000
1076        48982.17387000
1077        49125.48947000
1078        49269.15014000
1079        49413.13375000
1080        49557.45162000
1081        49702.11524000
1082        49847.10763000
1083        49992.43488000
1084        50138.10314000
1085        50284.10611000
1086        50430.52064000
1087        50577.20019000
1088        50724.28579000
1089        50871.72458000
1090        51019.48809000
1091        51167.59919000
1092        51316.05306000
1093        51464.83767000
1094        51613.97668000
1095        51763.51735000
1096        51913.33622000
1097        52063.56953000
1098        52214.14595000
1099        52364.97811000
1100        52516.24843000
1101        52667.92758000
1102        52819.88028000
1103        52972.17800000
1104        53124.89102000
1105        53277.88436000
1106        53431.29351000
1107        53585.04811000
1108        53739.15471000
1109        53893.68393000
1110        54048.47599000
1111        54203.63267000
1112        54359.20070000
1113        54515.12751000
1114        54671.40162000
1115        54828.02847000
1116        54985.00298000
1117        55142.40843000
1118        55300.16161000
1119        55458.19754000
1120        55616.65904000
1121        55775.54689000
1122        55934.71804000
1123        56094.31565000
1124        56254.19019000
1125        56414.49872000
1126        56575.16249000
1127        56736.18881000
1128        56897.64298000
1129        57059.45346000
1130        57221.54208000
1131        57384.07217000
1132        57547.03153000
1133        57710.28256000
1134        57873.95645000
1135        58037.99445000
1136        58202.39715000
1137        58367.15749000
1138        58532.28293000
1139        58697.84576000
1140        58863.76722000
1141        59030.06126000
1142        59196.78684000
1143        59363.79208000
1144        59531.25704000
1145        59699.07461000
1146        59867.25887000
1147        60035.89020000
1148        60204.80162000
1149        60374.16756000
1150        60543.97407000
1151        60714.06137000
1152        60884.61116000
1153        61055.51505000
1154        61226.78745000
1155        61398.44295000
1156        61570.53354000
1157        61743.00049000
1158        61915.83710000
1159        62089.12391000
1160        62262.78087000
1161        62436.81503000
1162        62611.20500000
1163        62786.06853000
1164        62961.21434000
1165        63136.89340000
1166        63312.87743000
1167        63489.29927000
1168        63666.10763000
1169        63843.28801000
1170        64020.84782000
1171        64198.86160000
1172        64377.25536000
1173        64556.09604000
1174        64735.25079000
1175        64914.85282000
1176        65094.91784000
1177        65275.28229000
1178        65456.11019000
1179        65637.39432000
1180        65818.98614000
1181        66001.03463000
1182        66183.46566000
1183        66366.36180000
1184        66549.55058000
1185        66733.29554000
1186        66917.33342000
1187        67101.84557000
1188        67286.74169000
1189        67472.10481000
1190        67657.77749000
1191        67843.90157000
1192        68030.50163000
1193        68217.49492000
1194        68404.86952000
1195        68592.62552000
1196        68780.87105000
1197        68969.56965000
1198        69158.58344000
1199        69348.07129000
1200        69537.94590000
1201        69728.29940000
1202        69919.04019000
1203        70110.17255000
1204        70301.78476000
1205        70493.78492000
1206        70686.25719000
1207        70879.13475000
1208        71072.39237000
1209        71266.13584000
1210        71460.28112000
1211        71654.81139000
1212        71849.82835000
1213        72045.23948000
1214        72241.12943000
1215        72437.42688000
1216        72634.11039000
1217        72831.27802000
1218        73028.85393000
1219        73226.90149000
1220        73425.35363000
1221        73624.21036000
1222        73823.55305000
1223        74023.29635000
1224        74223.52176000
1225        74424.14850000
1226        74625.27114000
1227        74826.71036000
1228        75028.71358000
1229        75231.13731000
1230        75433.95002000
1231        75637.26058000
1232        75840.98321000
1233        76045.10473000
1234        76249.72010000
1235        76454.83037000
1236        76660.25375000
1237        76866.27237000
1238        77072.68638000
1239        77279.51465000
1240        77486.84830000
1241        77694.57794000
1242        77902.72258000
1243        78111.36874000
1244        78320.50793000
1245        78530.06260000
1246        78740.02892000
1247        78950.48870000
1248        79161.46651000
1249        79372.84201000
1250        79584.63469000
1251        79796.93650000
1252        80009.65154000
1253        80222.86690000
1254        80436.59250000
1255        80650.72711000
1256        80865.29012000
1257        81080.35016000
1258        81295.82439000
1259        81511.82072000
1260        81728.22206000
1261        81945.13651000
1262        82162.56391000
1263        82380.40741000
1264        82598.68156000
1265        82817.45518000
1266        83036.65540000
1267        83256.37018000
1268        83476.59066000
1269        83697.23331000
1270        83918.40220000
1271        84139.98380000
1272        84361.99359000
1273        84584.52529000
1274        84807.56456000
1275        85031.03760000
1276        85255.02424000
1277        85479.52961000
1278        85704.46416000
1279        85929.82414000
1280        86155.69821000
1281        86382.10808000
1282        86608.93312000
1283        86836.28439000
1284        87064.07190000
1285        87292.38160000
1286        87521.12247000
1287        87750.38620000
1288        87980.16665000
1289        88210.39607000
1290        88441.13804000
1291        88672.31332000
1292        88904.02855000
1293        89136.25726000
1294        89368.92586000
1295        89602.03943000
1296        89835.76353000
1297        90069.93329000
1298        90304.53914000
1299        90539.66505000
1300        90775.33986000
1301        91011.44571000
1302        91248.07850000
1303        91485.26139000
1304        91722.87014000
1305        91961.01280000
1306        92199.60959000
1307        92438.73000000
1308        92678.39642000
1309        92918.50189000
1310        93159.13691000
1311        93400.32515000
1312        93641.94714000
1313        93884.11195000
1314        94126.73330000
1315        94369.88078000
1316        94613.57216000
1317        94857.80665000
1318        95102.48884000
1319        95347.62274000
1320        95593.39529000
1321        95839.60248000
1322        96086.37982000
1323        96333.58716000
1324        96581.34120000
1325        96829.66028000
1326        97078.40999000
1327        97327.72548000
1328        97577.57761000
1329        97827.97834000
1330        98078.84036000
1331        98330.24648000
1332        98582.10269000
1333        98834.52710000
1334        99087.48346000
1335        99340.99707000
1336        99594.98032000
1337        99849.50971000
1338       100104.60275000
1339       100360.14251000
1340       100616.23460000
1341       100872.89139000
1342       101130.10287000
1343       101387.76729000
1344       101646.01117000
1345       101904.79028000
1346       102164.03677000
1347       102423.95111000
1348       102684.32138000
1349       102945.15826000
1350       103206.64683000
1351       103468.60431000
1352       103731.13065000
1353       103994.12111000
1354       104257.75620000
1355       104521.88793000
1356       104786.55804000
1357       105051.71295000
1358       105317.52659000
1359       105583.80609000
1360       105850.66459000
1361       106117.98226000
1362       106385.96934000
1363       106654.43424000
1364       106923.46156000
1365       107193.04980000
1366       107463.13864000
1367       107733.77625000
1368       108005.08600000
1369       108276.77974000
1370       108549.14098000
1371       108822.08556000
1372       109095.49964000
1373       109369.48474000
1374       109644.06178000
1375       109919.10156000
1376       110194.81701000
1377       110471.02195000
1378       110747.79412000
1379       111025.16028000
1380       111303.09445000
1381       111581.50605000
1382       111860.60931000
1383       112140.19280000
1384       112420.34340000
1385       112701.10600000
1386       112982.32621000
1387       113264.23481000
1388       113546.64415000
1389       113829.62449000
1390       114113.20326000
1391       114397.35372000
1392       114682.09779000
1393       114967.43358000
1394       115253.25276000
1395       115539.65053000
1396       115826.66525000
1397       116114.24557000
1398       116402.42181000
1399       116691.20014000
1400       116980.55316000
1401       117270.42761000
1402       117560.86914000
1403       117852.00651000
1404       118143.64993000
1405       118435.88626000
1406       118728.60676000
1407       119022.04738000
1408       119316.05697000
1409       119610.57674000
1410       119905.80138000
1411       120201.51424000
1412       120497.84273000
1413       120794.75010000
1414       121092.36692000
1415       121390.39451000
1416       121689.11799000
1417       121988.42751000
1418       122288.37255000
1419       122588.79064000
1420       122889.92969000
1421       123191.57149000
1422       123493.92065000
1423       123796.78196000
1424       124100.23444000
1425       124404.30204000
1426       124709.08191000
1427       125014.37224000
1428       125320.25215000
1429       125626.77270000
1430       125933.87755000
1431       126241.52400000
1432       126549.85536000
1433       126858.80511000
1434       127168.37972000
1435       127478.45814000
1436       127789.24729000
1437       128100.66249000
1438       128412.59164000
1439       128725.22361000
1440       129038.40076000
1441       129352.26625000
1442       129666.77851000
1443       129981.78761000
1444       130297.52038000
1445       130613.78146000
1446       130930.66001000
1447       131248.25414000
1448       131566.38713000
1449       131885.23051000
1450       132204.59776000
1451       132524.69809000
1452       132845.30718000
1453       133166.66961000
1454       133488.53171000
1455       133811.13229000
1456       134134.26488000
1457       134458.12101000
1458       134782.59572000
1459       135107.62303000
1460       135433.36540000
1461       135759.72739000
1462       136086.65306000
1463       136414.27511000
1464       136742.56402000
1465       137071.46776000
1466       137401.00295000
1467       137731.18630000
1468       138061.99558000
1469       138393.43745000
1470       138725.52872000
1471       139058.24704000
1472       139391.60932000
1473       139725.72529000
1474       140060.35620000
1475       140395.74172000
1476       140731.66339000
1477       141068.32394000
1478       141405.64781000
1479       141743.46694000
1480       142082.06814000
1481       142421.31295000
1482       142761.19952000
1483       143101.71980000
1484       143442.99696000
1485       143784.81971000
1486       144127.41324000
1487       144470.52520000
1488       144814.37012000
1489       145158.90482000
1490       145504.07369000
1491       145849.89438000
1492       146196.36282000
1493       146543.48827000
1494       146891.28416000
1495       147239.80955000
1496       147588.98876000
1497       147938.73508000
1498       148289.23418000
1499       148640.38831000
1500       148992.32049000
1501       149344.77472000
1502       149697.90752000
1503       150051.80860000
1504       150406.36023000
1505       150761.57589000
1506       151117.44280000
1507       151473.97929000
1508       151831.29792000
1509       152189.15208000
1510       152547.75964000
1511       152907.06820000
1512       153267.03043000
1513       153627.75911000
1514       153989.04963000
1515       154351.11246000
1516       154713.85553000
1517       155077.25418000
1518       155441.30358000
1519       155806.16430000
1520       156171.57548000
1521       156537.75674000
1522       156904.63275000
1523       157272.14268000
1524       157640.46680000
1525       158009.44962000
1526       158379.11027000
1527       158749.44380000
1528       159120.44917000
1529       159492.24050000
1530       159864.62334000
1531       160237.74957000
1532       160611.67553000
1533       160986.20652000
1534       161361.49450000
1535       161737.48332000
1536       162114.12248000
1537       162491.56401000
1538       162869.60019000
1539       163248.40789000
1540       163627.99443000
1541       164008.18940000
1542       164389.15726000
1543       164770.82278000
1544       165153.16784000
1545       165536.29983000
1546       165920.15058000
1547       166304.66828000
1548       166689.87298000
1549       167075.88038000
1550       167462.58170000
1551       167849.97131000
1552       168238.17819000
1553       168627.04115000
1554       169016.61978000
1555       169406.90846000
1556       169797.98941000
1557       170189.75488000
1558       170582.21773000
1559       170975.49452000
1560       171369.48370000
1561       171764.15830000
1562       172159.62155000
1563       172555.81195000
1564       172952.70249000
1565       173350.40363000
1566       173748.66897000
1567       174147.87557000
1568       174547.70217000
1569       174948.31347000
1570       175349.71691000
1571       175751.76909000
1572       176154.60723000
1573       176558.15649000
1574       176962.53459000
1575       177367.58969000
1576       177773.39229000
1577       178179.99702000
1578       178587.31510000
1579       178995.45052000
1580       179404.30721000
1581       179813.86440000
1582       180224.26880000
1583       180635.25656000
1584       181047.16758000
1585       181459.81659000
1586       181873.17531000
1587       182287.27294000
1588       182702.16328000
1589       183117.88295000
1590       183534.24632000
1591       183951.41822000
1592       184369.40635000
1593       184788.15105000
1594       185207.59412000
1595       185627.86956000
1596       186048.90315000
1597       186470.71834000
1598       186893.30758000
1599       187316.59711000
1600       187740.72154000
1601       188165.70378000
1602       188591.27531000
1603       189017.81055000
1604       189444.99590000
1605       189872.96570000
1606       190301.82651000
1607       190731.39072000
1608       191161.69659000
1609       191592.86465000
1610       192024.83446000
1611       192457.45004000
1612       192891.04227000
1613       193325.24277000
1614       193760.38251000
1615       194196.19291000
1616       194632.82310000
1617       195070.33561000
1618       195508.53980000
1619       195947.61997000
1620       196387.45498000
1621       196828.12795000
1622       197269.54925000
1623       197711.71066000
1624       198154.72748000
1625       198598.60774000
1626       199043.24570000
1627       199488.70832000
1628       199934.94571000
1629       200381.92711000
1630       200829.87245000
1631       201278.46355000
1632       201728.01212000
1633       202178.21621000
1634       202629.41053000
1635       203081.23719000
1636       203534.02201000
1637       203987.57117000
1638       204441.87600000
1639       204897.07608000
1640       205352.97474000
1641       205809.89393000
1642       206267.46332000
1643       206725.89812000
1644       207185.18947000
1645       207645.26435000
1646       208106.18914000
1647       208568.03103000
1648       209030.59128000
1649       209493.91212000
1650       209958.13452000
1651       210423.22653000
1652       210889.19637000
1653       211355.82062000
1654       211823.43179000
1655       212291.82396000
1656       212761.10371000
1657       213231.14016000
1658       213702.06518000
1659       214173.74772000
1660       214646.44626000
1661       215119.80237000
1662       215594.13222000
1663       216069.26499000
1664       216545.17297000
1665       217021.95774000
1666       217499.63528000
1667       217978.20886000
1668       218457.55174000
1669       218937.69030000
1670       219418.82523000
1671       219900.71242000
1672       220383.43353000
1673       220867.13436000
1674       221351.60714000
1675       221836.87856000
1676       222323.05095000
1677       222810.14058000
1678       223298.09501000
1679       223786.82349000
1680       224276.50847000
1681       224767.05964000
1682       225258.40517000
1683       225750.67133000
1684       226243.80496000
1685       226737.73433000
1686       227232.62426000
1687       227728.38311000
1688       228224.92789000
1689       228722.38082000
1690       229220.75044000
1691       229719.94614000
1692       230219.99338000
1693       230720.99793000
1694       231222.92941000
1695       231725.61456000
1696       232229.23933000
1697       232733.77292000
1698       233239.10075000
1699       233745.49711000
1700       234252.66895000
1701       234760.60445000
1702       235269.65042000
1703       235779.45306000
1704       236290.20027000
1705       236801.74084000
1706       237314.31854000
1707       237827.73106000
1708       238342.04203000
1709       238857.18085000
1710       239373.33441000
1711       239890.32941000
1712       240408.23281000
1713       240926.97421000
1714       241446.71638000
1715       241967.28953000
1716       242488.82256000
1717       243011.27932000
1718       243534.55591000
1719       244058.85675000
1720       244583.99132000
1721       245110.08889000
1722       245637.09176000
1723       246164.88754000
1724       246693.79007000
1725       247223.49975000
1726       247754.14602000
1727       248285.71603000
1728       248818.13735000
1729       249351.62619000
1730       249885.92449000
1731       250421.16207000
1732       250957.34752000
1733       251494.48699000
1734       252032.44581000
1735       252571.51962000
1736       253111.33989000
1737       253652.17666000
1738       254193.94847000
1739       254736.64179000
1740       255280.18747000
1741       255824.81394000
1742       256370.26356000
1743       256916.68940000
1744       257464.17571000
1745       258012.36419000
1746       258561.67559000
1747       259111.90423000
1748       259663.13485000
1749       260215.13823000
1750       260768.13651000
1751       261322.23863000
1752       261877.16040000
1753       262433.03319000
1754       262989.91186000
1755       263547.73458000
1756       264106.38684000
1757       264666.17010000
1758       265226.72908000
1759       265788.46717000
1760       266350.98177000
1761       266914.62206000
1762       267479.10293000
1763       268044.55550000
1764       268610.98863000
1765       269178.41122000
1766       269746.75972000
1767       270316.14647000
1768       270886.46018000
1769       271457.63321000
1770       272029.97080000
1771       272603.18853000
1772       273177.31541000
1773       273752.58505000
1774       274328.65995000
1775       274905.82189000
1776       275483.90396000
1777       276063.06615000
1778       276643.12535000
1779       277224.24122000
1780       277806.22212000
1781       278389.22652000
1782       278973.33881000
1783       279558.29288000
1784       280144.24744000
1785       280731.18647000
1786       281319.27763000
1787       281908.22927000
1788       282498.12504000
1789       283089.20030000
1790       283681.11218000
1791       284274.02028000
1792       284868.11039000
1793       285462.98731000
1794       286058.88772000
1795       286655.97244000
1796       287253.87065000
1797       287852.92883000
1798       288452.85298000
1799       289053.87822000
1800       289655.83912000
1801       290258.89400000
1802       290862.95159000
1803       291467.92049000
1804       292074.01140000
1805       292681.10677000
1806       293289.21547000
1807       293898.32128000
1808       294508.49480000
1809       295119.61341000
1810       295731.73908000
1811       296345.06157000
1812       296959.25704000
1813       297574.46146000
1814       298190.81107000
1815       298808.16241000
1816       299426.45968000
1817       300045.86010000
1818       300666.27230000
1819       301287.73261000
1820       301910.19746000
1821       302533.67571000
1822       303158.35945000
1823       303783.86627000
1824       304410.57158000
1825       305038.20085000
1826       305666.93829000
1827       306296.72895000
1828       306927.52859000
1829       307559.37425000
1830       308192.40357000
1831       308826.31518000
1832       309461.34663000
1833       310097.49190000
1834       310734.62119000
1835       311372.80034000
1836       312012.00982000
1837       312652.39093000
1838       313293.70330000
1839       313936.15991000
1840       314579.64066000
1841       315224.18345000
1842       315869.77209000
1843       316516.51588000
1844       317164.22350000
1845       317813.04984000
1846       318462.97081000
1847       319113.88191000
1848       319766.01027000
1849       320419.04647000
1850       321073.26338000
1851       321728.51049000
1852       322384.98649000
1853       323042.35540000
1854       323700.88628000
1855       324360.51812000
1856       325021.17454000
1857       325682.93337000
1858       326345.78767000
1859       327009.63702000
1860       327674.69103000
1861       328340.87247000
1862       329007.98993000
1863       329676.37542000
1864       330345.75917000
1865       331016.25090000
1866       331687.90368000
1867       332360.59541000
1868       333034.39718000
1869       333709.26169000
1870       334385.29809000
1871       335062.31529000
1872       335740.49709000
1873       336419.88407000
1874       337100.38544000
1875       337781.89004000
1876       338464.54199000
1877       339148.19804000
1878       339833.09445000
1879       340519.10875000
1880       341206.26061000
1881       341894.49099000
1882       342583.87349000
1883       343274.29517000
1884       343965.86478000
1885       344658.62117000
1886       345352.41836000
1887       346047.43881000
1888       346743.50103000
1889       347440.67942000
1890       348139.11602000
1891       348838.59608000
1892       349539.16145000
1893       350240.98733000
1894       350943.85818000
1895       351647.85791000
1896       352353.07020000
1897       353059.33742000
1898       353766.73557000
1899       354475.34819000
1900       355185.08479000
1901       355896.02049000
1902       356608.03913000
1903       357321.18372000
1904       358035.59725000
1905       358751.06159000
1906       359467.79637000
1907       360185.44896000
1908       360904.49894000
1909       361624.55356000
1910       362345.76097000
1911       363068.26873000
1912       363791.91731000
1913       364516.62080000
1914       365242.60083000
1915       365969.63672000
1916       366697.80750000
1917       367427.25701000
1918       368157.93404000
1919       368889.54260000
1920       369622.60242000
1921       370356.62183000
1922       371091.87974000
1923       371828.38523000
1924       372566.02279000
1925       373304.94526000
1926       374044.82997000
1927       374786.09192000
1928       375528.46939000
1929       376271.98234000
1930       377016.73908000
1931       377762.68605000
1932       378509.79680000
1933       379258.05403000
1934       380007.67634000
1935       380758.32810000
1936       381510.27293000
1937       382263.35877000
1938       383017.55764000
1939       383773.18813000
1940       384529.78819000
1941       385287.63931000
1942       386046.82549000
1943       386807.08178000
1944       387568.67480000
1945       388331.33892000
1946       389095.29520000
1947       389860.45397000
1948       390626.86030000
1949       391394.34800000
1950       392163.17738000
1951       392933.15741000
1952       393704.35745000
1953       394476.94035000
1954       395250.56027000
1955       396025.56484000
1956       396801.64599000
1957       397578.89003000
1958       398357.58126000
1959       399137.29086000
1960       399918.40188000
1961       400700.68698000
1962       401484.09071000
1963       402268.98516000
1964       403054.86159000
1965       403842.18263000
1966       404630.54293000
1967       405420.26149000
1968       406211.19028000
1969       407003.43691000
1970       407796.84707000
1971       408591.48777000
1972       409387.39038000
1973       410184.55685000
1974       410983.04485000
1975       411782.79804000
1976       412583.72697000
1977       413385.84060000
1978       414189.26207000
1979       414994.00051000
1980       415800.02377000
1981       416607.21788000
1982       417415.82208000
1983       418225.51587000
1984       419036.48869000
1985       419848.83256000
1986       420662.35078000
1987       421477.28967000
1988       422293.36477000
1989       423110.76976000
1990       423929.44408000
1991       424749.45250000
1992       425570.59696000
1993       426393.07678000
1994       427216.87638000
1995       428041.86440000
1996       428868.37325000
1997       429695.83765000
1998       430524.81629000
1999       431355.03731000
2000       432186.49632000
2001       433019.33162000
2002       433853.36817000
2003       434688.87207000
2004       435525.48125000
2005       436363.51577000
2006       437202.70216000
2007       438043.32189000
2008       438885.22787000
2009       439728.51706000
2010       440572.96856000
2011       441418.75237000
2012       442265.97434000
2013       443114.29970000
2014       443964.01221000
2015       444815.03135000
2016       445667.43132000
2017       446521.17616000
2018       447376.17783000
2019       448232.42733000
2020       449090.11433000
2021       449949.01500000
2022       450809.39842000
2023       451670.99676000
2024       452533.93704000
2025       453398.22791000
2026       454263.78154000
2027       455130.82196000
2028       455999.02638000
2029       456868.68477000
2030       457739.64320000
2031       458611.86815000
2032       459485.53718000
2033       460360.46626000
2034       461236.80725000
2035       462114.45135000
2036       462993.45388000
2037       463873.77463000
2038       464755.54369000
2039       465638.52999000
2040       466522.98062000
2041       467408.69036000
2042       468295.86621000
2043       469184.39796000
2044       470074.15027000
2045       470965.27533000
2046       471857.90214000
2047       472751.79969000
2048       473647.12065000
2049       474543.80185000
2050       475441.71520000
2051       476341.13428000
2052       477241.97232000
2053       478144.09353000
2054       479047.48010000
2055       479952.33711000
2056       480858.76878000
2057       481766.42178000
2058       482675.39945000
2059       483585.71416000
2060       484497.54189000
2061       485410.80368000
2062       486325.28998000
2063       487241.24898000
2064       488158.59976000
2065       489077.41721000
2066       489997.46917000
2067       490918.95989000
2068       491841.87517000
2069       492766.32574000
2070       493692.05701000
2071       494619.12053000
2072       495547.67818000
2073       496477.61322000
2074       497408.93378000
2075       498341.75141000
2076       499275.89686000
2077       500211.33552000
2078       501148.36823000
2079       502086.78261000
2080       503026.64648000
2081       503967.89338000
2082       504910.43734000
2083       505854.57982000
2084       506800.05470000
2085       507746.97556000
2086       508695.40370000
2087       509645.07235000
2088       510596.34390000
2089       511548.95079000
2090       512503.06129000
2091       513458.63032000
2092       514415.53641000
2093       515373.89500000
2094       516333.76838000
2095       517294.98059000
2096       518257.70208000
2097       519221.83245000
2098       520187.35772000
2099       521154.45703000
2100       522123.04610000
2101       523092.89152000
2102       524064.25901000
2103       525037.17312000
2104       526011.34540000
2105       526987.24623000
2106       527964.43675000
2107       528943.20972000
2108       529923.18052000
2109       530904.82133000
2110       531888.08449000
2111       532872.54701000
2112       533858.47747000
2113       534845.94024000
2114       535834.95811000
2115       536825.24080000
2116       537817.26444000
2117       538810.63958000
2118       539805.60896000
2119       540801.87371000
2120       541799.61278000
2121       542798.94911000
2122       543799.78912000
2123       544802.10614000
2124       545805.81628000
2125       546811.08988000
2126       547817.84982000
2127       548826.08326000
2128       549835.83073000
2129       550847.03391000
2130       551859.80438000
2131       552874.05836000
2132       553889.80341000
2133       554907.02681000
2134       555925.88655000
2135       556946.08949000
2136       557967.86413000
2137       558991.19347000
2138       560015.94554000
2139       561042.18748000
2140       562070.13765000
2141       563099.45241000
2142       564130.31975000
2143       565162.68686000
2144       566196.54134000
2145       567232.04822000
2146       568268.98328000
2147       569307.47563000
2148       570347.47172000
2149       571389.11077000
2150       572431.97413000
2151       573476.67962000
2152       574522.90740000
2153       575570.48453000
2154       576619.78374000
2155       577670.51714000
2156       578722.88517000
2157       579776.77845000
2158       580832.17676000
2159       581889.15005000
2160       582947.56085000
2161       584007.69440000
2162       585069.34264000
2163       586132.43046000
2164       587197.16127000
2165       588263.42202000
2166       589331.25787000
2167       590400.61224000
2168       591471.62624000
2169       592544.15416000
2170       593618.26729000
2171       594693.91375000
2172       595771.14091000
2173       596850.02077000
2174       597930.43602000
2175       599012.44096000
2176       600095.89405000
2177       601181.08599000
2178       602267.87059000
2179       603356.10546000
2180       604445.79695000
2181       605537.30303000
2182       606630.48131000
2183       607725.03672000
2184       608821.41986000
2185       609919.10894000
2186       611018.61844000
2187       612119.58348000
2188       613222.14436000
2189       614326.39493000
2190       615432.25722000
2191       616539.56368000
2192       617648.69755000
2193       618759.31001000
2194       619871.66528000
2195       620985.48149000
2196       622100.98757000
2197       623218.10355000
2198       624336.61353000
2199       625456.95298000
2200       626579.06026000
2201       627702.63227000
2202       628827.81871000
2203       629954.54034000
2204       631082.95865000
2205       632213.14958000
2206       633344.80838000
2207       634478.01062000
2208       635613.05835000
2209       636749.80203000
2210       637887.86554000
2211       639027.86324000
2212       640169.31809000
2213       641312.63867000
2214       642457.34718000
2215       643603.69034000
2216       644751.95951000
2217       645901.70381000
2218       647053.15664000
2219       648206.23937000
2220       649360.79875000
2221       650517.29071000
2222       651675.34516000
2223       652835.02811000
2224       653996.42963000
2225       655159.45657000
2226       656324.04189000
2227       657490.57842000
2228       658658.43965000
2229       659828.09188000
2230       660999.61492000
2231       662172.77924000
2232       663347.35390000
2233       664523.87640000
2234       665701.96346000
2235       666881.76950000
2236       668063.14539000
2237       669246.32036000
2238       670431.21743000
2239       671617.76112000
2240       672806.02911000
2241       673995.86959000
2242       675187.43168000
2243       676380.80364000
2244       677575.82569000
2245       678772.49667000
2246       679970.98031000
2247       681171.03410000
2248       682372.90255000
2249       683576.50133000
2250       684781.59963000
2251       685988.66959000
2252       687197.23635000
2253       688407.61826000
2254       689619.82075000
2255       690833.52174000
2256       692049.11879000
2257       693266.53957000
2258       694485.46073000
2259       695706.20717000
2260       696928.69308000
2261       698152.84272000
2262       699378.89977000
2263       700606.38103000
2264       701835.76768000
2265       703066.98566000
2266       704299.78859000
2267       705534.50458000
2268       706770.72699000
2269       708008.86033000
2270       709248.74998000
2271       710490.38876000
2272       711733.70012000
2273       712978.85183000
2274       714225.67398000
2275       715474.17270000
2276       716724.67374000
2277       717976.76824000
2278       719230.78828000
2279       720486.32140000
2280       721743.69647000
2281       723002.91810000
2282       724263.98059000
2283       725526.80572000
2284       726791.31920000
2285       728057.59344000
2286       729325.55771000
2287       730595.52915000
2288       731867.10575000
2289       733140.53649000
2290       734415.65464000
2291       735692.70335000
2292       736971.53195000
2293       738251.95885000
2294       739534.41102000
2295       740818.47649000
2296       742104.55902000
2297       743392.34154000
2298       744681.89585000
2299       745973.06309000
2300       747266.42902000
2301       748561.32105000
2302       749857.99059000
2303       751156.61400000
2304       752457.10078000
2305       753759.29471000
2306       755063.34274000
2307       756369.09659000
2308       757676.81014000
2309       758986.30456000
2310       760297.67088000
2311       761610.74947000
2312       762925.77446000
2313       764242.60177000
2314       765561.21420000
2315       766881.61461000
2316       768203.98383000
2317       769527.97700000
2318       770854.01335000
2319       772181.76899000
2320       773511.31433000
2321       774842.90599000
2322       776176.39976000
2323       777511.50567000
2324       778848.42534000
2325       780187.39367000
2326       781528.15886000
2327       782870.74124000
2328       784215.28450000
2329       785561.46236000
2330       786909.71654000
2331       788259.76996000
2332       789611.88330000
2333       790965.54041000
2334       792321.18492000
2335       793678.65517000
2336       795038.09350000
2337       796399.33720000
2338       797762.57473000
2339       799127.54615000
2340       800494.49045000
2341       801863.33835000
2342       803233.92265000
2343       804606.67213000
2344       805981.06589000
2345       807357.36579000
2346       808735.64480000
2347       810115.75991000
2348       811497.85473000
2349       812881.79014000
2350       814267.54003000
2351       815655.46463000
2352       817045.03938000
2353       818436.52797000
2354       819830.09850000
2355       821225.41780000
2356       822622.82031000
2357       824022.07226000
2358       825423.04789000
2359       826826.20779000
2360       828231.12123000
2361       829638.02523000
2362       831046.88179000
2363       832457.63201000
2364       833870.30674000
2365       835284.83904000
2366       836701.46468000
2367       838119.81960000
2368       839540.40105000
2369       840962.71297000
2370       842387.05528000
2371       843813.32890000
2372       845241.33458000
2373       846671.57451000
2374       848103.71551000
2375       849537.62395000
2376       850973.73723000
2377       852411.51873000
2378       853851.60913000
2379       855293.43578000
2380       856737.30432000
2381       858183.01161000
2382       859630.76328000
2383       861080.40673000
2384       862532.26488000
2385       863985.74557000
2386       865441.54636000
2387       866899.13973000
2388       868358.73250000
2389       869820.32547000
2390       871283.76471000
2391       872749.42762000
2392       874216.92487000
2393       875686.43996000
2394       877157.85594000
2395       878631.43567000
2396       880106.86666000
2397       881584.52808000
2398       883063.81991000
2399       884545.34529000
2400       886028.88206000
2401       887514.32714000
2402       889001.67990000
2403       890491.32353000
2404       891982.87826000
2405       893476.50319000
2406       894971.98718000
2407       896469.38303000
2408       897969.13033000
2409       899470.68496000
2410       900974.31675000
2411       902479.91680000
2412       903987.65959000
2413       905497.20367000
2414       907008.99846000
2415       908522.77492000
2416       910038.57287000
2417       911556.46421000
2418       913076.27681000
2419       914598.23059000
2420       916122.22515000
2421       917648.19887000
2422       919176.31746000
2423       920706.36391000
2424       922238.56148000
2425       923772.80045000
2426       925308.96734000
2427       926847.45682000
2428       928387.82233000
2429       929930.17450000
2430       931474.73801000
2431       933021.29497000
2432       934570.00926000
2433       936120.77517000
2434       937673.41755000
2435       939228.33597000
2436       940785.36572000
2437       942344.33251000
2438       943905.52145000
2439       945468.65237000
2440       947033.89519000
2441       948601.30648000
2442       950170.77685000
2443       951742.30370000
2444       953316.06414000
2445       954891.65374000
2446       956469.53244000
2447       958049.35984000
2448       959631.42351000
2449       961215.66590000
2450       962801.91506000
2451       964390.34522000
2452       965980.72845000
2453       967573.35366000
2454       969168.16386000
2455       970764.75117000
2456       972363.70294000
2457       973964.78353000
2458       975567.99631000
2459       977173.27997000
2460       978780.75769000
2461       980390.31257000
2462       982002.00181000
2463       983615.76732000
2464       985231.84777000
2465       986849.89186000
2466       988470.24984000
2467       990092.45590000
2468       991716.97724000
2469       993343.70220000
2470       994972.63194000
2471       996603.64455000
2472       998236.68414000
2473       999871.99382000
2474      1001509.38871000
2475      1003149.05037000
2476      1004790.86207000
2477      1006434.71069000
2478      1008080.88686000
2479      1009729.21472000
2480      1011379.63978000
2481      1013032.15755000
2482      1014686.95546000
2483      1016343.96628000
2484      1018003.19926000
2485      1019664.46293000
2486      1021328.07790000
2487      1022993.78854000
2488      1024661.60466000
2489      1026331.76126000
2490      1028003.90355000
2491      1029678.39461000
2492      1031355.05359000
2493      1033033.87721000
2494      1034714.92442000
2495      1036398.27195000
2496      1038083.78705000
2497      1039771.54058000
2498      1041461.33341000
2499      1043153.30802000
2500      1044847.70148000
2501      1046544.26691000
2502      1048242.88691000
2503      1049943.99525000
2504      1051647.27843000
2505      1053352.74416000
2506      1055060.27516000
2507      1056770.15360000
2508      1058482.41669000
2509      1060196.61529000
2510      1061913.29725000
2511      1063632.05744000
2512      1065353.17724000
2513      1067076.55535000
2514      1068802.11736000
2515      1070529.81295000
2516      1072259.88105000
2517      1073992.20308000
2518      1075726.66195000
2519      1077463.56466000
2520      1079202.58878000
2521      1080944.12734000
2522      1082687.67873000
2523      1084433.55058000
2524      1086181.62581000
2525      1087931.96331000
2526      1089684.62451000
2527      1091439.74020000
2528      1093196.87359000
2529      1094956.26471000
2530      1096718.25272000
2531      1098482.19164000
2532      1100248.66115000
2533      1102017.19220000
2534      1103788.19537000
2535      1105561.41431000
2536      1107336.90693000
2537      1109114.66517000
2538      1110894.96276000
2539      1112677.28709000
2540      1114462.08298000
2541      1116249.08704000
2542      1118038.25254000
2543      1119830.07334000
2544      1121623.99632000
2545      1123420.26408000
2546      1125218.93978000
2547      1127019.72029000
2548      1128822.98283000
2549      1130628.53256000
2550      1132436.28828000
2551      1134246.67439000
2552      1136059.09791000
2553      1137874.05559000
2554      1139691.39539000
2555      1141510.81008000
2556      1143332.54638000
2557      1145156.95766000
2558      1146983.41109000
2559      1148812.46867000
2560      1150643.71706000
2561      1152477.32790000
2562      1154313.25790000
2563      1156151.59682000
2564      1157992.30127000
2565      1159835.40294000
2566      1161680.73486000
2567      1163528.64852000
2568      1165378.64464000
2569      1167231.16138000
2570      1169086.26424000
2571      1170943.34477000
2572      1172802.98148000
2573      1174665.02636000
2574      1176529.38418000
2575      1178396.18381000
2576      1180265.29822000
2577      1182136.79244000
2578      1184010.88439000
2579      1185887.21804000
2580      1187765.93474000
2581      1189647.17684000
2582      1191530.55707000
2583      1193416.50640000
2584      1195304.87936000
2585      1197195.42163000
2586      1199088.83373000
2587      1200984.31145000
2588      1202882.18086000
2589      1204782.84740000
2590      1206685.50367000
2591      1208590.63294000
2592      1210498.38043000
2593      1212408.46013000
2594      1214320.92500000
2595      1216235.80253000
2596      1218153.15962000
2597      1220073.06315000
2598      1221995.32923000
2599      1223919.97379000
2600      1225847.16869000
2601      1227776.70379000
2602      1229708.79198000
2603      1231643.14225000
2604      1233579.98173000
2605      1235519.45849000
2606      1237461.20014000
2607      1239405.45779000
2608      1241352.33411000
2609      1243301.39687000
2610      1245253.28889000
2611      1247207.26507000
2612      1249163.74026000
2613      1251122.96785000
2614      1253084.54867000
2615      1255048.44736000
2616      1257015.02031000
2617      1258984.03180000
2618      1260955.46753000
2619      1262929.56112000
2620      1264905.84839000
2621      1266884.87912000
2622      1268866.18805000
2623      1270850.19551000
2624      1272836.59890000
2625      1274825.55232000
2626      1276817.02234000
2627      1278810.89203000
2628      1280807.31502000
2629      1282806.32630000
2630      1284807.89310000
2631      1286811.71160000
2632      1288818.47807000
2633      1290827.17571000
2634      1292838.75592000
2635      1294852.93241000
2636      1296869.48413000
2637      1298888.54890000
2638      1300910.26318000
2639      1302934.32311000
2640      1304961.25884000
2641      1306990.48868000
2642      1309022.08179000
2643      1311056.72804000
2644      1313093.48364000
2645      1315133.03566000
2646      1317174.97267000
2647      1319219.45201000
2648      1321266.73183000
2649      1323316.29964000
2650      1325368.51353000
2651      1327423.34428000
2652      1329480.56582000
2653      1331540.52486000
2654      1333603.00513000
2655      1335667.97883000
2656      1337735.94158000
2657      1339806.02336000
2658      1341878.84917000
2659      1343954.21298000
2660      1346032.15429000
2661      1348112.56558000
2662      1350195.88641000
2663      1352281.51918000
2664      1354370.06445000
2665      1356460.82465000
2666      1358554.33931000
2667      1360650.58236000
2668      1362749.23941000
2669      1364850.55645000
2670      1366954.60622000
2671      1369061.06565000
2672      1371170.35853000
2673      1373282.15457000
2674      1375396.43425000
2675      1377513.64351000
2676      1379633.26726000
2677      1381755.37756000
2678      1383880.51469000
2679      1386007.97647000
2680      1388138.18563000
2681      1390270.91077000
2682      1392406.31412000
2683      1394544.65961000
2684      1396685.23716000
2685      1398828.69026000
2686      1400974.70915000
2687      1403123.34351000
2688      1405274.83150000
2689      1407428.84270000
2690      1409585.35402000
2691      1411744.91445000
2692      1413906.61892000
2693      1416071.39870000
2694      1418238.66033000
2695      1420408.73656000
2696      1422581.31968000
2697      1424756.77056000
2698      1426934.56080000
2699      1429115.41381000
2700      1431298.89582000
2701      1433484.79468000
2702      1435673.66481000
2703      1437865.06992000
2704      1440059.18394000
2705      1442256.08241000
2706      1444455.61600000
2707      1446658.03088000
2708      1448862.89088000
2709      1451070.46678000
2710      1453281.02667000
2711      1455494.03472000
2712      1457709.65896000
2713      1459928.27686000
2714      1462149.53820000
2715      1464373.49926000
2716      1466600.10545000
2717      1468829.63158000
2718      1471061.66865000
2719      1473296.64673000
2720      1475534.15593000
2721      1477774.47273000
2722      1480017.54145000
2723      1482263.42114000
2724      1484511.95433000
2725      1486763.21676000
2726      1489017.39572000
2727      1491274.23124000
2728      1493533.70764000
2729      1495796.09516000
2730      1498061.05056000
2731      1500328.84396000
2732      1502599.56408000
2733      1504872.74125000
2734      1507149.14499000
2735      1509427.91631000
2736      1511709.63545000
2737      1513994.18613000
2738      1516281.19685000
2739      1518571.26329000
2740      1520864.16563000
2741      1523159.84307000
2742      1525458.15033000
2743      1527759.42912000
2744      1530063.27828000
2745      1532370.36027000
2746      1534679.81782000
2747      1536991.93884000
2748      1539307.31359000
2749      1541625.26124000
2750      1543946.25451000
2751      1546269.73318000
2752      1548596.18309000
2753      1550925.57671000
2754      1553257.56524000
2755      1555592.42242000
2756      1557930.13902000
2757      1560270.64953000
2758      1562614.11049000
2759      1564960.25959000
2760      1567309.30410000
2761      1569661.30317000
2762      1572015.99366000
2763      1574373.67159000
2764      1576734.11198000
2765      1579097.35565000
2766      1581463.58285000
2767      1583832.59333000
2768      1586204.29247000
2769      1588579.17634000
2770      1590956.67326000
2771      1593337.14559000
2772      1595720.50081000
2773      1598106.47212000
2774      1600495.53296000
2775      1602887.59238000
2776      1605282.24575000
2777      1607680.09789000
2778      1610080.65723000
2779      1612483.91837000
2780      1614890.58088000
2781      1617299.75630000
2782      1619711.83461000
2783      1622126.92481000
2784      1624544.92567000
2785      1626965.82883000
2786      1629389.44678000
2787      1631815.97363000
2788      1634245.63469000
2789      1636678.09757000
2790      1639113.27532000
2791      1641551.67626000
2792      1643992.91275000
2793      1646437.14651000
2794      1648884.21809000
2795      1651334.20871000
2796      1653787.23328000
2797      1656242.98349000
2798      1658701.65653000
2799      1661163.45074000
2800      1663628.08969000
2801      1666095.96973000
2802      1668566.58047000
2803      1671039.80441000
2804      1673516.59065000
2805      1675995.91129000
2806      1678478.16484000
2807      1680963.75119000
2808      1683451.99241000
2809      1685943.48891000
2810      1688437.72365000
2811      1690934.69807000
2812      1693435.01329000
2813      1695938.18858000
2814      1698444.22653000
2815      1700953.49075000
2816      1703465.61834000
2817      1705980.81536000
2818      1708498.75803000
2819      1711019.97044000
2820      1713544.01584000
2821      1716071.13058000
2822      1718601.11909000
2823      1721134.38756000
2824      1723670.28582000
2825      1726209.46280000
2826      1728751.60225000
2827      1731296.74032000
2828      1733844.92220000
2829      1736396.06069000
2830      1738950.20683000
2831      1741507.52389000
2832      1744067.72327000
2833      1746630.96672000
2834      1749197.30793000
2835      1751766.73608000
2836      1754339.26590000
2837      1756914.55944000
2838      1759492.90217000
2839      1762074.47609000
2840      1764659.14326000
2841      1767246.78713000
2842      1769837.49294000
2843      1772431.01741000
2844      1775028.06083000
2845      1777627.87541000
2846      1780230.67246000
2847      1782836.79165000
2848      1785445.88674000
2849      1788057.89299000
2850      1790673.22674000
2851      1793291.53952000
2852      1795913.05538000
2853      1798537.40330000
2854      1801164.94642000
2855      1803795.56855000
2856      1806429.22906000
2857      1809066.21789000
2858      1811706.21633000
2859      1814349.12812000
2860      1816995.32852000
2861      1819644.57447000
2862      1822296.95302000
2863      1824952.55185000
2864      1827610.93894000
2865      1830272.66624000
2866      1832937.74946000
2867      1835605.42024000
2868      1838276.85765000
2869      1840950.88426000
2870      1843628.18718000
2871      1846308.92667000
2872      1848992.46173000
2873      1851679.14522000
2874      1854369.06565000
2875      1857062.05097000
2876      1859758.48086000
2877      1862457.71080000
2878      1865160.09628000
2879      1867865.86083000
2880      1870574.76741000
2881      1873286.56456000
2882      1876001.88081000
2883      1878720.13794000
2884      1881441.62902000
2885      1884166.30502000
2886      1886893.99392000
2887      1889625.28100000
2888      1892359.30946000
2889      1895096.71498000
2890      1897837.45039000
2891      1900581.06727000
2892      1903328.06584000
2893      1906078.46869000
2894      1908831.54877000
2895      1911588.37997000
2896      1914348.02826000
2897      1917110.85985000
2898      1919877.31019000
2899      1922646.58014000
2900      1925419.17744000
2901      1928195.25953000
2902      1930974.16373000
2903      1933756.48950000
2904      1936541.98586000
2905      1939330.81829000
2906      1942122.79611000
2907      1944917.94793000
2908      1947716.29921000
2909      1950518.28969000
2910      1953323.04470000
2911      1956131.50721000
2912      1958942.73615000
2913      1961757.37876000
2914      1964575.66990000
2915      1967396.58759000
2916      1970221.13048000
2917      1973048.91294000
2918      1975879.88286000
2919      1978714.36620000
2920      1981551.97652000
2921      1984392.51567000
2922      1987236.86279000
2923      1990084.19573000
2924      1992934.75163000
2925      1995788.68452000
2926      1998645.96011000
2927      2001506.70035000
2928      2004370.43194000
2929      2007237.45475000
2930      2010108.09463000
2931      2012981.79020000
2932      2015858.92836000
2933      2018739.33350000
2934      2021623.00536000
2935      2024510.09587000
2936      2027400.45532000
2937      2030293.84732000
2938      2033191.14123000
2939      2036091.22971000
2940      2038994.83216000
2941      2041901.86514000
2942      2044812.17276000
2943      2047725.97351000
2944      2050642.93411000
2945      2053563.20634000
2946      2056486.97710000
2947      2059413.81789000
2948      2062344.27741000
2949      2065278.08879000
2950      2068215.12511000
2951      2071155.82179000
2952      2074099.59319000
2953      2077046.47579000
2954      2079997.38819000
2955      2082951.22430000
2956      2085908.63747000
2957      2088869.47082000
2958      2091833.17329000
2959      2094801.07245000
2960      2097771.68820000
2961      2100746.15650000
2962      2103723.63015000
2963      2106704.71036000
2964      2109689.22742000
2965      2112676.96436000
2966      2115668.15535000
2967      2118662.94526000
2968      2121660.95887000
2969      2124662.53474000
2970      2127667.54812000
2971      2130675.81065000
2972      2133687.68224000
2973      2136702.83627000
2974      2139721.50866000
2975      2142743.58224000
2976      2145769.04844000
2977      2148798.03869000
2978      2151830.52844000
2979      2154866.22516000
2980      2157905.38596000
2981      2160948.37136000
2982      2163994.56833000
2983      2167044.12397000
2984      2170097.08421000
2985      2173153.63402000
2986      2176213.80434000
2987      2179277.40548000
2988      2182344.37141000
2989      2185414.74957000
2990      2188488.72595000
2991      2191566.07081000
2992      2194646.99666000
2993      2197731.36166000
2994      2200819.19523000
2995      2203910.80051000
2996      2207005.45010000
2997      2210103.85483000
2998      2213205.70579000
2999      2216310.93490000
3000      2219420.13924000
3001      2222532.24763000
3002      2225648.38192000
3003      2228767.92346000
3004      2231890.68190000
3005      2235017.25820000
3006      2238147.07831000
3007      2241280.49988000
3008      2244417.86875000
3009      2247558.19287000
3010      2250702.51358000
3011      2253850.29946000
3012      2257001.09505000
3013      2260156.27816000
3014      2263314.37545000
3015      2266475.86958000
3016      2269641.93008000
3017      2272810.73607000
3018      2275983.34138000
3019      2279159.29379000
3020      2282338.82139000
3021      2285522.32728000
3022      2288709.01043000
3023      2291899.23128000
3024      2295093.47963000
3025      2298291.08063000
3026      2301492.49810000
3027      2304697.05471000
3028      2307905.19843000
3029      2311117.55538000
3030      2314332.66309000
3031      2317551.92922000
3032      2320774.71290000
3033      2324000.77632000
3034      2327231.10471000
3035      2330464.57870000
3036      2333701.43576000
3037      2336942.74170000
3038      2340186.80218000
3039      2343435.03835000
3040      2346686.76427000
3041      2349942.03503000
3042      2353201.15599000
3043      2356463.64524000
3044      2359729.88821000
3045      2362999.66507000
3046      2366273.17259000
3047      2369550.25958000
3048      2372831.28183000
3049      2376115.64137000
3050      2379404.04908000
3051      2382695.83246000
3052      2385991.42124000
3053      2389290.51914000
3054      2392593.17698000
3055      2395899.64516000
3056      2399210.02743000
3057      2402523.93975000
3058      2405841.58621000
3059      2409162.58082000
3060      2412487.57950000
3061      2415816.13221000
3062      2419148.43926000
3063      2422484.35336000
3064      2425824.22873000
3065      2429167.83137000
3066      2432514.96257000
3067      2435865.48213000
3068      2439220.20944000
3069      2442578.50099000
3070      2445940.74664000
3071      2449306.23759000
3072      2452675.89090000
3073      2456048.87764000
3074      2459426.03111000
3075      2462806.55034000
3076      2466191.13695000
3077      2469579.26813000
3078      2472971.14866000
3079      2476366.72159000
3080      2479766.25324000
3081      2483169.53960000
3082      2486576.40606000
3083      2489987.24991000
3084      2493401.35276000
3085      2496819.83595000
3086      2500241.88989000
3087      2503667.42604000
3088      2507097.15572000
3089      2510530.65392000
3090      2513967.52179000
3091      2517408.79593000
3092      2520853.14326000
3093      2524301.88896000
3094      2527754.21651000
3095      2531210.03512000
3096      2534670.23484000
3097      2538133.84842000
3098      2541601.45471000
3099      2545072.84650000
3100      2548547.73537000
3101      2552026.84331000
3102      2555509.74212000
3103      2558995.94295000
3104      2562486.96483000
3105      2565980.98693000
3106      2569478.91099000
3107      2572981.26585000
3108      2576486.80068000
3109      2579996.99245000
3110      2583510.16530000
3111      2587027.26963000
3112      2590548.99743000
3113      2594073.72856000
3114      2597602.39557000
3115      2601135.49212000
3116      2604672.01736000
3117      2608212.97747000
3118      2611757.14595000
3119      2615305.25824000
3120      2618857.81293000
3121      2622413.57809000
3122      2625973.70160000
3123      2629537.66042000
3124      2633105.25929000
3125      2636677.31353000
3126      2640252.37523000
3127      2643831.80587000
3128      2647415.49321000
3129      2651002.39633000
3130      2654593.46783000
3131      2658188.81728000
3132      2661787.59250000
3133      2665390.84364000
3134      2668997.53738000
3135      2672608.39511000
3136      2676223.10800000
3137      2679841.69855000
3138      2683464.23606000
3139      2687090.85672000
3140      2690721.13471000
3141      2694356.12091000
3142      2697994.12024000
3143      2701636.52455000
3144      2705282.79599000
3145      2708932.73017000
3146      2712587.28926000
3147      2716245.50692000
3148      2719907.59450000
3149      2723573.99550000
3150      2727243.62611000
3151      2730917.89431000
3152      2734596.05137000
3153      2738278.30279000
3154      2741964.12003000
3155      2745654.25335000
3156      2749348.27058000
3157      2753046.62497000
3158      2756748.20622000
3159      2760454.45331000
3160      2764164.81047000
3161      2767878.84194000
3162      2771596.66424000
3163      2775318.82645000
3164      2779045.10602000
3165      2782775.51068000
3166      2786509.82178000
3167      2790247.92476000
3168      2793990.15212000
3169      2797736.51572000
3170      2801486.67514000
3171      2805241.18681000
3172      2808999.61362000
3173      2812762.40069000
3174      2816528.87967000
3175      2820299.61446000
3176      2824074.26255000
3177      2827853.05897000
3178      2831635.66276000
3179      2835422.86206000
3180      2839213.76379000
3181      2843009.04022000
3182      2846808.01925000
3183      2850611.26673000
3184      2854418.66878000
3185      2858230.23185000
3186      2862045.72578000
3187      2865865.38422000
3188      2869688.86331000
3189      2873516.96222000
3190      2877348.77458000
3191      2881184.64028000
3192      2885025.36363000
3193      2888869.57160000
3194      2892717.95260000
3195      2896570.74386000
3196      2900427.13326000
3197      2904287.93314000
3198      2908152.91752000
3199      2912021.73471000
3200      2915895.43086000
3201      2919772.85042000
3202      2923654.45840000
3203      2927540.02552000
3204      2931429.66547000
3205      2935324.19811000
3206      2939221.99508000
3207      2943124.10483000
3208      2947031.34437000
3209      2950941.38464000
3210      2954856.55945000
3211      2958775.70492000
3212      2962698.70645000
3213      2966626.38436000
3214      2970557.79852000
3215      2974493.54074000
3216      2978433.96672000
3217      2982377.89235000
3218      2986326.75657000
3219      2990279.12233000
3220      2994235.81393000
3221      2998197.21202000
3222      3002162.35485000
3223      3006131.36870000
3224      3010105.55684000
3225      3014083.49278000
3226      3018065.90588000
3227      3022052.29863000
3228      3026042.56949000
3229      3030037.79850000
3230      3034036.78028000
3231      3038040.12034000
3232      3042047.93576000
3233      3046059.50632000
3234      3050076.29539000
3235      3054096.59580000
3236      3058121.01623000
3237      3062150.18599000
3238      3066183.34733000
3239      3070220.88202000
3240      3074262.67655000
3241      3078308.71459000
3242      3082359.26614000
3243      3086413.81445000
3244      3090472.99597000
3245      3094536.19616000
3246      3098603.64716000
3247      3102675.50654000
3248      3106751.85242000
3249      3110831.99008000
3250      3114917.37583000
3251      3119006.05020000
3252      3123099.60758000
3253      3127197.42713000
3254      3131299.29974000
3255      3135405.80791000
3256      3139516.58288000
3257      3143631.90440000
3258      3147751.49628000
3259      3151874.63617000
3260      3156002.93506000
3261      3160135.74144000
3262      3164272.35695000
3263      3168413.39053000
3264      3172558.96172000
3265      3176709.07082000
3266      3180863.48923000
3267      3185021.92908000
3268      3189185.05692000
3269      3193352.73255000
3270      3197524.72269000
3271      3201700.62318000
3272      3205881.07638000
3273      3210066.11126000
3274      3214255.67432000
3275      3218449.29674000
3276      3222647.62575000
3277      3226850.02000000
3278      3231057.47507000
3279      3235268.61501000
3280      3239484.32341000
3281      3243704.86565000
3282      3247929.71475000
3283      3252158.90150000
3284      3256392.01159000
3285      3260630.46944000
3286      3264872.76815000
3287      3269119.49619000
3288      3273371.07758000
3289      3277626.73804000
3290      3281887.22164000
3291      3286151.82245000
3292      3290420.58959000
3293      3294694.45614000
3294      3298972.71664000
3295      3303254.87493000
3296      3307542.45007000
3297      3311833.84315000
3298      3316129.83979000
3299      3320430.43827000
3300      3324734.97600000
3301      3329044.94688000
3302      3333358.70061000
3303      3337676.71128000
3304      3342000.36075000
3305      3346327.59949000
3306      3350659.69327000
3307      3354996.44506000
3308      3359336.86673000
3309      3363682.98368000
3310      3368032.93015000
3311      3372387.10552000
3312      3376746.70694000
3313      3381110.14041000
3314      3385478.76945000
3315      3389851.46933000
3316      3394228.40518000
3317      3398610.54499000
3318      3402996.75793000
3319      3407387.49366000
3320      3411783.44212000
3321      3416183.18368000
3322      3420588.38024000
3323      3424997.18068000
3324      3429410.75015000
3325      3433829.78418000
3326      3438252.66216000
3327      3442680.48672000
3328      3447112.39408000
3329      3451548.84273000
3330      3455990.53241000
3331      3460436.30817000
3332      3464886.58047000
3333      3469342.39106000
3334      3473801.76359000
3335      3478266.62923000
3336      3482735.34750000
3337      3487208.33120000
3338      3491687.34611000
3339      3496169.97853000
3340      3500657.41162000
3341      3505149.77067000
3342      3509646.27987000
3343      3514148.30602000
3344      3518654.19206000
3345      3523164.35470000
3346      3527680.33778000
3347      3532200.12671000
3348      3536724.78855000
3349      3541254.39234000
3350      3545788.15715000
3351      3550327.22309000
3352      3554870.63446000
3353      3559418.39291000
3354      3563971.64134000
3355      3568528.75872000
3356      3573090.76726000
3357      3577657.73390000
3358      3582229.11196000
3359      3586805.81412000
3360      3591386.62964000
3361      3595972.04653000
3362      3600562.73389000
3363      3605157.53659000
3364      3609757.55312000
3365      3614362.00009000
3366      3618971.41425000
3367      3623585.56627000
3368      3628203.90283000
3369      3632827.64275000
3370      3637455.57919000
3371      3642088.49213000
3372      3646726.33453000
3373      3651368.85958000
3374      3656016.19375000
3375      3660668.21374000
3376      3665324.66978000
3377      3669986.30771000
3378      3674652.70439000
3379      3679324.16352000
3380      3683999.32644000
3381      3688680.11759000
3382      3693365.66596000
3383      3698056.22486000
3384      3702750.67634000
3385      3707450.64231000
3386      3712155.62492000
3387      3716864.81756000
3388      3721578.90385000
3389      3726298.01194000
3390      3731021.89168000
3391      3735750.55524000
3392      3740484.31143000
3393      3745222.33669000
3394      3749965.71128000
3395      3754713.62452000
3396      3759466.12800000
3397      3764223.98852000
3398      3768986.63590000
3399      3773754.32558000
3400      3778526.56324000
3401      3783303.39835000
3402      3788085.28068000
3403      3792872.28148000
3404      3797664.09127000
3405      3802460.94467000
3406      3807261.83513000
3407      3812068.43189000
3408      3816879.83448000
3409      3821695.27670000
3410      3826516.67783000
3411      3831342.64670000
3412      3836173.35672000
3413      3841009.20891000
3414      3845849.34887000
3415      3850695.21919000
3416      3855545.58112000
3417      3860400.64836000
3418      3865261.70023000
3419      3870126.34248000
3420      3874996.39857000
3421      3879871.61589000
3422      3884751.70527000
3423      3889636.72819000
3424      3894526.49781000
3425      3899420.89831000
3426      3904321.39686000
3427      3909225.48770000
3428      3914135.59284000
3429      3919050.54320000
3430      3923969.55062000
3431      3928894.91880000
3432      3933823.88043000
3433      3938758.15932000
3434      3943698.47209000
3435      3948642.71811000
3436      3953592.41879000
3437      3958546.63896000
3438      3963506.09435000
3439      3968471.10766000
3440      3973440.30340000
3441      3978414.15209000
3442      3983394.74402000
3443      3988378.58889000
3444      3993368.93925000
3445      3998363.37869000
3446      4003362.57641000
3447      4008367.60170000
3448      4013377.06200000
3449      4018391.63262000
3450      4023411.94028000
3451      4028436.43873000
3452      4033466.88117000
3453      4038501.41494000
3454      4043540.96808000
3455      4048586.72275000
3456      4053636.67288000
3457      4058692.48147000
3458      4063752.13534000
3459      4068817.16999000
3460      4073888.31941000
3461      4078963.42040000
3462      4084044.15793000
3463      4089130.06462000
3464      4094220.52593000
3465      4099317.22504000
3466      4104417.77166000
3467      4109523.71919000
3468      4114635.45014000
3469      4119751.49492000
3470      4124873.19694000
3471      4129999.72562000
3472      4135131.17770000
3473      4140268.53712000
3474      4145410.35368000
3475      4150557.34283000
3476      4155710.13619000
3477      4160867.14046000
3478      4166029.57262000
3479      4171197.81671000
3480      4176370.27353000
3481      4181548.77652000
3482      4186731.99240000
3483      4191920.40019000
3484      4197114.26752000
3485      4202312.46767000
3486      4207516.36512000
3487      4212726.09529000
3488      4217940.16269000
3489      4223160.06788000
3490      4228384.56214000
3491      4233614.76681000
3492      4238849.94806000
3493      4244089.97132000
3494      4249335.46248000
3495      4254586.43521000
3496      4259842.74904000
3497      4265103.92641000
3498      4270370.07535000
3499      4275641.95501000
3500      4280919.07675000
