   1            6.25591000
   2            8.19683000
   3           10.79498000
   4           13.52234000
   5           16.29131000
   6           19.07912000
   7           21.87711000
   8           24.68123000
   9           27.48935000
  10           30.30021000
  11           33.11303000
  12           35.92731000
  13           38.74270000
  14           41.55897000
  15           44.37592000
  16           47.19344000
  17           50.01142000
  18           52.82978000
  19           55.64847000
  20           58.46743000
  21           61.28663000
  22           64.10604000
  23           66.92562000
  24           69.74537000
  25           72.56525000
  26           75.38526000
  27           78.20539000
  28           81.02561000
  29           83.84592000
  30           86.66632000
  31           89.48680000
  32           92.30734000
  33           95.12795000
  34           97.94862000
  35          100.76934000
  36          103.59011000
  37          106.41094000
  38          109.23181000
  39          112.05272000
  40          114.87367000
  41          117.69466000
  42          120.51568000
  43          123.33674000
  44          126.15783000
  45          128.97896000
  46          131.80011000
  47          134.62129000
  48          137.44250000
  49          140.26373000
  50          143.08499000
  51          145.90627000
  52          148.72758000
  53          151.54891000
  54          154.37027000
  55          157.19164000
  56          160.01304000
  57          162.83445000
  58          165.65589000
  59          168.47735000
  60          171.29882000
  61          174.12032000
  62          176.94184000
  63          179.76337000
  64          182.58493000
  65          185.40650000
  66          188.22809000
  67          191.04971000
  68          193.87134000
  69          196.69300000
  70          199.51468000
  71          202.33638000
  72          205.15810000
  73          207.97985000
  74          210.80163000
  75          213.62344000
  76          216.44527000
  77          219.26714000
  78          222.08905000
  79          224.91099000
  80          227.73298000
  81          230.55501000
  82          233.37708000
  83          236.19922000
  84          239.02141000
  85          241.84366000
  86          244.66598000
  87          247.48838000
  88          250.31086000
  89          253.13343000
  90          255.95609000
  91          258.77885000
  92          261.60173000
  93          264.42473000
  94          267.24787000
  95          270.07114000
  96          272.89457000
  97          275.71817000
  98          278.54194000
  99          281.36591000
 100          284.19008000
 101          287.01447000
 102          289.83909000
 103          292.66397000
 104          295.48912000
 105          298.31455000
 106          301.14029000
 107          303.96635000
 108          306.79275000
 109          309.61952000
 110          312.44668000
 111          315.27424000
 112          318.10224000
 113          320.93069000
 114          323.75963000
 115          326.58907000
 116          329.41904000
 117          332.24957000
 118          335.08069000
 119          337.91243000
 120          340.74482000
 121          343.57788000
 122          346.41165000
 123          349.24615000
 124          352.08144000
 125          354.91753000
 126          357.75446000
 127          360.59226000
 128          363.43098000
 129          366.27064000
 130          369.11129000
 131          371.95296000
 132          374.79569000
 133          377.63952000
 134          380.48450000
 135          383.33065000
 136          386.17803000
 137          389.02667000
 138          391.87661000
 139          394.72790000
 140          397.58059000
 141          400.43471000
 142          403.29032000
 143          406.14745000
 144          409.00615000
 145          411.86647000
 146          414.72845000
 147          417.59214000
 148          420.45760000
 149          423.32486000
 150          426.19398000
 151          429.06500000
 152          431.93797000
 153          434.81295000
 154          437.68998000
 155          440.56912000
 156          443.45041000
 157          446.33390000
 158          449.21965000
 159          452.10771000
 160          454.99812000
 161          457.89095000
 162          460.78624000
 163          463.68405000
 164          466.58443000
 165          469.48743000
 166          472.39310000
 167          475.30150000
 168          478.21268000
 169          481.12670000
 170          484.04361000
 171          486.96345000
 172          489.88630000
 173          492.81219000
 174          495.74119000
 175          498.67335000
 176          501.60872000
 177          504.54735000
 178          507.48931000
 179          510.43464000
 180          513.38341000
 181          516.33565000
 182          519.29144000
 183          522.25082000
 184          525.21384000
 185          528.18057000
 186          531.15105000
 187          534.12534000
 188          537.10349000
 189          540.08557000
 190          543.07161000
 191          546.06168000
 192          549.05583000
 193          552.05411000
 194          555.05657000
 195          558.06328000
 196          561.07428000
 197          564.08963000
 198          567.10938000
 199          570.13358000
 200          573.16229000
 201          576.19555000
 202          579.23343000
 203          582.27596000
 204          585.32322000
 205          588.37524000
 206          591.43208000
 207          594.49379000
 208          597.56043000
 209          600.63203000
 210          603.70867000
 211          606.79038000
 212          609.87722000
 213          612.96923000
 214          616.06648000
 215          619.16900000
 216          622.27685000
 217          625.39008000
 218          628.50874000
 219          631.63287000
 220          634.76253000
 221          637.89777000
 222          641.03863000
 223          644.18516000
 224          647.33742000
 225          650.49544000
 226          653.65928000
 227          656.82899000
 228          660.00461000
 229          663.18619000
 230          666.37378000
 231          669.56742000
 232          672.76716000
 233          675.97304000
 234          679.18512000
 235          682.40344000
 236          685.62804000
 237          688.85897000
 238          692.09628000
 239          695.34001000
 240          698.59020000
 241          701.84690000
 242          705.11016000
 243          708.38001000
 244          711.65650000
 245          714.93968000
 246          718.22959000
 247          721.52627000
 248          724.82977000
 249          728.14012000
 250          731.45738000
 251          734.78157000
 252          738.11275000
 253          741.45096000
 254          744.79624000
 255          748.14863000
 256          751.50817000
 257          754.87490000
 258          758.24886000
 259          761.63010000
 260          765.01865000
 261          768.41456000
 262          771.81786000
 263          775.22859000
 264          778.64680000
 265          782.07252000
 266          785.50580000
 267          788.94667000
 268          792.39516000
 269          795.85133000
 270          799.31520000
 271          802.78682000
 272          806.26622000
 273          809.75344000
 274          813.24852000
 275          816.75150000
 276          820.26242000
 277          823.78130000
 278          827.30819000
 279          830.84313000
 280          834.38614000
 281          837.93728000
 282          841.49656000
 283          845.06404000
 284          848.63974000
 285          852.22371000
 286          855.81597000
 287          859.41656000
 288          863.02552000
 289          866.64288000
 290          870.26868000
 291          873.90295000
 292          877.54573000
 293          881.19704000
 294          884.85694000
 295          888.52544000
 296          892.20258000
 297          895.88840000
 298          899.58293000
 299          903.28620000
 300          906.99825000
 301          910.71912000
 302          914.44882000
 303          918.18740000
 304          921.93489000
 305          925.69132000
 306          929.45672000
 307          933.23113000
 308          937.01458000
 309          940.80710000
 310          944.60872000
 311          948.41948000
 312          952.23940000
 313          956.06852000
 314          959.90687000
 315          963.75448000
 316          967.61138000
 317          971.47760000
 318          975.35318000
 319          979.23814000
 320          983.13252000
 321          987.03634000
 322          990.94964000
 323          994.87244000
 324          998.80479000
 325         1002.74670000
 326         1006.69821000
 327         1010.65934000
 328         1014.63013000
 329         1018.61061000
 330         1022.60081000
 331         1026.60075000
 332         1030.61047000
 333         1034.63000000
 334         1038.65936000
 335         1042.69858000
 336         1046.74769000
 337         1050.80673000
 338         1054.87572000
 339         1058.95469000
 340         1063.04367000
 341         1067.14269000
 342         1071.25177000
 343         1075.37094000
 344         1079.50024000
 345         1083.63970000
 346         1087.78933000
 347         1091.94917000
 348         1096.11924000
 349         1100.29958000
 350         1104.49022000
 351         1108.69117000
 352         1112.90247000
 353         1117.12415000
 354         1121.35623000
 355         1125.59874000
 356         1129.85171000
 357         1134.11517000
 358         1138.38914000
 359         1142.67366000
 360         1146.96874000
 361         1151.27442000
 362         1155.59072000
 363         1159.91768000
 364         1164.25531000
 365         1168.60364000
 366         1172.96271000
 367         1177.33254000
 368         1181.71315000
 369         1186.10458000
 370         1190.50684000
 371         1194.91998000
 372         1199.34400000
 373         1203.77895000
 374         1208.22484000
 375         1212.68170000
 376         1217.14957000
 377         1221.62846000
 378         1226.11840000
 379         1230.61942000
 380         1235.13155000
 381         1239.65481000
 382         1244.18922000
 383         1248.73483000
 384         1253.29164000
 385         1257.85969000
 386         1262.43900000
 387         1267.02960000
 388         1271.63151000
 389         1276.24477000
 390         1280.86939000
 391         1285.50541000
 392         1290.15285000
 393         1294.81173000
 394         1299.48208000
 395         1304.16393000
 396         1308.85730000
 397         1313.56223000
 398         1318.27872000
 399         1323.00682000
 400         1327.74654000
 401         1332.49791000
 402         1337.26096000
 403         1342.03572000
 404         1346.82220000
 405         1351.62044000
 406         1356.43046000
 407         1361.25228000
 408         1366.08594000
 409         1370.93145000
 410         1375.78884000
 411         1380.65815000
 412         1385.53938000
 413         1390.43258000
 414         1395.33776000
 415         1400.25495000
 416         1405.18418000
 417         1410.12546000
 418         1415.07884000
 419         1420.04432000
 420         1425.02194000
 421         1430.01173000
 422         1435.01370000
 423         1440.02789000
 424         1445.05432000
 425         1450.09301000
 426         1455.14399000
 427         1460.20728000
 428         1465.28292000
 429         1470.37092000
 430         1475.47131000
 431         1480.58412000
 432         1485.70937000
 433         1490.84709000
 434         1495.99731000
 435         1501.16003000
 436         1506.33531000
 437         1511.52315000
 438         1516.72358000
 439         1521.93664000
 440         1527.16234000
 441         1532.40071000
 442         1537.65177000
 443         1542.91556000
 444         1548.19209000
 445         1553.48139000
 446         1558.78349000
 447         1564.09841000
 448         1569.42618000
 449         1574.76682000
 450         1580.12036000
 451         1585.48682000
 452         1590.86623000
 453         1596.25861000
 454         1601.66400000
 455         1607.08241000
 456         1612.51387000
 457         1617.95840000
 458         1623.41604000
 459         1628.88680000
 460         1634.37072000
 461         1639.86781000
 462         1645.37810000
 463         1650.90163000
 464         1656.43840000
 465         1661.98846000
 466         1667.55182000
 467         1673.12851000
 468         1678.71855000
 469         1684.32198000
 470         1689.93881000
 471         1695.56908000
 472         1701.21280000
 473         1706.87001000
 474         1712.54073000
 475         1718.22498000
 476         1723.92278000
 477         1729.63418000
 478         1735.35919000
 479         1741.09783000
 480         1746.85013000
 481         1752.61613000
 482         1758.39584000
 483         1764.18928000
 484         1769.99650000
 485         1775.81750000
 486         1781.65232000
 487         1787.50098000
 488         1793.36351000
 489         1799.23994000
 490         1805.13028000
 491         1811.03457000
 492         1816.95284000
 493         1822.88510000
 494         1828.83138000
 495         1834.79171000
 496         1840.76612000
 497         1846.75463000
 498         1852.75726000
 499         1858.77405000
 500         1864.80502000
 501         1870.85019000
 502         1876.90960000
 503         1882.98326000
 504         1889.07120000
 505         1895.17346000
 506         1901.29005000
 507         1907.42100000
 508         1913.56634000
 509         1919.72609000
 510         1925.90028000
 511         1932.08894000
 512         1938.29210000
 513         1944.50977000
 514         1950.74198000
 515         1956.98877000
 516         1963.25016000
 517         1969.52617000
 518         1975.81683000
 519         1982.12217000
 520         1988.44222000
 521         1994.77699000
 522         2001.12652000
 523         2007.49083000
 524         2013.86995000
 525         2020.26391000
 526         2026.67274000
 527         2033.09645000
 528         2039.53508000
 529         2045.98865000
 530         2052.45719000
 531         2058.94072000
 532         2065.43928000
 533         2071.95289000
 534         2078.48158000
 535         2085.02537000
 536         2091.58429000
 537         2098.15837000
 538         2104.74763000
 539         2111.35210000
 540         2117.97181000
 541         2124.60679000
 542         2131.25706000
 543         2137.92264000
 544         2144.60358000
 545         2151.29988000
 546         2158.01159000
 547         2164.73873000
 548         2171.48131000
 549         2178.23939000
 550         2185.01297000
 551         2191.80209000
 552         2198.60677000
 553         2205.42704000
 554         2212.26293000
 555         2219.11447000
 556         2225.98168000
 557         2232.86459000
 558         2239.76323000
 559         2246.67763000
 560         2253.60781000
 561         2260.55380000
 562         2267.51563000
 563         2274.49333000
 564         2281.48692000
 565         2288.49643000
 566         2295.52189000
 567         2302.56333000
 568         2309.62078000
 569         2316.69425000
 570         2323.78379000
 571         2330.88942000
 572         2338.01116000
 573         2345.14905000
 574         2352.30311000
 575         2359.47337000
 576         2366.65985000
 577         2373.86260000
 578         2381.08163000
 579         2388.31697000
 580         2395.56866000
 581         2402.83671000
 582         2410.12116000
 583         2417.42204000
 584         2424.73937000
 585         2432.07318000
 586         2439.42351000
 587         2446.79037000
 588         2454.17380000
 589         2461.57383000
 590         2468.99048000
 591         2476.42379000
 592         2483.87377000
 593         2491.34047000
 594         2498.82391000
 595         2506.32411000
 596         2513.84111000
 597         2521.37494000
 598         2528.92562000
 599         2536.49318000
 600         2544.07766000
 601         2551.67907000
 602         2559.29745000
 603         2566.93284000
 604         2574.58525000
 605         2582.25471000
 606         2589.94127000
 607         2597.64493000
 608         2605.36574000
 609         2613.10373000
 610         2620.85891000
 611         2628.63133000
 612         2636.42100000
 613         2644.22797000
 614         2652.05226000
 615         2659.89389000
 616         2667.75290000
 617         2675.62932000
 618         2683.52318000
 619         2691.43450000
 620         2699.36332000
 621         2707.30966000
 622         2715.27356000
 623         2723.25504000
 624         2731.25414000
 625         2739.27089000
 626         2747.30530000
 627         2755.35742000
 628         2763.42728000
 629         2771.51489000
 630         2779.62030000
 631         2787.74354000
 632         2795.88462000
 633         2804.04359000
 634         2812.22048000
 635         2820.41530000
 636         2828.62810000
 637         2836.85891000
 638         2845.10774000
 639         2853.37464000
 640         2861.65964000
 641         2869.96276000
 642         2878.28404000
 643         2886.62350000
 644         2894.98117000
 645         2903.35710000
 646         2911.75130000
 647         2920.16380000
 648         2928.59465000
 649         2937.04386000
 650         2945.51147000
 651         2953.99752000
 652         2962.50202000
 653         2971.02501000
 654         2979.56653000
 655         2988.12660000
 656         2996.70525000
 657         3005.30252000
 658         3013.91843000
 659         3022.55302000
 660         3031.20631000
 661         3039.87835000
 662         3048.56916000
 663         3057.27876000
 664         3066.00720000
 665         3074.75450000
 666         3083.52069000
 667         3092.30581000
 668         3101.10989000
 669         3109.93296000
 670         3118.77504000
 671         3127.63618000
 672         3136.51640000
 673         3145.41573000
 674         3154.33421000
 675         3163.27187000
 676         3172.22873000
 677         3181.20484000
 678         3190.20022000
 679         3199.21490000
 680         3208.24892000
 681         3217.30230000
 682         3226.37509000
 683         3235.46730000
 684         3244.57898000
 685         3253.71016000
 686         3262.86086000
 687         3272.03112000
 688         3281.22097000
 689         3290.43045000
 690         3299.65958000
 691         3308.90840000
 692         3318.17694000
 693         3327.46523000
 694         3336.77330000
 695         3346.10120000
 696         3355.44894000
 697         3364.81656000
 698         3374.20410000
 699         3383.61159000
 700         3393.03905000
 701         3402.48653000
 702         3411.95405000
 703         3421.44164000
 704         3430.94935000
 705         3440.47720000
 706         3450.02523000
 707         3459.59346000
 708         3469.18194000
 709         3478.79069000
 710         3488.41974000
 711         3498.06914000
 712         3507.73891000
 713         3517.42908000
 714         3527.13969000
 715         3536.87078000
 716         3546.62237000
 717         3556.39450000
 718         3566.18720000
 719         3576.00051000
 720         3585.83446000
 721         3595.68907000
 722         3605.56439000
 723         3615.46045000
 724         3625.37729000
 725         3635.31493000
 726         3645.27340000
 727         3655.25276000
 728         3665.25301000
 729         3675.27421000
 730         3685.31638000
 731         3695.37956000
 732         3705.46378000
 733         3715.56908000
 734         3725.69549000
 735         3735.84303000
 736         3746.01176000
 737         3756.20170000
 738         3766.41288000
 739         3776.64534000
 740         3786.89912000
 741         3797.17424000
 742         3807.47074000
 743         3817.78866000
 744         3828.12803000
 745         3838.48889000
 746         3848.87126000
 747         3859.27519000
 748         3869.70071000
 749         3880.14784000
 750         3890.61664000
 751         3901.10712000
 752         3911.61934000
 753         3922.15331000
 754         3932.70908000
 755         3943.28668000
 756         3953.88614000
 757         3964.50750000
 758         3975.15080000
 759         3985.81606000
 760         3996.50334000
 761         4007.21265000
 762         4017.94403000
 763         4028.69752000
 764         4039.47316000
 765         4050.27098000
 766         4061.09101000
 767         4071.93329000
 768         4082.79786000
 769         4093.68475000
 770         4104.59399000
 771         4115.52563000
 772         4126.47969000
 773         4137.45621000
 774         4148.45523000
 775         4159.47679000
 776         4170.52091000
 777         4181.58764000
 778         4192.67700000
 779         4203.78905000
 780         4214.92380000
 781         4226.08130000
 782         4237.26158000
 783         4248.46469000
 784         4259.69064000
 785         4270.93949000
 786         4282.21126000
 787         4293.50600000
 788         4304.82374000
 789         4316.16451000
 790         4327.52835000
 791         4338.91530000
 792         4350.32539000
 793         4361.75866000
 794         4373.21515000
 795         4384.69488000
 796         4396.19791000
 797         4407.72426000
 798         4419.27398000
 799         4430.84709000
 800         4442.44364000
 801         4454.06365000
 802         4465.70718000
 803         4477.37425000
 804         4489.06490000
 805         4500.77917000
 806         4512.51709000
 807         4524.27871000
 808         4536.06405000
 809         4547.87316000
 810         4559.70607000
 811         4571.56282000
 812         4583.44344000
 813         4595.34798000
 814         4607.27647000
 815         4619.22895000
 816         4631.20545000
 817         4643.20602000
 818         4655.23068000
 819         4667.27948000
 820         4679.35246000
 821         4691.44964000
 822         4703.57108000
 823         4715.71680000
 824         4727.88685000
 825         4740.08125000
 826         4752.30006000
 827         4764.54330000
 828         4776.81102000
 829         4789.10325000
 830         4801.42003000
 831         4813.76140000
 832         4826.12739000
 833         4838.51805000
 834         4850.93341000
 835         4863.37350000
 836         4875.83838000
 837         4888.32807000
 838         4900.84261000
 839         4913.38205000
 840         4925.94642000
 841         4938.53575000
 842         4951.15009000
 843         4963.78948000
 844         4976.45395000
 845         4989.14354000
 846         5001.85829000
 847         5014.59824000
 848         5027.36343000
 849         5040.15389000
 850         5052.96967000
 851         5065.81080000
 852         5078.67732000
 853         5091.56927000
 854         5104.48669000
 855         5117.42962000
 856         5130.39809000
 857         5143.39215000
 858         5156.41184000
 859         5169.45719000
 860         5182.52824000
 861         5195.62503000
 862         5208.74760000
 863         5221.89599000
 864         5235.07025000
 865         5248.27040000
 866         5261.49649000
 867         5274.74855000
 868         5288.02663000
 869         5301.33077000
 870         5314.66100000
 871         5328.01737000
 872         5341.39991000
 873         5354.80866000
 874         5368.24367000
 875         5381.70497000
 876         5395.19260000
 877         5408.70661000
 878         5422.24702000
 879         5435.81389000
 880         5449.40725000
 881         5463.02714000
 882         5476.67361000
 883         5490.34668000
 884         5504.04641000
 885         5517.77283000
 886         5531.52598000
 887         5545.30590000
 888         5559.11263000
 889         5572.94622000
 890         5586.80670000
 891         5600.69411000
 892         5614.60849000
 893         5628.54989000
 894         5642.51834000
 895         5656.51389000
 896         5670.53657000
 897         5684.58643000
 898         5698.66350000
 899         5712.76783000
 900         5726.89946000
 901         5741.05843000
 902         5755.24477000
 903         5769.45854000
 904         5783.69977000
 905         5797.96849000
 906         5812.26476000
 907         5826.58862000
 908         5840.94010000
 909         5855.31924000
 910         5869.72609000
 911         5884.16069000
 912         5898.62308000
 913         5913.11330000
 914         5927.63139000
 915         5942.17739000
 916         5956.75135000
 917         5971.35331000
 918         5985.98330000
 919         6000.64137000
 920         6015.32756000
 921         6030.04191000
 922         6044.78447000
 923         6059.55527000
 924         6074.35436000
 925         6089.18177000
 926         6104.03756000
 927         6118.92176000
 928         6133.83441000
 929         6148.77556000
 930         6163.74525000
 931         6178.74352000
 932         6193.77041000
 933         6208.82596000
 934         6223.91022000
 935         6239.02323000
 936         6254.16503000
 937         6269.33566000
 938         6284.53517000
 939         6299.76360000
 940         6315.02099000
 941         6330.30737000
 942         6345.62281000
 943         6360.96733000
 944         6376.34098000
 945         6391.74380000
 946         6407.17584000
 947         6422.63714000
 948         6438.12774000
 949         6453.64768000
 950         6469.19701000
 951         6484.77576000
 952         6500.38399000
 953         6516.02174000
 954         6531.68904000
 955         6547.38594000
 956         6563.11249000
 957         6578.86872000
 958         6594.65469000
 959         6610.47043000
 960         6626.31599000
 961         6642.19140000
 962         6658.09672000
 963         6674.03199000
 964         6689.99724000
 965         6705.99254000
 966         6722.01790000
 967         6738.07339000
 968         6754.15905000
 969         6770.27491000
 970         6786.42102000
 971         6802.59743000
 972         6818.80418000
 973         6835.04131000
 974         6851.30887000
 975         6867.60690000
 976         6883.93545000
 977         6900.29455000
 978         6916.68426000
 979         6933.10461000
 980         6949.55566000
 981         6966.03744000
 982         6982.55000000
 983         6999.09338000
 984         7015.66763000
 985         7032.27280000
 986         7048.90892000
 987         7065.57604000
 988         7082.27421000
 989         7099.00346000
 990         7115.76386000
 991         7132.55543000
 992         7149.37822000
 993         7166.23229000
 994         7183.11767000
 995         7200.03440000
 996         7216.98254000
 997         7233.96213000
 998         7250.97321000
 999         7268.01583000
1000         7285.09003000
1001         7302.47390000
1002         7320.16779000
1003         7337.89712000
1004         7355.65855000
1005         7373.45417000
1006         7391.28266000
1007         7409.14475000
1008         7427.04185000
1009         7444.97127000
1010         7462.93444000
1011         7480.93139000
1012         7498.96354000
1013         7517.02820000
1014         7535.12748000
1015         7553.26004000
1016         7571.42731000
1017         7589.62934000
1018         7607.86410000
1019         7626.13442000
1020         7644.43756000
1021         7662.77565000
1022         7681.14665000
1023         7699.55479000
1024         7717.99524000
1025         7736.47154000
1026         7754.98023000
1027         7773.52627000
1028         7792.10480000
1029         7810.71867000
1030         7829.36793000
1031         7848.04981000
1032         7866.76858000
1033         7885.52149000
1034         7904.30998000
1035         7923.13126000
1036         7941.98966000
1037         7960.88307000
1038         7979.81085000
1039         7998.77374000
1040         8017.77109000
1041         8036.80509000
1042         8055.87363000
1043         8074.97820000
1044         8094.11742000
1045         8113.29204000
1046         8132.50213000
1047         8151.74772000
1048         8171.02814000
1049         8190.34633000
1050         8209.70018000
1051         8229.08684000
1052         8248.51142000
1053         8267.97180000
1054         8287.46730000
1055         8306.99797000
1056         8326.56604000
1057         8346.17084000
1058         8365.81023000
1059         8385.48497000
1060         8405.19732000
1061         8424.94661000
1062         8444.73066000
1063         8464.55174000
1064         8484.40769000
1065         8504.30150000
1066         8524.23249000
1067         8544.19849000
1068         8564.20103000
1069         8584.24164000
1070         8604.31665000
1071         8624.43134000
1072         8644.57903000
1073         8664.76650000
1074         8684.99080000
1075         8705.25125000
1076         8725.54713000
1077         8745.88225000
1078         8766.25215000
1079         8786.66215000
1080         8807.10552000
1081         8827.58985000
1082         8848.10914000
1083         8868.66800000
1084         8889.26041000
1085         8909.89400000
1086         8930.56275000
1087         8951.26975000
1088         8972.01505000
1089         8992.79642000
1090         9013.61619000
1091         9034.47443000
1092         9055.36887000
1093         9076.30187000
1094         9097.27271000
1095         9118.28222000
1096         9139.32814000
1097         9160.41437000
1098         9181.53710000
1099         9202.69793000
1100         9223.89769000
1101         9245.13409000
1102         9266.40953000
1103         9287.72482000
1104         9309.07692000
1105         9330.46664000
1106         9351.89559000
1107         9373.36384000
1108         9394.87144000
1109         9416.41372000
1110         9437.99781000
1111         9459.62061000
1112         9481.28298000
1113         9502.98100000
1114         9524.72105000
1115         9546.49924000
1116         9568.31561000
1117         9590.16941000
1118         9612.06547000
1119         9633.99987000
1120         9655.97345000
1121         9677.98547000
1122         9700.03677000
1123         9722.12901000
1124         9744.25985000
1125         9766.42771000
1126         9788.63829000
1127         9810.88761000
1128         9833.17734000
1129         9855.50511000
1130         9877.87420000
1131         9900.27981000
1132         9922.72847000
1133         9945.21537000
1134         9967.74382000
1135         9990.31060000
1136        10012.91741000
1137        10035.56592000
1138        10058.25292000
1139        10080.98174000
1140        10103.74834000
1141        10126.55851000
1142        10149.40655000
1143        10172.29498000
1144        10195.22716000
1145        10218.19653000
1146        10241.20563000
1147        10264.25782000
1148        10287.34983000
1149        10310.48256000
1150        10333.65606000
1151        10356.87121000
1152        10380.12723000
1153        10403.42335000
1154        10426.75794000
1155        10450.13774000
1156        10473.55696000
1157        10497.01900000
1158        10520.51803000
1159        10544.06168000
1160        10567.64747000
1161        10591.27378000
1162        10614.93897000
1163        10638.64816000
1164        10662.39887000
1165        10686.18945000
1166        10710.02337000
1167        10733.89897000
1168        10757.81630000
1169        10781.77372000
1170        10805.77299000
1171        10829.81586000
1172        10853.90069000
1173        10878.02925000
1174        10902.19558000
1175        10926.40574000
1176        10950.65894000
1177        10974.95437000
1178        10999.29295000
1179        11023.67214000
1180        11048.09285000
1181        11072.55948000
1182        11097.06514000
1183        11121.61510000
1184        11146.20593000
1185        11170.84116000
1186        11195.51913000
1187        11220.23987000
1188        11245.00345000
1189        11269.80992000
1190        11294.65933000
1191        11319.55087000
1192        11344.48634000
1193        11369.46492000
1194        11394.48667000
1195        11419.55076000
1196        11444.65990000
1197        11469.81238000
1198        11495.00647000
1199        11520.24490000
1200        11545.52593000
1201        11570.85231000
1202        11596.22141000
1203        11621.63150000
1204        11647.09068000
1205        11672.59007000
1206        11698.13508000
1207        11723.72220000
1208        11749.35416000
1209        11775.03104000
1210        11800.75108000
1211        11826.51523000
1212        11852.32357000
1213        11878.17613000
1214        11904.07299000
1215        11930.01510000
1216        11955.99980000
1217        11982.03078000
1218        12008.10536000
1219        12034.22818000
1220        12060.38739000
1221        12086.59678000
1222        12112.85367000
1223        12139.14986000
1224        12165.49274000
1225        12191.88054000
1226        12218.31515000
1227        12244.79295000
1228        12271.31583000
1229        12297.88387000
1230        12324.49803000
1231        12351.15745000
1232        12377.85940000
1233        12404.61044000
1234        12431.40506000
1235        12458.24703000
1236        12485.13268000
1237        12512.06394000
1238        12539.04086000
1239        12566.06631000
1240        12593.13473000
1241        12620.24899000
1242        12647.41008000
1243        12674.61618000
1244        12701.87018000
1245        12729.16837000
1246        12756.51267000
1247        12783.90506000
1248        12811.34370000
1249        12838.82579000
1250        12866.35613000
1251        12893.93386000
1252        12921.55806000
1253        12949.22498000
1254        12976.94039000
1255        13004.70534000
1256        13032.51413000
1257        13060.36872000
1258        13088.27206000
1259        13116.22422000
1260        13144.22043000
1261        13172.26365000
1262        13200.35683000
1263        13228.49424000
1264        13256.67980000
1265        13284.91162000
1266        13313.19269000
1267        13341.52113000
1268        13369.89699000
1269        13398.31837000
1270        13426.78925000
1271        13455.30773000
1272        13483.87191000
1273        13512.48576000
1274        13541.14543000
1275        13569.85687000
1276        13598.61227000
1277        13627.41661000
1278        13656.26797000
1279        13685.17038000
1280        13714.11993000
1281        13743.11570000
1282        13772.16071000
1283        13801.25304000
1284        13830.39673000
1285        13859.58787000
1286        13888.82550000
1287        13918.11369000
1288        13947.45049000
1289        13976.83597000
1290        14006.26818000
1291        14035.75120000
1292        14065.28105000
1293        14094.86487000
1294        14124.49162000
1295        14154.17043000
1296        14183.89834000
1297        14213.67643000
1298        14243.50070000
1299        14273.37526000
1300        14303.29814000
1301        14333.27655000
1302        14363.29728000
1303        14393.36958000
1304        14423.49453000
1305        14453.66709000
1306        14483.88730000
1307        14514.15934000
1308        14544.48224000
1309        14574.85504000
1310        14605.27263000
1311        14635.74436000
1312        14666.26824000
1313        14696.84227000
1314        14727.46235000
1315        14758.13373000
1316        14788.85751000
1317        14819.63168000
1318        14850.45421000
1319        14881.32830000
1320        14912.25400000
1321        14943.22720000
1322        14974.25633000
1323        15005.32887000
1324        15036.45854000
1325        15067.63698000
1326        15098.86742000
1327        15130.14676000
1328        15161.48033000
1329        15192.86187000
1330        15224.29459000
1331        15255.77963000
1332        15287.31812000
1333        15318.90585000
1334        15350.54504000
1335        15382.23572000
1336        15413.97584000
1337        15445.77400000
1338        15477.61958000
1339        15509.51799000
1340        15541.46500000
1341        15573.46711000
1342        15605.52225000
1343        15637.62509000
1344        15669.78431000
1345        15701.99243000
1346        15734.25707000
1347        15766.56964000
1348        15798.93671000
1349        15831.35616000
1350        15863.82807000
1351        15896.34923000
1352        15928.92623000
1353        15961.55588000
1354        15994.23823000
1355        16026.97554000
1356        16059.76131000
1357        16092.59996000
1358        16125.49598000
1359        16158.44062000
1360        16191.44165000
1361        16224.49363000
1362        16257.60104000
1363        16290.76173000
1364        16323.97133000
1365        16357.23767000
1366        16390.55748000
1367        16423.93194000
1368        16457.35778000
1369        16490.83728000
1370        16524.37274000
1371        16557.95976000
1372        16591.60065000
1373        16625.29994000
1374        16659.04873000
1375        16692.85383000
1376        16726.70854000
1377        16760.62307000
1378        16794.58959000
1379        16828.61042000
1380        16862.68337000
1381        16896.81529000
1382        16930.99945000
1383        16965.23932000
1384        16999.53156000
1385        17033.87850000
1386        17068.28248000
1387        17102.74359000
1388        17137.25274000
1389        17171.82028000
1390        17206.44629000
1391        17241.12167000
1392        17275.85565000
1393        17310.64486000
1394        17345.48821000
1395        17380.38461000
1396        17415.34104000
1397        17450.34835000
1398        17485.41584000
1399        17520.53664000
1400        17555.71660000
1401        17590.94768000
1402        17626.23457000
1403        17661.58084000
1404        17696.98074000
1405        17732.43782000
1406        17767.95215000
1407        17803.51796000
1408        17839.14466000
1409        17874.82531000
1410        17910.56348000
1411        17946.35808000
1412        17982.20679000
1413        18018.11442000
1414        18054.07866000
1415        18090.10195000
1416        18126.17726000
1417        18162.30939000
1418        18198.50195000
1419        18234.75148000
1420        18271.05683000
1421        18307.41688000
1422        18343.83409000
1423        18380.31209000
1424        18416.84858000
1425        18453.44124000
1426        18490.08651000
1427        18526.79408000
1428        18563.56041000
1429        18600.38196000
1430        18637.25637000
1431        18674.19337000
1432        18711.18940000
1433        18748.24454000
1434        18785.35158000
1435        18822.52150000
1436        18859.74953000
1437        18897.03450000
1438        18934.37649000
1439        18971.77678000
1440        19009.23910000
1441        19046.75742000
1442        19084.33424000
1443        19121.96964000
1444        19159.66613000
1445        19197.41888000
1446        19235.22549000
1447        19273.09833000
1448        19311.02885000
1449        19349.01960000
1450        19387.06322000
1451        19425.17091000
1452        19463.33903000
1453        19501.56642000
1454        19539.84940000
1455        19578.19178000
1456        19616.59737000
1457        19655.06124000
1458        19693.58097000
1459        19732.16412000
1460        19770.80827000
1461        19809.51098000
1462        19848.27231000
1463        19887.09234000
1464        19925.97616000
1465        19964.91881000
1466        20003.92036000
1467        20042.98086000
1468        20082.10420000
1469        20121.28663000
1470        20160.53204000
1471        20199.83541000
1472        20239.19936000
1473        20278.62650000
1474        20318.11436000
1475        20357.65661000
1476        20397.26611000
1477        20436.93654000
1478        20476.66669000
1479        20516.45661000
1480        20556.31025000
1481        20596.22251000
1482        20636.19605000
1483        20676.23352000
1484        20716.32982000
1485        20756.48760000
1486        20796.70824000
1487        20836.98791000
1488        20877.33706000
1489        20917.74020000
1490        20958.20907000
1491        20998.73725000
1492        21039.33002000
1493        21079.98224000
1494        21120.69919000
1495        21161.47309000
1496        21202.31450000
1497        21243.22088000
1498        21284.18441000
1499        21325.21305000
1500        21366.29897000
1501        21407.45278000
1502        21448.67325000
1503        21489.95121000
1504        21531.28802000
1505        21572.69304000
1506        21614.15970000
1507        21655.68942000
1508        21697.28360000
1509        21738.94096000
1510        21780.66160000
1511        21822.44290000
1512        21864.28626000
1513        21906.20115000
1514        21948.17288000
1515        21990.20958000
1516        22032.31132000
1517        22074.47683000
1518        22116.70484000
1519        22158.99811000
1520        22201.35536000
1521        22243.77668000
1522        22286.25941000
1523        22328.81178000
1524        22371.42027000
1525        22414.09854000
1526        22456.84123000
1527        22499.64842000
1528        22542.51881000
1529        22585.45520000
1530        22628.45631000
1531        22671.52220000
1532        22714.65432000
1533        22757.84863000
1534        22801.10794000
1535        22844.43508000
1536        22887.82462000
1537        22931.28075000
1538        22974.80219000
1539        23018.38622000
1540        23062.04123000
1541        23105.75622000
1542        23149.53957000
1543        23193.38858000
1544        23237.30612000
1545        23281.28110000
1546        23325.33453000
1547        23369.44274000
1548        23413.62118000
1549        23457.86572000
1550        23502.17644000
1551        23546.55341000
1552        23590.99953000
1553        23635.50642000
1554        23680.07977000
1555        23724.72532000
1556        23769.43750000
1557        23814.21355000
1558        23859.05354000
1559        23903.96320000
1560        23948.94548000
1561        23993.98622000
1562        24039.09402000
1563        24084.27467000
1564        24129.52255000
1565        24174.83200000
1566        24220.21455000
1567        24265.65880000
1568        24311.17632000
1569        24356.75568000
1570        24402.40846000
1571        24448.12899000
1572        24493.91157000
1573        24539.77070000
1574        24585.68625000
1575        24631.68430000
1576        24677.73600000
1577        24723.86749000
1578        24770.05854000
1579        24816.32375000
1580        24862.65156000
1581        24909.05369000
1582        24955.52147000
1583        25002.05791000
1584        25048.66599000
1585        25095.33995000
1586        25142.08278000
1587        25188.89456000
1588        25235.78125000
1589        25282.73116000
1590        25329.75025000
1591        25376.83860000
1592        25423.99627000
1593        25471.22631000
1594        25518.51991000
1595        25565.88900000
1596        25613.32772000
1597        25660.83617000
1598        25708.40547000
1599        25756.05655000
1600        25803.77461000
1601        25851.55969000
1602        25899.40888000
1603        25947.34322000
1604        25995.34482000
1605        26043.40774000
1606        26091.54708000
1607        26139.75388000
1608        26188.03728000
1609        26236.38226000
1610        26284.80701000
1611        26333.29348000
1612        26381.85687000
1613        26430.48817000
1614        26479.19657000
1615        26527.96695000
1616        26576.81458000
1617        26625.73653000
1618        26674.72370000
1619        26723.78534000
1620        26772.91235000
1621        26822.12010000
1622        26871.39337000
1623        26920.73836000
1624        26970.16129000
1625        27019.64686000
1626        27069.21672000
1627        27118.84318000
1628        27168.55410000
1629        27218.33413000
1630        27268.18023000
1631        27318.10486000
1632        27368.09881000
1633        27418.17148000
1634        27468.31363000
1635        27518.52531000
1636        27568.81598000
1637        27619.17634000
1638        27669.60960000
1639        27720.11271000
1640        27770.68886000
1641        27821.34127000
1642        27872.07004000
1643        27922.86896000
1644        27973.73810000
1645        28024.68068000
1646        28075.70310000
1647        28126.79597000
1648        28177.95935000
1649        28229.19967000
1650        28280.51701000
1651        28331.90509000
1652        28383.36082000
1653        28434.90017000
1654        28486.51050000
1655        28538.19508000
1656        28589.95397000
1657        28641.78406000
1658        28693.69184000
1659        28745.67738000
1660        28797.72793000
1661        28849.86283000
1662        28902.07254000
1663        28954.34747000
1664        29006.70703000
1665        29059.13840000
1666        29111.65137000
1667        29164.22659000
1668        29216.88356000
1669        29269.61914000
1670        29322.42367000
1671        29375.30697000
1672        29428.26913000
1673        29481.30372000
1674        29534.41080000
1675        29587.60353000
1676        29640.86566000
1677        29694.20051000
1678        29747.61472000
1679        29801.10839000
1680        29854.67831000
1681        29908.31469000
1682        29962.03735000
1683        30015.83652000
1684        30069.70896000
1685        30123.65143000
1686        30177.68057000
1687        30231.78985000
1688        30285.96939000
1689        30340.21927000
1690        30394.55618000
1691        30448.97357000
1692        30503.46153000
1693        30558.02010000
1694        30612.66609000
1695        30667.38956000
1696        30722.18723000
1697        30777.06589000
1698        30832.01891000
1699        30887.04636000
1700        30942.15842000
1701        30997.34508000
1702        31052.61316000
1703        31107.95261000
1704        31163.38041000
1705        31218.87974000
1706        31274.46084000
1707        31330.11700000
1708        31385.84829000
1709        31441.66502000
1710        31497.55704000
1711        31553.53126000
1712        31609.58777000
1713        31665.71983000
1714        31721.91722000
1715        31778.21086000
1716        31834.58027000
1717        31891.02898000
1718        31947.55018000
1719        32004.15771000
1720        32060.84132000
1721        32117.61147000
1722        32174.45440000
1723        32231.37712000
1724        32288.38317000
1725        32345.46918000
1726        32402.62480000
1727        32459.87444000
1728        32517.19732000
1729        32574.60746000
1730        32632.08751000
1731        32689.65849000
1732        32747.30302000
1733        32805.03517000
1734        32862.83401000
1735        32920.72767000
1736        32978.69518000
1737        33036.74716000
1738        33094.88019000
1739        33153.08729000
1740        33211.38619000
1741        33269.76286000
1742        33328.22092000
1743        33386.74980000
1744        33445.37441000
1745        33504.08067000
1746        33562.85797000
1747        33621.72420000
1748        33680.67232000
1749        33739.70598000
1750        33798.81456000
1751        33858.00886000
1752        33917.28538000
1753        33976.64782000
1754        34036.08188000
1755        34095.60560000
1756        34155.21190000
1757        34214.89724000
1758        34274.67254000
1759        34334.52344000
1760        34394.46449000
1761        34454.48129000
1762        34514.58480000
1763        34574.77148000
1764        34635.04141000
1765        34695.39104000
1766        34755.83137000
1767        34816.34793000
1768        34876.95173000
1769        34937.64287000
1770        34998.41413000
1771        35059.26557000
1772        35120.20462000
1773        35181.23137000
1774        35242.33489000
1775        35303.51891000
1776        35364.79827000
1777        35426.15831000
1778        35487.60651000
1779        35549.12816000
1780        35610.74554000
1781        35672.44394000
1782        35734.23086000
1783        35796.09525000
1784        35858.04832000
1785        35920.09019000
1786        35982.20976000
1787        36044.42203000
1788        36106.71215000
1789        36169.09891000
1790        36231.55995000
1791        36294.11406000
1792        36356.74635000
1793        36419.46815000
1794        36482.27581000
1795        36545.17317000
1796        36608.14901000
1797        36671.21851000
1798        36734.37423000
1799        36797.61624000
1800        36860.94084000
1801        36924.34810000
1802        36987.84571000
1803        37051.43376000
1804        37115.10093000
1805        37178.86253000
1806        37242.71104000
1807        37306.64655000
1808        37370.65766000
1809        37434.76359000
1810        37498.96061000
1811        37563.24498000
1812        37627.60910000
1813        37692.06843000
1814        37756.61152000
1815        37821.24231000
1816        37885.95702000
1817        37950.77120000
1818        38015.66561000
1819        38080.65196000
1820        38145.72645000
1821        38210.88529000
1822        38276.13246000
1823        38341.47192000
1824        38406.89989000
1825        38472.40865000
1826        38538.00997000
1827        38603.70398000
1828        38669.48293000
1829        38735.35474000
1830        38801.30774000
1831        38867.36558000
1832        38933.50478000
1833        38999.72541000
1834        39066.03937000
1835        39132.44676000
1836        39198.93977000
1837        39265.51847000
1838        39332.19485000
1839        39398.96504000
1840        39465.82120000
1841        39532.75944000
1842        39599.79574000
1843        39666.92225000
1844        39734.13507000
1845        39801.43826000
1846        39868.83992000
1847        39936.32415000
1848        40003.90304000
1849        40071.56867000
1850        40139.32915000
1851        40207.18056000
1852        40275.11896000
1853        40343.14846000
1854        40411.27320000
1855        40479.48923000
1856        40547.80069000
1857        40616.19553000
1858        40684.68598000
1859        40753.25998000
1860        40821.93383000
1861        40890.70359000
1862        40959.55714000
1863        41028.50679000
1864        41097.54855000
1865        41166.68251000
1866        41235.90059000
1867        41305.21923000
1868        41374.63855000
1869        41444.13815000
1870        41513.72628000
1871        41583.41950000
1872        41653.20146000
1873        41723.07223000
1874        41793.04015000
1875        41863.10119000
1876        41933.25545000
1877        42003.49886000
1878        42073.83567000
1879        42144.27842000
1880        42214.80230000
1881        42285.42817000
1882        42356.13531000
1883        42426.94881000
1884        42497.85210000
1885        42568.84943000
1886        42639.93671000
1887        42711.12660000
1888        42782.40242000
1889        42853.78106000
1890        42925.25000000
1891        42996.81355000
1892        43068.46758000
1893        43140.22483000
1894        43212.07697000
1895        43284.01140000
1896        43356.04935000
1897        43428.18669000
1898        43500.41931000
1899        43572.73453000
1900        43645.15793000
1901        43717.67262000
1902        43790.28293000
1903        43862.98470000
1904        43935.79082000
1905        44008.68858000
1906        44081.68234000
1907        44154.77220000
1908        44227.95825000
1909        44301.24058000
1910        44374.61929000
1911        44448.09878000
1912        44521.67053000
1913        44595.33894000
1914        44669.10843000
1915        44742.96180000
1916        44816.92508000
1917        44890.98541000
1918        44965.14723000
1919        45039.38890000
1920        45113.74528000
1921        45188.18168000
1922        45262.73300000
1923        45337.37322000
1924        45412.10677000
1925        45486.94686000
1926        45561.88484000
1927        45636.91205000
1928        45712.04172000
1929        45787.27835000
1930        45862.60448000
1931        45938.02896000
1932        46013.54309000
1933        46089.17783000
1934        46164.89799000
1935        46240.72132000
1936        46316.63908000
1937        46392.65577000
1938        46468.77149000
1939        46544.99524000
1940        46621.30488000
1941        46697.71828000
1942        46774.23110000
1943        46850.85236000
1944        46927.55984000
1945        47004.37597000
1946        47081.29191000
1947        47158.30326000
1948        47235.41461000
1949        47312.63504000
1950        47389.94218000
1951        47467.35859000
1952        47544.87991000
1953        47622.49269000
1954        47700.20604000
1955        47778.02911000
1956        47855.93937000
1957        47933.95049000
1958        48012.07617000
1959        48090.29838000
1960        48168.61266000
1961        48247.04184000
1962        48325.56326000
1963        48404.19069000
1964        48482.91968000
1965        48561.74573000
1966        48640.67810000
1967        48719.71690000
1968        48798.84847000
1969        48878.07747000
1970        48957.42238000
1971        49036.86954000
1972        49116.41443000
1973        49196.05712000
1974        49275.80233000
1975        49355.65478000
1976        49435.60532000
1977        49515.65867000
1978        49595.82885000
1979        49676.08347000
1980        49756.45515000
1981        49836.92073000
1982        49917.49427000
1983        49998.17123000
1984        50078.95168000
1985        50159.82639000
1986        50240.82351000
1987        50321.91038000
1988        50403.10584000
1989        50484.40060000
1990        50565.80415000
1991        50647.31189000
1992        50728.92865000
1993        50810.63092000
1994        50892.46129000
1995        50974.38207000
1996        51056.42174000
1997        51138.54726000
1998        51220.78239000
1999        51303.13201000
2000        51385.57720000
2001        51468.14186000
2002        51550.79753000
2003        51633.55856000
2004        51716.43463000
2005        51799.40673000
2006        51882.49407000
2007        51965.68721000
2008        52048.98145000
2009        52132.38167000
2010        52215.88316000
2011        52299.49082000
2012        52383.20958000
2013        52467.04437000
2014        52550.97117000
2015        52635.00455000
2016        52719.15428000
2017        52803.40595000
2018        52887.75966000
2019        52972.22520000
2020        53056.81242000
2021        53141.48738000
2022        53226.26961000
2023        53311.15922000
2024        53396.17096000
2025        53481.28053000
2026        53566.49289000
2027        53651.82283000
2028        53737.25577000
2029        53822.80161000
2030        53908.44572000
2031        53994.21278000
2032        54080.07337000
2033        54166.04729000
2034        54252.12970000
2035        54338.32565000
2036        54424.63031000
2037        54511.03388000
2038        54597.56122000
2039        54684.18268000
2040        54770.91822000
2041        54857.75798000
2042        54944.72698000
2043        55031.78546000
2044        55118.96344000
2045        55206.24604000
2046        55293.64837000
2047        55381.13549000
2048        55468.75256000
2049        55556.47967000
2050        55644.31691000
2051        55732.25433000
2052        55820.30207000
2053        55908.48040000
2054        55996.75415000
2055        56085.13349000
2056        56173.63368000
2057        56262.24978000
2058        56350.96165000
2059        56439.79470000
2060        56528.72875000
2061        56617.78930000
2062        56706.95105000
2063        56796.22426000
2064        56885.60904000
2065        56975.12080000
2066        57064.72392000
2067        57154.44401000
2068        57244.28121000
2069        57334.22536000
2070        57424.28684000
2071        57514.45547000
2072        57604.73649000
2073        57695.13515000
2074        57785.65159000
2075        57876.27558000
2076        57966.99688000
2077        58057.85177000
2078        58148.81969000
2079        58239.88519000
2080        58331.07429000
2081        58422.37672000
2082        58513.79259000
2083        58605.31159000
2084        58696.94942000
2085        58788.71145000
2086        58880.58211000
2087        58972.56150000
2088        59064.66542000
2089        59156.86779000
2090        59249.20017000
2091        59341.64168000
2092        59434.18715000
2093        59526.86299000
2094        59619.64826000
2095        59712.54833000
2096        59805.55274000
2097        59898.68801000
2098        59991.92781000
2099        60085.29872000
2100        60178.75844000
2101        60272.35481000
2102        60366.05609000
2103        60459.88365000
2104        60553.81630000
2105        60647.87013000
2106        60742.03992000
2107        60836.32577000
2108        60930.73315000
2109        61025.24073000
2110        61119.87540000
2111        61214.63193000
2112        61309.49968000
2113        61404.47875000
2114        61499.58000000
2115        61594.79816000
2116        61690.13333000
2117        61785.58023000
2118        61881.15516000
2119        61976.84202000
2120        62072.64633000
2121        62168.56275000
2122        62264.60769000
2123        62360.75952000
2124        62457.04009000
2125        62553.42776000
2126        62649.94440000
2127        62746.57378000
2128        62843.31599000
2129        62940.17659000
2130        63037.17213000
2131        63134.26985000
2132        63231.49726000
2133        63328.83252000
2134        63426.29221000
2135        63523.87646000
2136        63621.57987000
2137        63719.39703000
2138        63817.32803000
2139        63915.38403000
2140        64013.57069000
2141        64111.86042000
2142        64210.27550000
2143        64308.80492000
2144        64407.47104000
2145        64506.24616000
2146        64605.13036000
2147        64704.15720000
2148        64803.29892000
2149        64902.55003000
2150        65001.92738000
2151        65101.42550000
2152        65201.05572000
2153        65300.79572000
2154        65400.64558000
2155        65500.63912000
2156        65600.73710000
2157        65700.97905000
2158        65801.31433000
2159        65901.78819000
2160        66002.37815000
2161        66103.09563000
2162        66203.92374000
2163        66304.88527000
2164        66405.96900000
2165        66507.16935000
2166        66608.49209000
2167        66709.93165000
2168        66811.51093000
2169        66913.20726000
2170        67015.01500000
2171        67116.95713000
2172        67219.02232000
2173        67321.20496000
2174        67423.50514000
2175        67525.94593000
2176        67628.49874000
2177        67731.18668000
2178        67833.98106000
2179        67936.90503000
2180        68039.96449000
2181        68143.13645000
2182        68246.43257000
2183        68349.85875000
2184        68453.40933000
2185        68557.07859000
2186        68660.87827000
2187        68764.80267000
2188        68868.84608000
2189        68973.00858000
2190        69077.31947000
2191        69181.73216000
2192        69286.28181000
2193        69390.95098000
2194        69495.75150000
2195        69600.67176000
2196        69705.72948000
2197        69810.89539000
2198        69916.20489000
2199        70021.62865000
2200        70127.17857000
2201        70232.86657000
2202        70338.68096000
2203        70444.58634000
2204        70550.65975000
2205        70656.84805000
2206        70763.16317000
2207        70869.59335000
2208        70976.16841000
2209        71082.87065000
2210        71189.69421000
2211        71296.62726000
2212        71403.71766000
2213        71510.91774000
2214        71618.25752000
2215        71725.70716000
2216        71833.29674000
2217        71941.01437000
2218        72048.85417000
2219        72156.84031000
2220        72264.93679000
2221        72373.16177000
2222        72481.52744000
2223        72590.00977000
2224        72698.62700000
2225        72807.37318000
2226        72916.24238000
2227        73025.25290000
2228        73134.38666000
2229        73243.64983000
2230        73353.03644000
2231        73462.56487000
2232        73572.21086000
2233        73681.99282000
2234        73791.90476000
2235        73901.95904000
2236        74012.11904000
2237        74122.42161000
2238        74232.85461000
2239        74343.42430000
2240        74454.11237000
2241        74564.94352000
2242        74675.89324000
2243        74786.98630000
2244        74898.18577000
2245        75009.55354000
2246        75121.02794000
2247        75232.64618000
2248        75344.38359000
2249        75456.25890000
2250        75568.26600000
2251        75680.41125000
2252        75792.67608000
2253        75905.08552000
2254        76017.61475000
2255        76130.30134000
2256        76243.10168000
2257        76356.02211000
2258        76469.09404000
2259        76582.29881000
2260        76695.63027000
2261        76809.08221000
2262        76922.68619000
2263        77036.42348000
2264        77150.28788000
2265        77264.27949000
2266        77378.41737000
2267        77492.69535000
2268        77607.08822000
2269        77721.61507000
2270        77836.28869000
2271        77951.10291000
2272        78066.02604000
2273        78181.10269000
2274        78296.30755000
2275        78411.65985000
2276        78527.13419000
2277        78642.73066000
2278        78758.48133000
2279        78874.36716000
2280        78990.39468000
2281        79106.52550000
2282        79222.82390000
2283        79339.25151000
2284        79455.81486000
2285        79572.50117000
2286        79689.33633000
2287        79806.30111000
2288        79923.41503000
2289        80040.65880000
2290        80158.01309000
2291        80275.52983000
2292        80393.18324000
2293        80510.98644000
2294        80628.90055000
2295        80746.95165000
2296        80865.15942000
2297        80983.49141000
2298        81101.96077000
2299        81220.56760000
2300        81339.31857000
2301        81458.21382000
2302        81577.22725000
2303        81696.39175000
2304        81815.69433000
2305        81935.12852000
2306        82054.70101000
2307        82174.42511000
2308        82294.28118000
2309        82414.26269000
2310        82534.38958000
2311        82654.66198000
2312        82775.08003000
2313        82895.62396000
2314        83016.31379000
2315        83137.13633000
2316        83258.09836000
2317        83379.21332000
2318        83500.45468000
2319        83621.84255000
2320        83743.36371000
2321        83865.02495000
2322        83986.83977000
2323        84108.78822000
2324        84230.88383000
2325        84353.10658000
2326        84475.47673000
2327        84597.97421000
2328        84720.63280000
2329        84843.43244000
2330        84966.35300000
2331        85089.42832000
2332        85212.64504000
2333        85336.00328000
2334        85459.50993000
2335        85583.13121000
2336        85706.92149000
2337        85830.85378000
2338        85954.92139000
2339        86079.11761000
2340        86203.46979000
2341        86327.96445000
2342        86452.61537000
2343        86577.38166000
2344        86702.29761000
2345        86827.37021000
2346        86952.57904000
2347        87077.93105000
2348        87203.42639000
2349        87329.05139000
2350        87454.84059000
2351        87580.75968000
2352        87706.82946000
2353        87833.05698000
2354        87959.42164000
2355        88085.91663000
2356        88212.54895000
2357        88339.35340000
2358        88466.28850000
2359        88593.35434000
2360        88720.59276000
2361        88847.96215000
2362        88975.49050000
2363        89103.13607000
2364        89230.94084000
2365        89358.89098000
2366        89487.00062000
2367        89615.24187000
2368        89743.61483000
2369        89872.15468000
2370        90000.82647000
2371        90129.65137000
2372        90258.62249000
2373        90387.75406000
2374        90517.00389000
2375        90646.42147000
2376        90775.98577000
2377        90905.66860000
2378        91035.53377000
2379        91165.53895000
2380        91295.68424000
2381        91425.96974000
2382        91556.42401000
2383        91687.01876000
2384        91817.75407000
2385        91948.62292000
2386        92079.66824000
2387        92210.86166000
2388        92342.17464000
2389        92473.65738000
2390        92605.28857000
2391        92737.06114000
2392        92868.97518000
2393        93001.05240000
2394        93133.27134000
2395        93265.63932000
2396        93398.16367000
2397        93530.82288000
2398        93663.66764000
2399        93796.61855000
2400        93929.74083000
2401        94063.01290000
2402        94196.42763000
2403        94329.98511000
2404        94463.70728000
2405        94597.57246000
2406        94731.58803000
2407        94865.76142000
2408        95000.09277000
2409        95134.55299000
2410        95269.17141000
2411        95403.95549000
2412        95538.89075000
2413        95673.94794000
2414        95809.16383000
2415        95944.56065000
2416        96080.09443000
2417        96215.76525000
2418        96351.59531000
2419        96487.58478000
2420        96623.74118000
2421        96760.02768000
2422        96896.46658000
2423        97033.07282000
2424        97169.80946000
2425        97306.69885000
2426        97443.74855000
2427        97580.96614000
2428        97718.32946000
2429        97855.83113000
2430        97993.52351000
2431        98131.33957000
2432        98269.30927000
2433        98407.44022000
2434        98545.72507000
2435        98684.15646000
2436        98822.74199000
2437        98961.49682000
2438        99100.39102000
2439        99239.43975000
2440        99378.65819000
2441        99518.01635000
2442        99657.53696000
2443        99797.21261000
2444        99937.03585000
2445       100077.02953000
2446       100217.15588000
2447       100357.46052000
2448       100497.92085000
2449       100638.52938000
2450       100779.28623000
2451       100920.19148000
2452       101061.27578000
2453       101202.50875000
2454       101343.89051000
2455       101485.42882000
2456       101627.15443000
2457       101768.99856000
2458       101910.99960000
2459       102053.19610000
2460       102195.51906000
2461       102338.01473000
2462       102480.64475000
2463       102623.45545000
2464       102766.41615000
2465       102909.54241000
2466       103052.79569000
2467       103196.25348000
2468       103339.83852000
2469       103483.59741000
2470       103627.50701000
2471       103771.55966000
2472       103915.79435000
2473       104060.17233000
2474       104204.72487000
2475       104349.42093000
2476       104494.29183000
2477       104639.30647000
2478       104784.51191000
2479       104929.82999000
2480       105075.33916000
2481       105221.00822000
2482       105366.82945000
2483       105512.79508000
2484       105658.96031000
2485       105805.25446000
2486       105951.72489000
2487       106098.34020000
2488       106245.12417000
2489       106392.07697000
2490       106539.19083000
2491       106686.44208000
2492       106833.87841000
2493       106981.46029000
2494       107129.23551000
2495       107277.14064000
2496       107425.22349000
2497       107573.46033000
2498       107721.86723000
2499       107870.42835000
2500       108019.12782000
2501       108168.02172000
2502       108317.07823000
2503       108466.28144000
2504       108615.66354000
2505       108765.20865000
2506       108914.91687000
2507       109064.79642000
2508       109214.79100000
2509       109365.00550000
2510       109515.36753000
2511       109665.89334000
2512       109816.55068000
2513       109967.41251000
2514       110118.43042000
2515       110269.61263000
2516       110420.93490000
2517       110572.44608000
2518       110724.12195000
2519       110875.96265000
2520       111027.95200000
2521       111180.12273000
2522       111332.45050000
2523       111484.95179000
2524       111637.61037000
2525       111790.44274000
2526       111943.44085000
2527       112096.60484000
2528       112249.91840000
2529       112403.41451000
2530       112557.06043000
2531       112710.88920000
2532       112864.87625000
2533       113019.03821000
2534       113173.36696000
2535       113327.87092000
2536       113482.52538000
2537       113637.34702000
2538       113792.35257000
2539       113947.50898000
2540       114102.84959000
2541       114258.30799000
2542       114413.99249000
2543       114569.82832000
2544       114725.81558000
2545       114881.97941000
2546       115038.32833000
2547       115194.83742000
2548       115351.50677000
2549       115508.35328000
2550       115665.36869000
2551       115822.54475000
2552       115979.91521000
2553       116137.42976000
2554       116295.12216000
2555       116452.98414000
2556       116611.01583000
2557       116769.20891000
2558       116927.58042000
2559       117086.13051000
2560       117244.84238000
2561       117403.72463000
2562       117562.76890000
2563       117721.99230000
2564       117881.38648000
2565       118040.93453000
2566       118200.67065000
2567       118360.57796000
2568       118520.65658000
2569       118680.88954000
2570       118841.32829000
2571       119001.92166000
2572       119162.68688000
2573       119323.60691000
2574       119484.71622000
2575       119645.99778000
2576       119807.45173000
2577       119969.09544000
2578       120130.87733000
2579       120292.84925000
2580       120454.99410000
2581       120617.31201000
2582       120779.79446000
2583       120942.48489000
2584       121105.32281000
2585       121268.33433000
2586       121431.50220000
2587       121594.86132000
2588       121758.41185000
2589       121922.11913000
2590       122085.98324000
2591       122250.03919000
2592       122414.28717000
2593       122578.69236000
2594       122743.25486000
2595       122908.00982000
2596       123072.95741000
2597       123238.06270000
2598       123403.32576000
2599       123568.78189000
2600       123734.43127000
2601       123900.23882000
2602       124066.20463000
2603       124232.39944000
2604       124398.73513000
2605       124565.24714000
2606       124731.93559000
2607       124898.80063000
2608       125065.84240000
2609       125233.06990000
2610       125400.45664000
2611       125568.02939000
2612       125735.78832000
2613       125903.70684000
2614       126071.82074000
2615       126240.09446000
2616       126408.56387000
2617       126577.20230000
2618       126746.04570000
2619       126915.02254000
2620       127084.19566000
2621       127253.56525000
2622       127423.09553000
2623       127592.80459000
2624       127762.67453000
2625       127932.75958000
2626       128103.02385000
2627       128273.43133000
2628       128444.03633000
2629       128614.83904000
2630       128785.80340000
2631       128956.94764000
2632       129128.28098000
2633       129299.79448000
2634       129471.47920000
2635       129643.33524000
2636       129815.39006000
2637       129987.63473000
2638       130160.04201000
2639       130332.60285000
2640       130505.39966000
2641       130678.36863000
2642       130851.48235000
2643       131024.81428000
2644       131198.31874000
2645       131372.00503000
2646       131545.85489000
2647       131719.89602000
2648       131894.11940000
2649       132068.53436000
2650       132243.14110000
2651       132417.91202000
2652       132592.86573000
2653       132768.00236000
2654       132943.34061000
2655       133118.86209000
2656       133294.53909000
2657       133470.41814000
2658       133646.46223000
2659       133822.72732000
2660       133999.12975000
2661       134175.73484000
2662       134352.56149000
2663       134529.54448000
2664       134706.67451000
2665       134884.05466000
2666       135061.58212000
2667       135239.29446000
2668       135417.19182000
2669       135595.29315000
2670       135773.56099000
2671       135952.03312000
2672       136130.67200000
2673       136309.50605000
2674       136488.51653000
2675       136667.72248000
2676       136847.12405000
2677       137026.69299000
2678       137206.44836000
2679       137386.41877000
2680       137566.53795000
2681       137746.85346000
2682       137927.36548000
2683       138108.06465000
2684       138288.97972000
2685       138470.04409000
2686       138651.29602000
2687       138832.74521000
2688       139014.38225000
2689       139196.18813000
2690       139378.22047000
2691       139560.39313000
2692       139742.81181000
2693       139925.38064000
2694       140108.14778000
2695       140291.10376000
2696       140474.25838000
2697       140657.56354000
2698       140841.09656000
2699       141024.81902000
2700       141208.73105000
2701       141392.81342000
2702       141577.08561000
2703       141761.58660000
2704       141946.23890000
2705       142131.08146000
2706       142316.11440000
2707       142501.34763000
2708       142686.79106000
2709       142872.39607000
2710       143058.21160000
2711       143244.19870000
2712       143430.38685000
2713       143616.76640000
2714       143803.34732000
2715       143990.10031000
2716       144177.07461000
2717       144364.22126000
2718       144551.55019000
2719       144739.09107000
2720       144926.82439000
2721       145114.74041000
2722       145302.82937000
2723       145491.16058000
2724       145679.66504000
2725       145868.34283000
2726       146057.21387000
2727       146246.28825000
2728       146435.55618000
2729       146625.02777000
2730       146814.69322000
2731       147004.54273000
2732       147194.58637000
2733       147384.81431000
2734       147575.25665000
2735       147765.87357000
2736       147956.70521000
2737       148147.73173000
2738       148338.93321000
2739       148530.34990000
2740       148721.96190000
2741       148913.76935000
2742       149105.74222000
2743       149297.97122000
2744       149490.34575000
2745       149682.92637000
2746       149875.69305000
2747       150068.66613000
2748       150261.84579000
2749       150455.22206000
2750       150648.79509000
2751       150842.54474000
2752       151036.51171000
2753       151230.67588000
2754       151425.02722000
2755       151619.57603000
2756       151814.35304000
2757       152009.29726000
2758       152204.43938000
2759       152399.75911000
2760       152595.31793000
2761       152791.07513000
2762       152987.01036000
2763       153183.13396000
2764       153379.49742000
2765       153576.01873000
2766       153772.75968000
2767       153969.66898000
2768       154166.83946000
2769       154364.16825000
2770       154561.69671000
2771       154759.41464000
2772       154957.37388000
2773       155155.49186000
2774       155353.85154000
2775       155552.39091000
2776       155751.11007000
2777       155950.04030000
2778       156149.19217000
2779       156348.51382000
2780       156548.06785000
2781       156747.82319000
2782       156947.76955000
2783       157147.89660000
2784       157348.23581000
2785       157548.77689000
2786       157749.55142000
2787       157950.49670000
2788       158151.63378000
2789       158353.00483000
2790       158554.57852000
2791       158756.35500000
2792       158958.30281000
2793       159160.47474000
2794       159362.83933000
2795       159565.40725000
2796       159768.18925000
2797       159971.19608000
2798       160174.36437000
2799       160377.77899000
2800       160581.35530000
2801       160785.15707000
2802       160989.18451000
2803       161193.39525000
2804       161397.78939000
2805       161602.38832000
2806       161807.23491000
2807       162012.26531000
2808       162217.50101000
2809       162422.92074000
2810       162628.57816000
2811       162834.41989000
2812       163040.49969000
2813       163246.75334000
2814       163453.23466000
2815       163659.92234000
2816       163866.77344000
2817       164073.86345000
2818       164281.18183000
2819       164488.68558000
2820       164696.37480000
2821       164904.31449000
2822       165112.42911000
2823       165320.79460000
2824       165529.29190000
2825       165738.05123000
2826       165947.01857000
2827       166156.16143000
2828       166365.57786000
2829       166575.15921000
2830       166784.93823000
2831       166994.92596000
2832       167205.15534000
2833       167415.56099000
2834       167626.17579000
2835       167837.03279000
2836       168048.09930000
2837       168259.33159000
2838       168470.81757000
2839       168682.49153000
2840       168894.38659000
2841       169106.45885000
2842       169318.77455000
2843       169531.30081000
2844       169744.03777000
2845       169956.93032000
2846       170170.10018000
2847       170383.48123000
2848       170597.07361000
2849       170810.82201000
2850       171024.82636000
2851       171239.04249000
2852       171453.47054000
2853       171668.07725000
2854       171882.92957000
2855       172097.99426000
2856       172313.28266000
2857       172528.73904000
2858       172744.45295000
2859       172960.34627000
2860       173176.47511000
2861       173392.80601000
2862       173609.35034000
2863       173826.10824000
2864       174043.09112000
2865       174260.31040000
2866       174477.70998000
2867       174695.32374000
2868       174913.15184000
2869       175131.19442000
2870       175349.47426000
2871       175567.93499000
2872       175786.63329000
2873       176005.54672000
2874       176224.64137000
2875       176444.00818000
2876       176663.54513000
2877       176883.32054000
2878       177103.27766000
2879       177323.51915000
2880       177543.94267000
2881       177764.55969000
2882       177985.40460000
2883       178206.48902000
2884       178427.79027000
2885       178649.27412000
2886       178870.96357000
2887       179092.93910000
2888       179315.07467000
2889       179537.46227000
2890       179760.03308000
2891       179982.82174000
2892       180205.87452000
2893       180429.12244000
2894       180652.57716000
2895       180876.23879000
2896       181100.16532000
2897       181324.27596000
2898       181548.60553000
2899       181773.16580000
2900       181997.94535000
2901       182222.94432000
2902       182448.18613000
2903       182673.56621000
2904       182899.28263000
2905       183125.14920000
2906       183351.23594000
2907       183577.54303000
2908       183804.09399000
2909       184030.84222000
2910       184257.81125000
2911       184485.00124000
2912       184712.43581000
2913       184940.09168000
2914       185167.94550000
2915       185395.99735000
2916       185624.36514000
2917       185852.88419000
2918       186081.62528000
2919       186310.58857000
2920       186539.79785000
2921       186769.20602000
2922       186998.86054000
2923       187228.69051000
2924       187458.81460000
2925       187689.11441000
2926       187919.64939000
2927       188150.38404000
2928       188381.38990000
2929       188612.59574000
2930       188844.03745000
2931       189075.65552000
2932       189307.54557000
2933       189539.66004000
2934       189771.98712000
2935       190004.51496000
2936       190237.31559000
2937       190470.31730000
2938       190703.54419000
2939       190936.99643000
2940       191170.67417000
2941       191404.57757000
2942       191638.71883000
2943       191873.08609000
2944       192107.64328000
2945       192342.47506000
2946       192577.49703000
2947       192812.78190000
2948       193048.24511000
2949       193283.97158000
2950       193519.90086000
2951       193756.09380000
2952       193992.48986000
2953       194229.10129000
2954       194465.94041000
2955       194703.05614000
2956       194940.32673000
2957       195177.87430000
2958       195415.67467000
2959       195653.65466000
2960       195891.86329000
2961       196130.32522000
2962       196369.02841000
2963       196607.91165000
2964       196847.03643000
2965       197086.40294000
2966       197326.03598000
2967       197565.86189000
2968       197805.91771000
2969       198046.22831000
2970       198286.73212000
2971       198527.46631000
2972       198768.45578000
2973       199009.68838000
2974       199251.10231000
2975       199492.79687000
2976       199734.69782000
2977       199976.84255000
2978       200219.19394000
2979       200461.78942000
2980       200704.65413000
2981       200947.68852000
2982       201190.99248000
2983       201434.55375000
2984       201678.29753000
2985       201922.27392000
2986       202166.49561000
2987       202410.98786000
2988       202655.70074000
2989       202900.59668000
2990       203145.75115000
2991       203391.17696000
2992       203636.78620000
2993       203882.61672000
2994       204128.74436000
2995       204375.06840000
2996       204621.63948000
2997       204868.39453000
2998       205115.48550000
2999       205362.73543000
3000       205610.22037000
3001       205857.97856000
3002       206105.94674000
3003       206354.16314000
3004       206602.64070000
3005       206851.30321000
3006       207100.22719000
3007       207349.36183000
3008       207598.78385000
3009       207848.41685000
3010       208098.28652000
3011       208348.39301000
3012       208598.72368000
3013       208849.31712000
3014       209100.05803000
3015       209351.16476000
3016       209602.43206000
3017       209853.97572000
3018       210105.73159000
3019       210357.76424000
3020       210609.99650000
3021       210862.46717000
3022       211115.17643000
3023       211368.12444000
3024       211621.32429000
3025       211874.78916000
3026       212128.44143000
3027       212382.35905000
3028       212636.52923000
3029       212890.93917000
3030       213145.52396000
3031       213400.43991000
3032       213655.57008000
3033       213910.92761000
3034       214166.49957000
3035       214422.33835000
3036       214678.40491000
3037       214934.71250000
3038       215191.27437000
3039       215448.09073000
3040       215705.14864000
3041       215962.46141000
3042       216219.95031000
3043       216477.70750000
3044       216735.74637000
3045       216994.00126000
3046       217252.51185000
3047       217511.23872000
3048       217770.22163000
3049       218029.44753000
3050       218288.91660000
3051       218548.61574000
3052       218808.58488000
3053       219068.78442000
3054       219329.25436000
3055       219589.88852000
3056       219850.81999000
3057       220112.00909000
3058       220373.44269000
3059       220635.08091000
3060       220897.01733000
3061       221159.18538000
3062       221421.57183000
3063       221684.24373000
3064       221947.13433000
3065       222210.24373000
3066       222473.65257000
3067       222737.26711000
3068       223001.12774000
3069       223265.27501000
3070       223529.64184000
3071       223794.25528000
3072       224059.11550000
3073       224324.22267000
3074       224589.59046000
3075       224855.20555000
3076       225121.05457000
3077       225387.13763000
3078       225653.49558000
3079       225920.06075000
3080       226186.91475000
3081       226454.03063000
3082       226721.39500000
3083       226988.96714000
3084       227256.78801000
3085       227524.89874000
3086       227793.19032000
3087       228061.78577000
3088       228330.63067000
3089       228599.73889000
3090       228869.06950000
3091       229138.67746000
3092       229408.50812000
3093       229678.56155000
3094       229948.89286000
3095       230219.50229000
3096       230490.30742000
3097       230761.44616000
3098       231032.78088000
3099       231304.36686000
3100       231576.21809000
3101       231848.29326000
3102       232120.63401000
3103       232393.25441000
3104       232666.09920000
3105       232939.19625000
3106       233212.57352000
3107       233486.17561000
3108       233760.00263000
3109       234034.13825000
3110       234308.49913000
3111       234583.16907000
3112       234858.00876000
3113       235133.15790000
3114       235408.53287000
3115       235684.16178000
3116       235960.07281000
3117       236236.21011000
3118       236512.60184000
3119       236789.24818000
3120       237066.20552000
3121       237343.33347000
3122       237620.77281000
3123       237898.43929000
3124       238176.36120000
3125       238454.53873000
3126       238733.02856000
3127       239011.68958000
3128       239290.66328000
3129       239569.86498000
3130       239849.29478000
3131       240129.03791000
3132       240409.06629000
3133       240689.23801000
3134       240969.78057000
3135       241250.52356000
3136       241531.55253000
3137       241812.81065000
3138       242094.29802000
3139       242376.12904000
3140       242658.16110000
3141       242940.48009000
3142       243223.02897000
3143       243505.86516000
3144       243788.93152000
3145       244072.22816000
3146       244355.87013000
3147       244639.71399000
3148       244923.81734000
3149       245208.20918000
3150       245492.86090000
3151       245777.74381000
3152       246062.91578000
3153       246348.29032000
3154       246634.01213000
3155       246919.93681000
3156       247206.15133000
3157       247492.59790000
3158       247779.33471000
3159       248066.27482000
3160       248353.53457000
3161       248641.05608000
3162       248928.81039000
3163       249216.85590000
3164       249505.16367000
3165       249793.76309000
3166       250082.50823000
3167       250371.57453000
3168       250660.96228000
3169       250950.55459000
3170       251240.38081000
3171       251530.58781000
3172       251820.97040000
3173       252111.61675000
3174       252402.52703000
3175       252693.70140000
3176       252985.19899000
3177       253276.93162000
3178       253568.86986000
3179       253861.16148000
3180       254153.68858000
3181       254446.42165000
3182       254739.50884000
3183       255032.80230000
3184       255326.39107000
3185       255620.24571000
3186       255914.30693000
3187       256208.69376000
3188       256503.31718000
3189       256798.26671000
3190       257093.45318000
3191       257388.87669000
3192       257684.59710000
3193       257980.58474000
3194       258276.83979000
3195       258573.30252000
3196       258870.09286000
3197       259167.12113000
3198       259464.47749000
3199       259762.04208000
3200       260059.90514000
3201       260358.03681000
3202       260656.40715000
3203       260955.04641000
3204       261253.98492000
3205       261553.19275000
3206       261852.67005000
3207       262152.38677000
3208       262452.43380000
3209       262752.72060000
3210       263053.24724000
3211       263354.01383000
3212       263655.11159000
3213       263956.48005000
3214       264258.14980000
3215       264560.02974000
3216       264862.24180000
3217       265164.66430000
3218       265467.38883000
3219       265770.35456000
3220       266073.62272000
3221       266377.16296000
3222       266680.97546000
3223       266985.02974000
3224       267289.38726000
3225       267593.98686000
3226       267898.89008000
3227       268204.09720000
3228       268509.48532000
3229       268815.23924000
3230       269121.23604000
3231       269427.50666000
3232       269734.02040000
3233       270040.83917000
3234       270347.93229000
3235       270655.33090000
3236       270962.94229000
3237       271270.85952000
3238       271579.05180000
3239       271887.51930000
3240       272196.23112000
3241       272505.21846000
3242       272814.54377000
3243       273124.11390000
3244       273433.92894000
3245       273744.05142000
3246       274054.45036000
3247       274365.12592000
3248       274676.07828000
3249       274987.27631000
3250       275298.81412000
3251       275610.59795000
3252       275922.65928000
3253       276234.96687000
3254       276547.58371000
3255       276860.47859000
3256       277173.65167000
3257       277487.10315000
3258       277800.83318000
3259       278114.84195000
3260       278429.12963000
3261       278743.66477000
3262       279058.51079000
3263       279373.66792000
3264       279689.07302000
3265       280004.75792000
3266       280320.69103000
3267       280636.96780000
3268       280953.49315000
3269       281270.23531000
3270       281587.38551000
3271       281904.75289000
3272       282222.40130000
3273       282540.29898000
3274       282858.50996000
3275       283177.03450000
3276       283495.80881000
3277       283814.83299000
3278       284134.17129000
3279       284453.79186000
3280       284773.72700000
3281       285093.88053000
3282       285414.34898000
3283       285735.10041000
3284       286056.16724000
3285       286377.45294000
3286       286699.05439000
3287       287020.97184000
3288       287343.14088000
3289       287665.56160000
3290       287988.29889000
3291       288311.35300000
3292       288634.69175000
3293       288958.21790000
3294       289282.12637000
3295       289606.28749000
3296       289930.76645000
3297       290255.49837000
3298       290580.48333000
3299       290905.78671000
3300       291231.40875000
3301       291557.31703000
3302       291883.44631000
3303       292209.89482000
3304       292536.63005000
3305       292863.65219000
3306       293190.96141000
3307       293518.55789000
3308       293846.44181000
3309       294174.67914000
3310       294503.07269000
3311       294831.85296000
3312       295160.88845000
3313       295490.27829000
3314       295819.82464000
3315       296149.72568000
3316       296479.94868000
3317       296810.46079000
3318       297141.16278000
3319       297472.25356000
3320       297803.60080000
3321       298135.27102000
3322       298467.16477000
3323       298799.41513000
3324       299131.92256000
3325       299464.78714000
3326       299797.77573000
3327       300131.18853000
3328       300464.89242000
3329       300798.88757000
3330       301133.14071000
3331       301467.68542000
3332       301802.55540000
3333       302137.65029000
3334       302473.10437000
3335       302808.78361000
3336       303144.82252000
3337       303481.15414000
3338       303817.74497000
3339       304154.66252000
3340       304491.80586000
3341       304829.27629000
3342       305167.07407000
3343       305505.16564000
3344       305843.51734000
3345       306182.16315000
3346       306521.17104000
3347       306860.33781000
3348       307199.86702000
3349       307539.72503000
3350       307879.87811000
3351       308220.29240000
3352       308561.00207000
3353       308902.04138000
3354       309243.37648000
3355       309584.90512000
3356       309926.83227000
3357       310269.02156000
3358       310611.54153000
3359       310954.32395000
3360       311297.47176000
3361       311640.84808000
3362       311984.48725000
3363       312328.49246000
3364       312672.79529000
3365       313017.39591000
3366       313362.29451000
3367       313707.49126000
3368       314052.91736000
3369       314398.67639000
3370       314744.73408000
3371       315091.12518000
3372       315437.81536000
3373       315784.77015000
3374       316132.02432000
3375       316479.61275000
3376       316827.46626000
3377       317175.65445000
3378       317524.10803000
3379       317872.89672000
3380       318221.91627000
3381       318571.34102000
3382       318921.03183000
3383       319271.02373000
3384       319621.21206000
3385       319971.80659000
3386       320322.70276000
3387       320673.90075000
3388       321025.36569000
3389       321377.13275000
3390       321729.23725000
3391       322081.60915000
3392       322434.28374000
3393       322787.29639000
3394       323140.61215000
3395       323494.23119000
3396       323848.08315000
3397       324202.37989000
3398       324556.83923000
3399       324911.67322000
3400       325266.74063000
3401       325622.21860000
3402       325977.93029000
3403       326333.98218000
3404       326690.33901000
3405       327046.92990000
3406       327403.89712000
3407       327761.13426000
3408       328118.74827000
3409       328476.59691000
3410       328834.78722000
3411       329193.28378000
3412       329552.08677000
3413       329911.12484000
3414       330270.57697000
3415       330630.22868000
3416       330990.25914000
3417       331350.59695000
3418       331711.20639000
3419       332072.19537000
3420       332433.38443000
3421       332794.95345000
3422       333156.79473000
3423       333519.01651000
3424       333881.51093000
3425       334244.24197000
3426       334607.39033000
3427       334970.77562000
3428       335334.50644000
3429       335698.51062000
3430       336062.86076000
3431       336427.52086000
3432       336792.49109000
3433       337157.73531000
3434       337523.32635000
3435       337889.15530000
3436       338255.44071000
3437       338621.89149000
3438       338988.76286000
3439       339355.90922000
3440       339723.33068000
3441       340091.13702000
3442       340459.14564000
3443       340827.50296000
3444       341196.28255000
3445       341565.30147000
3446       341934.55970000
3447       342304.20424000
3448       342674.19868000
3449       343044.43289000
3450       343415.01736000
3451       343785.87867000
3452       344157.09067000
3453       344528.61673000
3454       344900.45705000
3455       345272.57482000
3456       345645.04416000
3457       346017.82831000
3458       346390.92746000
3459       346764.30471000
3460       347138.07150000
3461       347512.11677000
3462       347886.44061000
3463       348261.08032000
3464       348636.11058000
3465       349011.38267000
3466       349387.00850000
3467       349762.95102000
3468       350139.24777000
3469       350515.82426000
3470       350892.64318000
3471       351269.89175000
3472       351647.38306000
3473       352025.22964000
3474       352403.35669000
3475       352781.87699000
3476       353160.64056000
3477       353539.83550000
3478       353919.19873000
3479       354298.95614000
3480       354679.03269000
3481       355059.42857000
3482       355440.14396000
3483       355821.17907000
3484       356202.53406000
3485       356584.20914000
3486       356966.20449000
3487       357348.48239000
3488       357731.15677000
3489       358114.11407000
3490       358497.39241000
3491       358880.91590000
3492       359264.87486000
3493       359649.07930000
3494       360033.68171000
3495       360418.52986000
3496       360803.77648000
3497       361189.30730000
3498       361575.19891000
3499       361961.29850000
3500       362347.83580000
