   1           12.56912000
   2           16.64497000
   3           22.00315000
   4           27.60839000
   5           33.29378000
   6           39.01561000
   7           44.75717000
   8           50.51064000
   9           56.27185000
  10           62.03839000
  11           67.80875000
  12           73.58195000
  13           79.35731000
  14           85.13436000
  15           90.91276000
  16           96.69226000
  17          102.47266000
  18          108.25380000
  19          114.03558000
  20          119.81789000
  21          125.60067000
  22          131.38385000
  23          137.16738000
  24          142.95122000
  25          148.73534000
  26          154.51970000
  27          160.30428000
  28          166.08905000
  29          171.87401000
  30          177.65913000
  31          183.44440000
  32          189.22980000
  33          195.01534000
  34          200.80099000
  35          206.58675000
  36          212.37260000
  37          218.15856000
  38          223.94460000
  39          229.73073000
  40          235.51694000
  41          241.30322000
  42          247.08957000
  43          252.87599000
  44          258.66248000
  45          264.44902000
  46          270.23563000
  47          276.02229000
  48          281.80901000
  49          287.59577000
  50          293.38259000
  51          299.16946000
  52          304.95637000
  53          310.74333000
  54          316.53033000
  55          322.31738000
  56          328.10447000
  57          333.89160000
  58          339.67877000
  59          345.46598000
  60          351.25323000
  61          357.04053000
  62          362.82785000
  63          368.61522000
  64          374.40263000
  65          380.19008000
  66          385.97756000
  67          391.76509000
  68          397.55266000
  69          403.34028000
  70          409.12793000
  71          414.91564000
  72          420.70339000
  73          426.49120000
  74          432.27906000
  75          438.06698000
  76          443.85497000
  77          449.64302000
  78          455.43115000
  79          461.21935000
  80          467.00765000
  81          472.79603000
  82          478.58452000
  83          484.37312000
  84          490.16184000
  85          495.95069000
  86          501.73968000
  87          507.52883000
  88          513.31815000
  89          519.10765000
  90          524.89736000
  91          530.68728000
  92          536.47744000
  93          542.26785000
  94          548.05853000
  95          553.84952000
  96          559.64082000
  97          565.43247000
  98          571.22450000
  99          577.01692000
 100          582.80977000
 101          588.60308000
 102          594.39689000
 103          600.19122000
 104          605.98610000
 105          611.78159000
 106          617.57771000
 107          623.37451000
 108          629.17202000
 109          634.97030000
 110          640.76938000
 111          646.56931000
 112          652.37014000
 113          658.17193000
 114          663.97471000
 115          669.77855000
 116          675.58350000
 117          681.38962000
 118          687.19696000
 119          693.00559000
 120          698.81556000
 121          704.62694000
 122          710.43980000
 123          716.25420000
 124          722.07020000
 125          727.88789000
 126          733.70732000
 127          739.52857000
 128          745.35172000
 129          751.17684000
 130          757.00401000
 131          762.83330000
 132          768.66480000
 133          774.49859000
 134          780.33474000
 135          786.17336000
 136          792.01450000
 137          797.85828000
 138          803.70477000
 139          809.55406000
 140          815.40624000
 141          821.26140000
 142          827.11964000
 143          832.98105000
 144          838.84572000
 145          844.71375000
 146          850.58524000
 147          856.46028000
 148          862.33896000
 149          868.22140000
 150          874.10769000
 151          879.99793000
 152          885.89223000
 153          891.79067000
 154          897.69338000
 155          903.60045000
 156          909.51199000
 157          915.42810000
 158          921.34888000
 159          927.27445000
 160          933.20492000
 161          939.14038000
 162          945.08095000
 163          951.02673000
 164          956.97784000
 165          962.93438000
 166          968.89646000
 167          974.86420000
 168          980.83769000
 169          986.81707000
 170          992.80242000
 171          998.79387000
 172         1004.79153000
 173         1010.79551000
 174         1016.80591000
 175         1022.82286000
 176         1028.84645000
 177         1034.87682000
 178         1040.91406000
 179         1046.95828000
 180         1053.00961000
 181         1059.06816000
 182         1065.13402000
 183         1071.20733000
 184         1077.28818000
 185         1083.37670000
 186         1089.47298000
 187         1095.57715000
 188         1101.68932000
 189         1107.80960000
 190         1113.93809000
 191         1120.07491000
 192         1126.22018000
 193         1132.37399000
 194         1138.53647000
 195         1144.70772000
 196         1150.88785000
 197         1157.07698000
 198         1163.27520000
 199         1169.48264000
 200         1175.69940000
 201         1181.92558000
 202         1188.16130000
 203         1194.40667000
 204         1200.66179000
 205         1206.92677000
 206         1213.20171000
 207         1219.48674000
 208         1225.78194000
 209         1232.08742000
 210         1238.40330000
 211         1244.72968000
 212         1251.06665000
 213         1257.41433000
 214         1263.77283000
 215         1270.14223000
 216         1276.52266000
 217         1282.91420000
 218         1289.31696000
 219         1295.73105000
 220         1302.15656000
 221         1308.59360000
 222         1315.04227000
 223         1321.50266000
 224         1327.97488000
 225         1334.45903000
 226         1340.95520000
 227         1347.46349000
 228         1353.98401000
 229         1360.51684000
 230         1367.06209000
 231         1373.61985000
 232         1380.19022000
 233         1386.77330000
 234         1393.36917000
 235         1399.97794000
 236         1406.59969000
 237         1413.23453000
 238         1419.88254000
 239         1426.54382000
 240         1433.21846000
 241         1439.90656000
 242         1446.60820000
 243         1453.32347000
 244         1460.05247000
 245         1466.79528000
 246         1473.55200000
 247         1480.32272000
 248         1487.10752000
 249         1493.90649000
 250         1500.71972000
 251         1507.54730000
 252         1514.38931000
 253         1521.24584000
 254         1528.11698000
 255         1535.00282000
 256         1541.90343000
 257         1548.81890000
 258         1555.74932000
 259         1562.69477000
 260         1569.65534000
 261         1576.63111000
 262         1583.62215000
 263         1590.62856000
 264         1597.65041000
 265         1604.68779000
 266         1611.74078000
 267         1618.80945000
 268         1625.89389000
 269         1632.99418000
 270         1640.11040000
 271         1647.24262000
 272         1654.39093000
 273         1661.55540000
 274         1668.73611000
 275         1675.93314000
 276         1683.14657000
 277         1690.37647000
 278         1697.62292000
 279         1704.88599000
 280         1712.16576000
 281         1719.46231000
 282         1726.77571000
 283         1734.10604000
 284         1741.45336000
 285         1748.81776000
 286         1756.19931000
 287         1763.59808000
 288         1771.01414000
 289         1778.44756000
 290         1785.89843000
 291         1793.36680000
 292         1800.85275000
 293         1808.35636000
 294         1815.87769000
 295         1823.41682000
 296         1830.97381000
 297         1838.54874000
 298         1846.14166000
 299         1853.75267000
 300         1861.38181000
 301         1869.02917000
 302         1876.69481000
 303         1884.37880000
 304         1892.08120000
 305         1899.80209000
 306         1907.54153000
 307         1915.29958000
 308         1923.07633000
 309         1930.87182000
 310         1938.68614000
 311         1946.51934000
 312         1954.37149000
 313         1962.24266000
 314         1970.13291000
 315         1978.04230000
 316         1985.97091000
 317         1993.91879000
 318         2001.88602000
 319         2009.87265000
 320         2017.87875000
 321         2025.90438000
 322         2033.94961000
 323         2042.01450000
 324         2050.09911000
 325         2058.20350000
 326         2066.32775000
 327         2074.47190000
 328         2082.63603000
 329         2090.82019000
 330         2099.02445000
 331         2107.24887000
 332         2115.49351000
 333         2123.75843000
 334         2132.04369000
 335         2140.34936000
 336         2148.67549000
 337         2157.02214000
 338         2165.38938000
 339         2173.77726000
 340         2182.18585000
 341         2190.61521000
 342         2199.06539000
 343         2207.53645000
 344         2216.02846000
 345         2224.54147000
 346         2233.07555000
 347         2241.63074000
 348         2250.20712000
 349         2258.80473000
 350         2267.42364000
 351         2276.06391000
 352         2284.72559000
 353         2293.40874000
 354         2302.11342000
 355         2310.83969000
 356         2319.58761000
 357         2328.35723000
 358         2337.14861000
 359         2345.96180000
 360         2354.79687000
 361         2363.65388000
 362         2372.53287000
 363         2381.43391000
 364         2390.35705000
 365         2399.30235000
 366         2408.26987000
 367         2417.25966000
 368         2426.27178000
 369         2435.30628000
 370         2444.36323000
 371         2453.44267000
 372         2462.54466000
 373         2471.66927000
 374         2480.81654000
 375         2489.98653000
 376         2499.17929000
 377         2508.39489000
 378         2517.63338000
 379         2526.89480000
 380         2536.17923000
 381         2545.48671000
 382         2554.81730000
 383         2564.17105000
 384         2573.54801000
 385         2582.94826000
 386         2592.37183000
 387         2601.81878000
 388         2611.28917000
 389         2620.78305000
 390         2630.30048000
 391         2639.84151000
 392         2649.40620000
 393         2658.99460000
 394         2668.60676000
 395         2678.24274000
 396         2687.90259000
 397         2697.58637000
 398         2707.29414000
 399         2717.02594000
 400         2726.78183000
 401         2736.56186000
 402         2746.36609000
 403         2756.19458000
 404         2766.04736000
 405         2775.92452000
 406         2785.82608000
 407         2795.75211000
 408         2805.70266000
 409         2815.67779000
 410         2825.67754000
 411         2835.70198000
 412         2845.75115000
 413         2855.82512000
 414         2865.92393000
 415         2876.04763000
 416         2886.19628000
 417         2896.36994000
 418         2906.56866000
 419         2916.79249000
 420         2927.04148000
 421         2937.31569000
 422         2947.61517000
 423         2957.93997000
 424         2968.29016000
 425         2978.66577000
 426         2989.06687000
 427         2999.49352000
 428         3009.94575000
 429         3020.42362000
 430         3030.92720000
 431         3041.45653000
 432         3052.01166000
 433         3062.59265000
 434         3073.19955000
 435         3083.83242000
 436         3094.49131000
 437         3105.17626000
 438         3115.88735000
 439         3126.62461000
 440         3137.38810000
 441         3148.17789000
 442         3158.99400000
 443         3169.83651000
 444         3180.70547000
 445         3191.60093000
 446         3202.52293000
 447         3213.47154000
 448         3224.44681000
 449         3235.44880000
 450         3246.47755000
 451         3257.53312000
 452         3268.61556000
 453         3279.72492000
 454         3290.86127000
 455         3302.02465000
 456         3313.21511000
 457         3324.43272000
 458         3335.67752000
 459         3346.94957000
 460         3358.24891000
 461         3369.57562000
 462         3380.92972000
 463         3392.31129000
 464         3403.72038000
 465         3415.15704000
 466         3426.62131000
 467         3438.11327000
 468         3449.63295000
 469         3461.18042000
 470         3472.75572000
 471         3484.35892000
 472         3495.99006000
 473         3507.64920000
 474         3519.33640000
 475         3531.05170000
 476         3542.79516000
 477         3554.56684000
 478         3566.36679000
 479         3578.19506000
 480         3590.05170000
 481         3601.93678000
 482         3613.85035000
 483         3625.79245000
 484         3637.76315000
 485         3649.76249000
 486         3661.79054000
 487         3673.84735000
 488         3685.93297000
 489         3698.04745000
 490         3710.19085000
 491         3722.36323000
 492         3734.56464000
 493         3746.79513000
 494         3759.05476000
 495         3771.34358000
 496         3783.66165000
 497         3796.00903000
 498         3808.38576000
 499         3820.79190000
 500         3833.22751000
 501         3845.69264000
 502         3858.18735000
 503         3870.71169000
 504         3883.26572000
 505         3895.84949000
 506         3908.46306000
 507         3921.10648000
 508         3933.77981000
 509         3946.48310000
 510         3959.21640000
 511         3971.97979000
 512         3984.77330000
 513         3997.59699000
 514         4010.45093000
 515         4023.33516000
 516         4036.24974000
 517         4049.19473000
 518         4062.17018000
 519         4075.17616000
 520         4088.21270000
 521         4101.27988000
 522         4114.37774000
 523         4127.50634000
 524         4140.66574000
 525         4153.85599000
 526         4167.07716000
 527         4180.32929000
 528         4193.61245000
 529         4206.92668000
 530         4220.27205000
 531         4233.64861000
 532         4247.05642000
 533         4260.49553000
 534         4273.96601000
 535         4287.46790000
 536         4301.00127000
 537         4314.56617000
 538         4328.16266000
 539         4341.79079000
 540         4355.45063000
 541         4369.14222000
 542         4382.86563000
 543         4396.62092000
 544         4410.40813000
 545         4424.22733000
 546         4438.07858000
 547         4451.96193000
 548         4465.87743000
 549         4479.82516000
 550         4493.80516000
 551         4507.81749000
 552         4521.86221000
 553         4535.93938000
 554         4550.04906000
 555         4564.19130000
 556         4578.36616000
 557         4592.57370000
 558         4606.81397000
 559         4621.08704000
 560         4635.39297000
 561         4649.73180000
 562         4664.10361000
 563         4678.50844000
 564         4692.94636000
 565         4707.41742000
 566         4721.92169000
 567         4736.45922000
 568         4751.03007000
 569         4765.63430000
 570         4780.27197000
 571         4794.94314000
 572         4809.64786000
 573         4824.38620000
 574         4839.15821000
 575         4853.96396000
 576         4868.80349000
 577         4883.67688000
 578         4898.58418000
 579         4913.52545000
 580         4928.50076000
 581         4943.51015000
 582         4958.55368000
 583         4973.63143000
 584         4988.74345000
 585         5003.88980000
 586         5019.07053000
 587         5034.28571000
 588         5049.53540000
 589         5064.81966000
 590         5080.13854000
 591         5095.49212000
 592         5110.88044000
 593         5126.30358000
 594         5141.76158000
 595         5157.25451000
 596         5172.78244000
 597         5188.34541000
 598         5203.94350000
 599         5219.57676000
 600         5235.24526000
 601         5250.94905000
 602         5266.68819000
 603         5282.46275000
 604         5298.27279000
 605         5314.11837000
 606         5329.99955000
 607         5345.91639000
 608         5361.86896000
 609         5377.85731000
 610         5393.88151000
 611         5409.94161000
 612         5426.03768000
 613         5442.16979000
 614         5458.33799000
 615         5474.54234000
 616         5490.78291000
 617         5507.05976000
 618         5523.37296000
 619         5539.72256000
 620         5556.10862000
 621         5572.53121000
 622         5588.99039000
 623         5605.48623000
 624         5622.01878000
 625         5638.58811000
 626         5655.19429000
 627         5671.83737000
 628         5688.51741000
 629         5705.23449000
 630         5721.98866000
 631         5738.77998000
 632         5755.60853000
 633         5772.47436000
 634         5789.37753000
 635         5806.31812000
 636         5823.29618000
 637         5840.31178000
 638         5857.36497000
 639         5874.45583000
 640         5891.58443000
 641         5908.75081000
 642         5925.95504000
 643         5943.19720000
 644         5960.47735000
 645         5977.79554000
 646         5995.15184000
 647         6012.54632000
 648         6029.97905000
 649         6047.45007000
 650         6064.95947000
 651         6082.50731000
 652         6100.09364000
 653         6117.71855000
 654         6135.38208000
 655         6153.08430000
 656         6170.82529000
 657         6188.60510000
 658         6206.42380000
 659         6224.28145000
 660         6242.17813000
 661         6260.11389000
 662         6278.08881000
 663         6296.10294000
 664         6314.15635000
 665         6332.24912000
 666         6350.38130000
 667         6368.55296000
 668         6386.76416000
 669         6405.01498000
 670         6423.30548000
 671         6441.63572000
 672         6460.00578000
 673         6478.41571000
 674         6496.86558000
 675         6515.35547000
 676         6533.88544000
 677         6552.45554000
 678         6571.06586000
 679         6589.71646000
 680         6608.40740000
 681         6627.13876000
 682         6645.91059000
 683         6664.72297000
 684         6683.57596000
 685         6702.46963000
 686         6721.40405000
 687         6740.37929000
 688         6759.39541000
 689         6778.45248000
 690         6797.55057000
 691         6816.68974000
 692         6835.87007000
 693         6855.09162000
 694         6874.35446000
 695         6893.65866000
 696         6913.00429000
 697         6932.39141000
 698         6951.82010000
 699         6971.29041000
 700         6990.80243000
 701         7010.35621000
 702         7029.95184000
 703         7049.58937000
 704         7069.26887000
 705         7088.99042000
 706         7108.75409000
 707         7128.55993000
 708         7148.40803000
 709         7168.29845000
 710         7188.23125000
 711         7208.20652000
 712         7228.22432000
 713         7248.28472000
 714         7268.38778000
 715         7288.53358000
 716         7308.72219000
 717         7328.95368000
 718         7349.22812000
 719         7369.54557000
 720         7389.90612000
 721         7410.30982000
 722         7430.75675000
 723         7451.24698000
 724         7471.78058000
 725         7492.35761000
 726         7512.97817000
 727         7533.64230000
 728         7554.35008000
 729         7575.10159000
 730         7595.89689000
 731         7616.73606000
 732         7637.61917000
 733         7658.54628000
 734         7679.51747000
 735         7700.53281000
 736         7721.59238000
 737         7742.69624000
 738         7763.84446000
 739         7785.03712000
 740         7806.27429000
 741         7827.55604000
 742         7848.88244000
 743         7870.25357000
 744         7891.66949000
 745         7913.13029000
 746         7934.63602000
 747         7956.18677000
 748         7977.78260000
 749         7999.42360000
 750         8021.10982000
 751         8042.84135000
 752         8064.61826000
 753         8086.44061000
 754         8108.30849000
 755         8130.22196000
 756         8152.18111000
 757         8174.18599000
 758         8196.23669000
 759         8218.33328000
 760         8240.47584000
 761         8262.66443000
 762         8284.89912000
 763         8307.18000000
 764         8329.50714000
 765         8351.88061000
 766         8374.30048000
 767         8396.76684000
 768         8419.27974000
 769         8441.83927000
 770         8464.44551000
 771         8487.09852000
 772         8509.79838000
 773         8532.54516000
 774         8555.33895000
 775         8578.17981000
 776         8601.06782000
 777         8624.00305000
 778         8646.98558000
 779         8670.01549000
 780         8693.09284000
 781         8716.21772000
 782         8739.39020000
 783         8762.61035000
 784         8785.87825000
 785         8809.19398000
 786         8832.55761000
 787         8855.96922000
 788         8879.42888000
 789         8902.93667000
 790         8926.49267000
 791         8950.09694000
 792         8973.74958000
 793         8997.45064000
 794         9021.20022000
 795         9044.99838000
 796         9068.84521000
 797         9092.74077000
 798         9116.68515000
 799         9140.67842000
 800         9164.72066000
 801         9188.81195000
 802         9212.95236000
 803         9237.14197000
 804         9261.38086000
 805         9285.66910000
 806         9310.00677000
 807         9334.39396000
 808         9358.83073000
 809         9383.31716000
 810         9407.85334000
 811         9432.43933000
 812         9457.07523000
 813         9481.76109000
 814         9506.49702000
 815         9531.28307000
 816         9556.11933000
 817         9581.00588000
 818         9605.94280000
 819         9630.93016000
 820         9655.96804000
 821         9681.05653000
 822         9706.19569000
 823         9731.38562000
 824         9756.62638000
 825         9781.91806000
 826         9807.26073000
 827         9832.65448000
 828         9858.09939000
 829         9883.59552000
 830         9909.14297000
 831         9934.74181000
 832         9960.39213000
 833         9986.09399000
 834        10011.84748000
 835        10037.65269000
 836        10063.50968000
 837        10089.41855000
 838        10115.37936000
 839        10141.39221000
 840        10167.45717000
 841        10193.57431000
 842        10219.74373000
 843        10245.96550000
 844        10272.23970000
 845        10298.56642000
 846        10324.94572000
 847        10351.37771000
 848        10377.86244000
 849        10404.40002000
 850        10430.99051000
 851        10457.63400000
 852        10484.33056000
 853        10511.08029000
 854        10537.88326000
 855        10564.73956000
 856        10591.64925000
 857        10618.61244000
 858        10645.62919000
 859        10672.69960000
 860        10699.82373000
 861        10727.00168000
 862        10754.23353000
 863        10781.51935000
 864        10808.85923000
 865        10836.25326000
 866        10863.70151000
 867        10891.20407000
 868        10918.76102000
 869        10946.37244000
 870        10974.03842000
 871        11001.75904000
 872        11029.53438000
 873        11057.36452000
 874        11085.24955000
 875        11113.18955000
 876        11141.18460000
 877        11169.23479000
 878        11197.34020000
 879        11225.50092000
 880        11253.71702000
 881        11281.98859000
 882        11310.31572000
 883        11338.69849000
 884        11367.13698000
 885        11395.63127000
 886        11424.18146000
 887        11452.78763000
 888        11481.44985000
 889        11510.16821000
 890        11538.94281000
 891        11567.77371000
 892        11596.66102000
 893        11625.60481000
 894        11654.60516000
 895        11683.66216000
 896        11712.77591000
 897        11741.94647000
 898        11771.17394000
 899        11800.45840000
 900        11829.79994000
 901        11859.19865000
 902        11888.65460000
 903        11918.16788000
 904        11947.73858000
 905        11977.36679000
 906        12007.05259000
 907        12036.79607000
 908        12066.59731000
 909        12096.45640000
 910        12126.37343000
 911        12156.34847000
 912        12186.38163000
 913        12216.47298000
 914        12246.62261000
 915        12276.83060000
 916        12307.09705000
 917        12337.42204000
 918        12367.80566000
 919        12398.24800000
 920        12428.74913000
 921        12459.30916000
 922        12489.92816000
 923        12520.60622000
 924        12551.34344000
 925        12582.13989000
 926        12612.99567000
 927        12643.91086000
 928        12674.88555000
 929        12705.91983000
 930        12737.01379000
 931        12768.16751000
 932        12799.38109000
 933        12830.65461000
 934        12861.98815000
 935        12893.38182000
 936        12924.83569000
 937        12956.34985000
 938        12987.92440000
 939        13019.55942000
 940        13051.25500000
 941        13083.01123000
 942        13114.82819000
 943        13146.70599000
 944        13178.64470000
 945        13210.64442000
 946        13242.70523000
 947        13274.82723000
 948        13307.01050000
 949        13339.25513000
 950        13371.56122000
 951        13403.92885000
 952        13436.35811000
 953        13468.84910000
 954        13501.40189000
 955        13534.01659000
 956        13566.69329000
 957        13599.43206000
 958        13632.23301000
 959        13665.09623000
 960        13698.02179000
 961        13731.00981000
 962        13764.06035000
 963        13797.17353000
 964        13830.34942000
 965        13863.58812000
 966        13896.88972000
 967        13930.25431000
 968        13963.68198000
 969        13997.17283000
 970        14030.72694000
 971        14064.34440000
 972        14098.02531000
 973        14131.76976000
 974        14165.57785000
 975        14199.44965000
 976        14233.38527000
 977        14267.38480000
 978        14301.44832000
 979        14335.57594000
 980        14369.76773000
 981        14404.02381000
 982        14438.34425000
 983        14472.72915000
 984        14507.17861000
 985        14541.69271000
 986        14576.27155000
 987        14610.91522000
 988        14645.62382000
 989        14680.39744000
 990        14715.23616000
 991        14750.14009000
 992        14785.10932000
 993        14820.14393000
 994        14855.24404000
 995        14890.40972000
 996        14925.64107000
 997        14960.93819000
 998        14996.30116000
 999        15031.73009000
1000        15067.22507000
1001        15107.31559000
1002        15144.11542000
1003        15180.98659000
1004        15217.92509000
1005        15254.93650000
1006        15292.01543000
1007        15329.16748000
1008        15366.39000000
1009        15403.68032000
1010        15441.04268000
1011        15478.47581000
1012        15515.97840000
1013        15553.55475000
1014        15591.20215000
1015        15628.91792000
1016        15666.70775000
1017        15704.56894000
1018        15742.50160000
1019        15780.50300000
1020        15818.57888000
1021        15856.72370000
1022        15894.94320000
1023        15933.23326000
1024        15971.59537000
1025        16010.02964000
1026        16048.53760000
1027        16087.11793000
1028        16125.76787000
1029        16164.49037000
1030        16203.28982000
1031        16242.15776000
1032        16281.10142000
1033        16320.11663000
1034        16359.20922000
1035        16398.36923000
1036        16437.60252000
1037        16476.91206000
1038        16516.29365000
1039        16555.75026000
1040        16595.27910000
1041        16634.88174000
1042        16674.55971000
1043        16714.31168000
1044        16754.13482000
1045        16794.03362000
1046        16834.00818000
1047        16874.05714000
1048        16914.17621000
1049        16954.37721000
1050        16994.64706000
1051        17034.99025000
1052        17075.41571000
1053        17115.91177000
1054        17156.48148000
1055        17197.13233000
1056        17237.85112000
1057        17278.64829000
1058        17319.52249000
1059        17360.46936000
1060        17401.49793000
1061        17442.59640000
1062        17483.77380000
1063        17525.02427000
1064        17566.35689000
1065        17607.75829000
1066        17649.24207000
1067        17690.79932000
1068        17732.43315000
1069        17774.14367000
1070        17815.93552000
1071        17857.79671000
1072        17899.73792000
1073        17941.75927000
1074        17983.85481000
1075        18026.02462000
1076        18068.28100000
1077        18110.60729000
1078        18153.01274000
1079        18195.49746000
1080        18238.06003000
1081        18280.69596000
1082        18323.41609000
1083        18366.21286000
1084        18409.08790000
1085        18452.03979000
1086        18495.07171000
1087        18538.17758000
1088        18581.36834000
1089        18624.63482000
1090        18667.98177000
1091        18711.40463000
1092        18754.90973000
1093        18798.49564000
1094        18842.15777000
1095        18885.89622000
1096        18929.72049000
1097        18973.62288000
1098        19017.60346000
1099        19061.66709000
1100        19105.80598000
1101        19150.02496000
1102        19194.33048000
1103        19238.71316000
1104        19283.17468000
1105        19327.71832000
1106        19372.34103000
1107        19417.04129000
1108        19461.83039000
1109        19506.69407000
1110        19551.64203000
1111        19596.66958000
1112        19641.78164000
1113        19686.97190000
1114        19732.24689000
1115        19777.59708000
1116        19823.03383000
1117        19868.55404000
1118        19914.15137000
1119        19959.83400000
1120        20005.59881000
1121        20051.44753000
1122        20097.37215000
1123        20143.38742000
1124        20189.48042000
1125        20235.65452000
1126        20281.91799000
1127        20328.25460000
1128        20374.68410000
1129        20421.19350000
1130        20467.78454000
1131        20514.45898000
1132        20561.22022000
1133        20608.06013000
1134        20654.98873000
1135        20701.99621000
1136        20749.09096000
1137        20796.27144000
1138        20843.53277000
1139        20890.88006000
1140        20938.31342000
1141        20985.82797000
1142        21033.42379000
1143        21081.11105000
1144        21128.88316000
1145        21176.73353000
1146        21224.67569000
1147        21272.70305000
1148        21320.81067000
1149        21369.00707000
1150        21417.28901000
1151        21465.65490000
1152        21514.10994000
1153        21562.64576000
1154        21611.26756000
1155        21659.98567000
1156        21708.77807000
1157        21757.66021000
1158        21806.63734000
1159        21855.68905000
1160        21904.82743000
1161        21954.06459000
1162        22003.37836000
1163        22052.78603000
1164        22102.27393000
1165        22151.84907000
1166        22201.51848000
1167        22251.27018000
1168        22301.10946000
1169        22351.03645000
1170        22401.05473000
1171        22451.15920000
1172        22501.34999000
1173        22551.63418000
1174        22601.99791000
1175        22652.45704000
1176        22703.00118000
1177        22753.63570000
1178        22804.35897000
1179        22855.17462000
1180        22906.07046000
1181        22957.06243000
1182        23008.13832000
1183        23059.31060000
1184        23110.56526000
1185        23161.91657000
1186        23213.35046000
1187        23264.87769000
1188        23316.49841000
1189        23368.19846000
1190        23420.00294000
1191        23471.88518000
1192        23523.86675000
1193        23575.92985000
1194        23628.09076000
1195        23680.34240000
1196        23732.68311000
1197        23785.11299000
1198        23837.63395000
1199        23890.24793000
1200        23942.95325000
1201        23995.75363000
1202        24048.63652000
1203        24101.61835000
1204        24154.68652000
1205        24207.85391000
1206        24261.10969000
1207        24314.45399000
1208        24367.89604000
1209        24421.43051000
1210        24475.05199000
1211        24528.77345000
1212        24582.58033000
1213        24636.48376000
1214        24690.48203000
1215        24744.57343000
1216        24798.74882000
1217        24853.03053000
1218        24907.39831000
1219        24961.86154000
1220        25016.42036000
1221        25071.06930000
1222        25125.81219000
1223        25180.65291000
1224        25235.58596000
1225        25290.61147000
1226        25345.73517000
1227        25400.94781000
1228        25456.26078000
1229        25511.66856000
1230        25567.17317000
1231        25622.76340000
1232        25678.45636000
1233        25734.24273000
1234        25790.12072000
1235        25846.10186000
1236        25902.17105000
1237        25958.34365000
1238        26014.60835000
1239        26070.96909000
1240        26127.42598000
1241        26183.97916000
1242        26240.62489000
1243        26297.37483000
1244        26354.21758000
1245        26411.15325000
1246        26468.19352000
1247        26525.32696000
1248        26582.55754000
1249        26639.88345000
1250        26697.31256000
1251        26754.83337000
1252        26812.45376000
1253        26870.17386000
1254        26927.98405000
1255        26985.90200000
1256        27043.91418000
1257        27102.02462000
1258        27160.23345000
1259        27218.54275000
1260        27276.94675000
1261        27335.45148000
1262        27394.05509000
1263        27452.75772000
1264        27511.55947000
1265        27570.46049000
1266        27629.46090000
1267        27688.56081000
1268        27747.76235000
1269        27807.06365000
1270        27866.46286000
1271        27925.96009000
1272        27985.55346000
1273        28045.25708000
1274        28105.05910000
1275        28164.95764000
1276        28224.96284000
1277        28285.06481000
1278        28345.26365000
1279        28405.57157000
1280        28465.97460000
1281        28526.48294000
1282        28587.09473000
1283        28647.79996000
1284        28708.61089000
1285        28769.52362000
1286        28830.54234000
1287        28891.65700000
1288        28952.87791000
1289        29014.19500000
1290        29075.62065000
1291        29137.14886000
1292        29198.77361000
1293        29260.50938000
1294        29322.34399000
1295        29384.28580000
1296        29446.32256000
1297        29508.46885000
1298        29570.71860000
1299        29633.06987000
1300        29695.52071000
1301        29758.08369000
1302        29820.75066000
1303        29883.51134000
1304        29946.38666000
1305        30009.36009000
1306        30072.44429000
1307        30135.62684000
1308        30198.92043000
1309        30262.30842000
1310        30325.80982000
1311        30389.41637000
1312        30453.12188000
1313        30516.94123000
1314        30580.86401000
1315        30644.89247000
1316        30709.02037000
1317        30773.26269000
1318        30837.60682000
1319        30902.05290000
1320        30966.61381000
1321        31031.27692000
1322        31096.04662000
1323        31160.92304000
1324        31225.90845000
1325        31291.00085000
1326        31356.20252000
1327        31421.50285000
1328        31486.91485000
1329        31552.43436000
1330        31618.06152000
1331        31683.79646000
1332        31749.64363000
1333        31815.59019000
1334        31881.65359000
1335        31947.82314000
1336        32014.09679000
1337        32080.48554000
1338        32146.97865000
1339        32213.58060000
1340        32280.29809000
1341        32347.11157000
1342        32414.04304000
1343        32481.08389000
1344        32548.23646000
1345        32615.48768000
1346        32682.85968000
1347        32750.33940000
1348        32817.92255000
1349        32885.62914000
1350        32953.43278000
1351        33021.35130000
1352        33089.37818000
1353        33157.52245000
1354        33225.77536000
1355        33294.13704000
1356        33362.61432000
1357        33431.19392000
1358        33499.89387000
1359        33568.70088000
1360        33637.61732000
1361        33706.65230000
1362        33775.79699000
1363        33845.04474000
1364        33914.41823000
1365        33983.89278000
1366        34053.48887000
1367        34123.19760000
1368        34193.01001000
1369        34262.94441000
1370        34332.99185000
1371        34403.14336000
1372        34473.41500000
1373        34543.80239000
1374        34614.29651000
1375        34684.90663000
1376        34755.63520000
1377        34826.47548000
1378        34897.42530000
1379        34968.49629000
1380        35039.67479000
1381        35110.96782000
1382        35182.38248000
1383        35253.90734000
1384        35325.54948000
1385        35397.30673000
1386        35469.17690000
1387        35541.16710000
1388        35613.26584000
1389        35685.48023000
1390        35757.82209000
1391        35830.27056000
1392        35902.83276000
1393        35975.51585000
1394        36048.30826000
1395        36121.22655000
1396        36194.26149000
1397        36267.41086000
1398        36340.67243000
1399        36414.05813000
1400        36487.55394000
1401        36561.17181000
1402        36634.91191000
1403        36708.75539000
1404        36782.72374000
1405        36856.81714000
1406        36931.02382000
1407        37005.34152000
1408        37079.78709000
1409        37154.34873000
1410        37229.02420000
1411        37303.82560000
1412        37378.74109000
1413        37453.77801000
1414        37528.93411000
1415        37604.21194000
1416        37679.59956000
1417        37755.11403000
1418        37830.74824000
1419        37906.49506000
1420        37982.37646000
1421        38058.36589000
1422        38134.48049000
1423        38210.71799000
1424        38287.07121000
1425        38363.54516000
1426        38440.14244000
1427        38516.86320000
1428        38593.69778000
1429        38670.65611000
1430        38747.73836000
1431        38824.94222000
1432        38902.26535000
1433        38979.71530000
1434        39057.27988000
1435        39134.97405000
1436        39212.78808000
1437        39290.72208000
1438        39368.78367000
1439        39446.96055000
1440        39525.26780000
1441        39603.69560000
1442        39682.23910000
1443        39760.91593000
1444        39839.71374000
1445        39918.63517000
1446        39997.68289000
1447        40076.84951000
1448        40156.14018000
1449        40235.56010000
1450        40315.09933000
1451        40394.76305000
1452        40474.55648000
1453        40554.46964000
1454        40634.51027000
1455        40714.67599000
1456        40794.95931000
1457        40875.37563000
1458        40955.92003000
1459        41036.59011000
1460        41117.38346000
1461        41198.30790000
1462        41279.34821000
1463        41360.51734000
1464        41441.81802000
1465        41523.24011000
1466        41604.78374000
1467        41686.46453000
1468        41768.26974000
1469        41850.20211000
1470        41932.25918000
1471        42014.44887000
1472        42096.76097000
1473        42179.21122000
1474        42261.77635000
1475        42344.46951000
1476        42427.29868000
1477        42510.25096000
1478        42593.33172000
1479        42676.54898000
1480        42759.88978000
1481        42843.35690000
1482        42926.95309000
1483        43010.68115000
1484        43094.53858000
1485        43178.52819000
1486        43262.64221000
1487        43346.88605000
1488        43431.27047000
1489        43515.76913000
1490        43600.40867000
1491        43685.17866000
1492        43770.07392000
1493        43855.10524000
1494        43940.26211000
1495        44025.55002000
1496        44110.97446000
1497        44196.52489000
1498        44282.20681000
1499        44368.03112000
1500        44453.97109000
1501        44540.05647000
1502        44626.26856000
1503        44712.61021000
1504        44799.08154000
1505        44885.70167000
1506        44972.44098000
1507        45059.30771000
1508        45146.31830000
1509        45233.46207000
1510        45320.73372000
1511        45408.14428000
1512        45495.68575000
1513        45583.36099000
1514        45671.16743000
1515        45759.10520000
1516        45847.19367000
1517        45935.40281000
1518        46023.74099000
1519        46112.21936000
1520        46200.85189000
1521        46289.60289000
1522        46378.47798000
1523        46467.50499000
1524        46556.65915000
1525        46645.94894000
1526        46735.38006000
1527        46824.94154000
1528        46914.63912000
1529        47004.47851000
1530        47094.45430000
1531        47184.56107000
1532        47274.80453000
1533        47365.19046000
1534        47455.71342000
1535        47546.36794000
1536        47637.16541000
1537        47728.08910000
1538        47819.17300000
1539        47910.37778000
1540        48001.72616000
1541        48093.20700000
1542        48184.82609000
1543        48276.58361000
1544        48368.49108000
1545        48460.52592000
1546        48552.70535000
1547        48645.01242000
1548        48737.47583000
1549        48830.06719000
1550        48922.80379000
1551        49015.66860000
1552        49108.69048000
1553        49201.84086000
1554        49295.13139000
1555        49388.57377000
1556        49482.14509000
1557        49575.85704000
1558        49669.71555000
1559        49763.71502000
1560        49857.84980000
1561        49952.13746000
1562        50046.54911000
1563        50141.11398000
1564        50235.82642000
1565        50330.65742000
1566        50425.64800000
1567        50520.78080000
1568        50616.05598000
1569        50711.46197000
1570        50807.02828000
1571        50902.72569000
1572        50998.56611000
1573        51094.56150000
1574        51190.68845000
1575        51286.95888000
1576        51383.38481000
1577        51479.94272000
1578        51576.65054000
1579        51673.50252000
1580        51770.49285000
1581        51867.62168000
1582        51964.91301000
1583        52062.33720000
1584        52159.91232000
1585        52257.63255000
1586        52355.49806000
1587        52453.49100000
1588        52551.65354000
1589        52649.94982000
1590        52748.41009000
1591        52846.99235000
1592        52945.73895000
1593        53044.61989000
1594        53143.64133000
1595        53242.82160000
1596        53342.15485000
1597        53441.62302000
1598        53541.23840000
1599        53641.01335000
1600        53740.92366000
1601        53840.98168000
1602        53941.19979000
1603        54041.55372000
1604        54142.05584000
1605        54242.71246000
1606        54343.51762000
1607        54444.46532000
1608        54545.57419000
1609        54646.81361000
1610        54748.21454000
1611        54849.77101000
1612        54951.45845000
1613        55053.30794000
1614        55155.30729000
1615        55257.45666000
1616        55359.74998000
1617        55462.19987000
1618        55564.80028000
1619        55667.54512000
1620        55770.44705000
1621        55873.49998000
1622        55976.69783000
1623        56080.05328000
1624        56183.55396000
1625        56287.21259000
1626        56391.02936000
1627        56494.97923000
1628        56599.09388000
1629        56703.36719000
1630        56807.77404000
1631        56912.33987000
1632        57017.07123000
1633        57121.94925000
1634        57226.96773000
1635        57332.16500000
1636        57437.49669000
1637        57542.98843000
1638        57648.63401000
1639        57754.42721000
1640        57860.38099000
1641        57966.48913000
1642        58072.74536000
1643        58179.16269000
1644        58285.73489000
1645        58392.45567000
1646        58499.33808000
1647        58606.37585000
1648        58713.56270000
1649        58820.91818000
1650        58928.41658000
1651        59036.07750000
1652        59143.88163000
1653        59251.86164000
1654        59359.99170000
1655        59468.27848000
1656        59576.71561000
1657        59685.31634000
1658        59794.07429000
1659        59902.97653000
1660        60012.04944000
1661        60121.28667000
1662        60230.66867000
1663        60340.20873000
1664        60449.92023000
1665        60559.77696000
1666        60669.80550000
1667        60779.97958000
1668        60890.31921000
1669        61000.81796000
1670        61111.46270000
1671        61222.28683000
1672        61333.26393000
1673        61444.40084000
1674        61555.69772000
1675        61667.14136000
1676        61778.76538000
1677        61890.54320000
1678        62002.47497000
1679        62114.58100000
1680        62226.83460000
1681        62339.24262000
1682        62451.83894000
1683        62564.58332000
1684        62677.47588000
1685        62790.54381000
1686        62903.78057000
1687        63017.16600000
1688        63130.72739000
1689        63244.43097000
1690        63358.31768000
1691        63472.36051000
1692        63586.55961000
1693        63700.92878000
1694        63815.46141000
1695        63930.15079000
1696        64045.01767000
1697        64160.04166000
1698        64275.22979000
1699        64390.57536000
1700        64506.09229000
1701        64621.76699000
1702        64737.62033000
1703        64853.62487000
1704        64969.79459000
1705        65086.15046000
1706        65202.65109000
1707        65319.31047000
1708        65436.15659000
1709        65553.16880000
1710        65670.33334000
1711        65787.67126000
1712        65905.17579000
1713        66022.84710000
1714        66140.67836000
1715        66258.67674000
1716        66376.84945000
1717        66495.19667000
1718        66613.69750000
1719        66732.36616000
1720        66851.23106000
1721        66970.22887000
1722        67089.40211000
1723        67208.75096000
1724        67328.27565000
1725        67447.95507000
1726        67567.81778000
1727        67687.83555000
1728        67808.02274000
1729        67928.39383000
1730        68048.92759000
1731        68169.63133000
1732        68290.50525000
1733        68411.53517000
1734        68532.75712000
1735        68654.14979000
1736        68775.69177000
1737        68897.41919000
1738        69019.32507000
1739        69141.38795000
1740        69263.63687000
1741        69386.05036000
1742        69508.63582000
1743        69631.39342000
1744        69754.32334000
1745        69877.41850000
1746        70000.69362000
1747        70124.14160000
1748        70247.76264000
1749        70371.55691000
1750        70495.51727000
1751        70619.65121000
1752        70743.97358000
1753        70868.46993000
1754        70993.12573000
1755        71117.96319000
1756        71242.97516000
1757        71368.15444000
1758        71493.52335000
1759        71619.05253000
1760        71744.76434000
1761        71870.65156000
1762        71996.71439000
1763        72122.96043000
1764        72249.37501000
1765        72375.95085000
1766        72502.72536000
1767        72629.67640000
1768        72756.78173000
1769        72884.07889000
1770        73011.55311000
1771        73139.21208000
1772        73267.03349000
1773        73395.04002000
1774        73523.22436000
1775        73651.57915000
1776        73780.12719000
1777        73908.84605000
1778        74037.74345000
1779        74166.81959000
1780        74296.06705000
1781        74425.50119000
1782        74555.12221000
1783        74684.90751000
1784        74814.88768000
1785        74945.04008000
1786        75075.35724000
1787        75205.87751000
1788        75336.57820000
1789        75467.45183000
1790        75598.50623000
1791        75729.74160000
1792        75861.15811000
1793        75992.75595000
1794        76124.53531000
1795        76256.48866000
1796        76388.63934000
1797        76520.95665000
1798        76653.46395000
1799        76786.15371000
1800        76919.03387000
1801        77052.07357000
1802        77185.31959000
1803        77318.74105000
1804        77452.34590000
1805        77586.13434000
1806        77720.11437000
1807        77854.26272000
1808        77988.61088000
1809        78123.12770000
1810        78257.82903000
1811        78392.73079000
1812        78527.80172000
1813        78663.06561000
1814        78798.52267000
1815        78934.15733000
1816        79069.97765000
1817        79205.99174000
1818        79342.18396000
1819        79478.55448000
1820        79615.12729000
1821        79751.87082000
1822        79888.80911000
1823        80025.93439000
1824        80163.25483000
1825        80300.74668000
1826        80438.43408000
1827        80576.30924000
1828        80714.37235000
1829        80852.62360000
1830        80991.06317000
1831        81129.68322000
1832        81268.51614000
1833        81407.51380000
1834        81546.71669000
1835        81686.10081000
1836        81825.67440000
1837        81965.42147000
1838        82105.39081000
1839        82245.54213000
1840        82385.86745000
1841        82526.39134000
1842        82667.09771000
1843        82808.01938000
1844        82949.10760000
1845        83090.39520000
1846        83231.88239000
1847        83373.55301000
1848        83515.40722000
1849        83657.46161000
1850        83799.70820000
1851        83942.15539000
1852        84084.79518000
1853        84227.61124000
1854        84370.62025000
1855        84513.83894000
1856        84657.25100000
1857        84800.84004000
1858        84944.63940000
1859        85088.62441000
1860        85232.78690000
1861        85377.17701000
1862        85521.74499000
1863        85666.49934000
1864        85811.46531000
1865        85956.62640000
1866        86101.94929000
1867        86247.51797000
1868        86393.24880000
1869        86539.19232000
1870        86685.31511000
1871        86831.65103000
1872        86978.17501000
1873        87124.89566000
1874        87271.80474000
1875        87418.91933000
1876        87566.24816000
1877        87713.74902000
1878        87861.44753000
1879        88009.36090000
1880        88157.48086000
1881        88305.76501000
1882        88454.28173000
1883        88602.97150000
1884        88751.85154000
1885        88900.97343000
1886        89050.26032000
1887        89199.75522000
1888        89349.44977000
1889        89499.35277000
1890        89649.43860000
1891        89799.74191000
1892        89950.22841000
1893        90100.94146000
1894        90251.83808000
1895        90402.92708000
1896        90554.24332000
1897        90705.73499000
1898        90857.43697000
1899        91009.33209000
1900        91161.45537000
1901        91313.76348000
1902        91466.27403000
1903        91618.98723000
1904        91771.90326000
1905        91925.03111000
1906        92078.34466000
1907        92231.86164000
1908        92385.60864000
1909        92539.55071000
1910        92693.67041000
1911        92848.02962000
1912        93002.57566000
1913        93157.30865000
1914        93312.28189000
1915        93467.44249000
1916        93622.79948000
1917        93778.37968000
1918        93934.16556000
1919        94090.13952000
1920        94246.34628000
1921        94402.74151000
1922        94559.33427000
1923        94716.15158000
1924        94873.17580000
1925        95030.38023000
1926        95187.82781000
1927        95345.45597000
1928        95503.30979000
1929        95661.35353000
1930        95819.62338000
1931        95978.08351000
1932        96136.77021000
1933        96295.64755000
1934        96454.75191000
1935        96614.06541000
1936        96773.57919000
1937        96933.31160000
1938        97093.24467000
1939        97253.37858000
1940        97413.73174000
1941        97574.31352000
1942        97735.06934000
1943        97896.08164000
1944        98057.27750000
1945        98218.67537000
1946        98380.30296000
1947        98542.13298000
1948        98704.17480000
1949        98866.43784000
1950        99028.89466000
1951        99191.58235000
1952        99354.48269000
1953        99517.57737000
1954        99680.90361000
1955        99844.43383000
1956       100008.17752000
1957       100172.12556000
1958       100336.30607000
1959       100500.70068000
1960       100665.29094000
1961       100830.11435000
1962       100995.15248000
1963       101160.39619000
1964       101325.84564000
1965       101491.52916000
1966       101657.41884000
1967       101823.54307000
1968       101989.85506000
1969       102156.39262000
1970       102323.16542000
1971       102490.11706000
1972       102657.32326000
1973       102824.72758000
1974       102992.34911000
1975       103160.18806000
1976       103328.25413000
1977       103496.53807000
1978       103665.02104000
1979       103833.74130000
1980       104002.67052000
1981       104171.80887000
1982       104341.19477000
1983       104510.79024000
1984       104680.57630000
1985       104850.62022000
1986       105020.85510000
1987       105191.32914000
1988       105362.01373000
1989       105532.90906000
1990       105704.03459000
1991       105875.40023000
1992       106046.96759000
1993       106218.75616000
1994       106390.78554000
1995       106563.00750000
1996       106735.47073000
1997       106908.14631000
1998       107081.03445000
1999       107254.18403000
2000       107427.50761000
2001       107601.08336000
2002       107774.88227000
2003       107948.89476000
2004       108123.13081000
2005       108297.60044000
2006       108472.28426000
2007       108647.19227000
2008       108822.34440000
2009       108997.69163000
2010       109173.29328000
2011       109349.09040000
2012       109525.13255000
2013       109701.39030000
2014       109877.87376000
2015       110054.58314000
2016       110231.51865000
2017       110408.70040000
2018       110586.06893000
2019       110763.69410000
2020       110941.54628000
2021       111119.62569000
2022       111297.90255000
2023       111476.45706000
2024       111655.18939000
2025       111834.19991000
2026       112013.39862000
2027       112192.84591000
2028       112372.51189000
2029       112552.40681000
2030       112732.54097000
2031       112912.88434000
2032       113093.49771000
2033       113274.28023000
2034       113455.34337000
2035       113636.61652000
2036       113818.13027000
2037       113999.84424000
2038       114181.83994000
2039       114364.03626000
2040       114546.46391000
2041       114729.14354000
2042       114912.03454000
2043       115095.15753000
2044       115278.52297000
2045       115462.10034000
2046       115645.94115000
2047       115829.97375000
2048       116014.27025000
2049       116198.80009000
2050       116383.57378000
2051       116568.53996000
2052       116753.79174000
2053       116939.24673000
2054       117124.92576000
2055       117310.87050000
2056       117497.02937000
2057       117683.42330000
2058       117870.05251000
2059       118056.92765000
2060       118244.02810000
2061       118431.39582000
2062       118618.93708000
2063       118806.76696000
2064       118994.80208000
2065       119183.10546000
2066       119371.60396000
2067       119560.39222000
2068       119749.38649000
2069       119938.60795000
2070       120128.10949000
2071       120317.80706000
2072       120507.76411000
2073       120697.93865000
2074       120888.38376000
2075       121079.03616000
2076       121269.95966000
2077       121461.10145000
2078       121652.48297000
2079       121844.11508000
2080       122035.96607000
2081       122228.07876000
2082       122420.45346000
2083       122613.02630000
2084       122805.84018000
2085       122998.91675000
2086       123192.24559000
2087       123385.78400000
2088       123579.59659000
2089       123773.61914000
2090       123967.91639000
2091       124162.43475000
2092       124357.19598000
2093       124552.21110000
2094       124747.48038000
2095       124942.96074000
2096       125138.70653000
2097       125334.69633000
2098       125530.89777000
2099       125727.39800000
2100       125924.09939000
2101       126121.06747000
2102       126318.26977000
2103       126515.72834000
2104       126713.43250000
2105       126911.36059000
2106       127109.55660000
2107       127308.00987000
2108       127506.68769000
2109       127705.60121000
2110       127904.78367000
2111       128104.21331000
2112       128303.89037000
2113       128503.79297000
2114       128703.97657000
2115       128904.38614000
2116       129105.03294000
2117       129305.96153000
2118       129507.10560000
2119       129708.53199000
2120       129910.19651000
2121       130112.08821000
2122       130314.26303000
2123       130516.67663000
2124       130719.32921000
2125       130922.23214000
2126       131125.40807000
2127       131328.81244000
2128       131532.45664000
2129       131736.39704000
2130       131940.55527000
2131       132144.95398000
2132       132349.64973000
2133       132554.55261000
2134       132759.70789000
2135       132965.16106000
2136       133170.82190000
2137       133376.75850000
2138       133582.95984000
2139       133789.38072000
2140       133996.07815000
2141       134203.02964000
2142       134410.22405000
2143       134617.70719000
2144       134825.38804000
2145       135033.35812000
2146       135241.59488000
2147       135450.06420000
2148       135658.78921000
2149       135867.78159000
2150       136077.01865000
2151       136286.51207000
2152       136496.29666000
2153       136706.29203000
2154       136916.55599000
2155       137127.10036000
2156       137337.86761000
2157       137548.90419000
2158       137760.22196000
2159       137971.78640000
2160       138183.59773000
2161       138395.66776000
2162       138608.00838000
2163       138820.59653000
2164       139033.45576000
2165       139246.58635000
2166       139459.95347000
2167       139673.58070000
2168       139887.49172000
2169       140101.63992000
2170       140316.06067000
2171       140530.71898000
2172       140745.66210000
2173       140960.87856000
2174       141176.32144000
2175       141392.04990000
2176       141608.06426000
2177       141824.29384000
2178       142040.80979000
2179       142257.57685000
2180       142474.61895000
2181       142691.90073000
2182       142909.48182000
2183       143127.30304000
2184       143345.38838000
2185       143563.76196000
2186       143782.36434000
2187       144001.25546000
2188       144220.43563000
2189       144439.83324000
2190       144659.52038000
2191       144879.48534000
2192       145099.69234000
2193       145320.15356000
2194       145540.92946000
2195       145761.94806000
2196       145983.20952000
2197       146204.76235000
2198       146426.58266000
2199       146648.65859000
2200       146871.02671000
2201       147093.63878000
2202       147316.53142000
2203       147539.68058000
2204       147763.09863000
2205       147986.81020000
2206       148210.77900000
2207       148434.99301000
2208       148659.51354000
2209       148884.29198000
2210       149109.30402000
2211       149334.64793000
2212       149560.22589000
2213       149786.09950000
2214       150012.21985000
2215       150238.61175000
2216       150465.30010000
2217       150692.23583000
2218       150919.44384000
2219       151146.92435000
2220       151374.72716000
2221       151602.72868000
2222       151831.02821000
2223       152059.63849000
2224       152288.49769000
2225       152517.59353000
2226       152747.02585000
2227       152976.70774000
2228       153206.66435000
2229       153436.87092000
2230       153667.37767000
2231       153898.14734000
2232       154129.21776000
2233       154360.53904000
2234       154592.13647000
2235       154824.04804000
2236       155056.17336000
2237       155288.62595000
2238       155521.34309000
2239       155754.33764000
2240       155987.59719000
2241       156221.14726000
2242       156454.98815000
2243       156689.06937000
2244       156923.47998000
2245       157158.11865000
2246       157393.08730000
2247       157628.29714000
2248       157863.78656000
2249       158099.58134000
2250       158335.61791000
2251       158571.97315000
2252       158808.62182000
2253       159045.47446000
2254       159282.64657000
2255       159520.12569000
2256       159757.89928000
2257       159995.90324000
2258       160234.21500000
2259       160472.80908000
2260       160711.67281000
2261       160950.84519000
2262       161190.26183000
2263       161429.98764000
2264       161670.00997000
2265       161910.29017000
2266       162150.84140000
2267       162391.72892000
2268       162632.87500000
2269       162874.27980000
2270       163116.02180000
2271       163357.99689000
2272       163600.28363000
2273       163842.88235000
2274       164085.72784000
2275       164328.85961000
2276       164572.29102000
2277       164815.99608000
2278       165060.01447000
2279       165304.30701000
2280       165548.88708000
2281       165793.74175000
2282       166038.92408000
2283       166284.34184000
2284       166530.07458000
2285       166776.10936000
2286       167022.39341000
2287       167268.99326000
2288       167515.88266000
2289       167763.07517000
2290       168010.53110000
2291       168258.27731000
2292       168506.34075000
2293       168754.65492000
2294       169003.30023000
2295       169252.23688000
2296       169501.42488000
2297       169750.94492000
2298       170000.73017000
2299       170250.84806000
2300       170501.21819000
2301       170751.88110000
2302       171002.85056000
2303       171254.12686000
2304       171505.66972000
2305       171757.51992000
2306       172009.67776000
2307       172262.07573000
2308       172514.82250000
2309       172767.86416000
2310       173021.16014000
2311       173274.80589000
2312       173528.72004000
2313       173782.88912000
2314       174037.42255000
2315       174292.23873000
2316       174547.29681000
2317       174802.72021000
2318       175058.42709000
2319       175314.36274000
2320       175570.67839000
2321       175827.23698000
2322       176084.14876000
2323       176341.33144000
2324       176598.81280000
2325       176856.59309000
2326       177114.67256000
2327       177373.02379000
2328       177631.71624000
2329       177890.70867000
2330       178149.95968000
2331       178409.55281000
2332       178669.41886000
2333       178929.59979000
2334       179190.08197000
2335       179450.89356000
2336       179711.95107000
2337       179973.33852000
2338       180235.05623000
2339       180497.00646000
2340       180759.31550000
2341       181021.91358000
2342       181284.80090000
2343       181548.03397000
2344       181811.52866000
2345       182075.34150000
2346       182339.45868000
2347       182603.85219000
2348       182868.59294000
2349       183133.63884000
2350       183399.00431000
2351       183664.61872000
2352       183930.58158000
2353       184196.82218000
2354       184463.35493000
2355       184730.25129000
2356       184997.39760000
2357       185264.89387000
2358       185532.69762000
2359       185800.76621000
2360       186069.18567000
2361       186337.91340000
2362       186606.90660000
2363       186876.23724000
2364       187145.90566000
2365       187415.85463000
2366       187686.09873000
2367       187956.68146000
2368       188227.55984000
2369       188498.74856000
2370       188770.24787000
2371       189042.02906000
2372       189314.16481000
2373       189586.62647000
2374       189859.32720000
2375       190132.38337000
2376       190405.79538000
2377       190679.43248000
2378       190953.44053000
2379       191227.76156000
2380       191502.35199000
2381       191777.28512000
2382       192052.56127000
2383       192328.09286000
2384       192603.98269000
2385       192880.18709000
2386       193156.66221000
2387       193433.49649000
2388       193710.64613000
2389       193988.09666000
2390       194265.83352000
2391       194543.94556000
2392       194822.31487000
2393       195101.04521000
2394       195380.09250000
2395       195659.41250000
2396       195939.10930000
2397       196219.09415000
2398       196499.39697000
2399       196780.01805000
2400       197060.95765000
2401       197342.18618000
2402       197623.79347000
2403       197905.69021000
2404       198187.87660000
2405       198470.44273000
2406       198753.29902000
2407       199036.44567000
2408       199319.97304000
2409       199603.79130000
2410       199887.93073000
2411       200172.39163000
2412       200457.18934000
2413       200742.27885000
2414       201027.70571000
2415       201313.45510000
2416       201599.52728000
2417       201885.92252000
2418       202172.65629000
2419       202459.68327000
2420       202747.07975000
2421       203034.73950000
2422       203322.72359000
2423       203611.12388000
2424       203899.77284000
2425       204188.74699000
2426       204478.09252000
2427       204767.71789000
2428       205057.66926000
2429       205347.96224000
2430       205638.59716000
2431       205929.52817000
2432       206220.83247000
2433       206512.41794000
2434       206804.36190000
2435       207096.58747000
2436       207389.18755000
2437       207682.11613000
2438       207975.38896000
2439       208268.91330000
2440       208562.82893000
2441       208857.08968000
2442       209151.64919000
2443       209446.50765000
2444       209741.75876000
2445       210037.27816000
2446       210333.19087000
2447       210629.40355000
2448       210925.94769000
2449       211222.80789000
2450       211520.03141000
2451       211817.54015000
2452       212115.44421000
2453       212413.66543000
2454       212712.15680000
2455       213011.06023000
2456       213310.26581000
2457       213609.80530000
2458       213909.67898000
2459       214209.90295000
2460       214510.43000000
2461       214811.33959000
2462       215112.53691000
2463       215414.10154000
2464       215715.95432000
2465       216018.19090000
2466       216320.77983000
2467       216623.65763000
2468       216926.88829000
2469       217230.45617000
2470       217534.39352000
2471       217838.60465000
2472       218143.20183000
2473       218448.10527000
2474       218753.39545000
2475       219058.97633000
2476       219364.94459000
2477       219671.20401000
2478       219977.81921000
2479       220284.79052000
2480       220592.06981000
2481       220899.70576000
2482       221207.71488000
2483       221516.03275000
2484       221824.65952000
2485       222133.69282000
2486       222443.03559000
2487       222752.67174000
2488       223062.73169000
2489       223373.08554000
2490       223683.78239000
2491       223994.88784000
2492       224306.28793000
2493       224617.99914000
2494       224930.10358000
2495       225242.55246000
2496       225555.37890000
2497       225868.45184000
2498       226181.93573000
2499       226495.76518000
2500       226809.92400000
2501       227124.39593000
2502       227439.28021000
2503       227754.51121000
2504       228070.00650000
2505       228385.93170000
2506       228702.15474000
2507       229018.74212000
2508       229335.71077000
2509       229652.99458000
2510       229970.62700000
2511       230288.64165000
2512       230606.93884000
2513       230925.65220000
2514       231244.68195000
2515       231564.06173000
2516       231883.79183000
2517       232203.90602000
2518       232524.33761000
2519       232845.08678000
2520       233166.25454000
2521       233487.74045000
2522       233809.54468000
2523       234131.78541000
2524       234454.31131000
2525       234777.19004000
2526       235100.47259000
2527       235424.05786000
2528       235748.01373000
2529       236072.35750000
2530       236397.02166000
2531       236722.00640000
2532       237047.41393000
2533       237373.14261000
2534       237699.22669000
2535       238025.66646000
2536       238352.47928000
2537       238679.58005000
2538       239007.15698000
2539       239335.02240000
2540       239663.24493000
2541       239991.82486000
2542       240320.76248000
2543       240650.05807000
2544       240979.71191000
2545       241309.75874000
2546       241640.11275000
2547       241970.86036000
2548       242301.95012000
2549       242633.39957000
2550       242965.22630000
2551       243297.34404000
2552       243629.94359000
2553       243962.83469000
2554       244296.08691000
2555       244629.73532000
2556       244963.71068000
2557       245298.03060000
2558       245632.74763000
2559       245967.80980000
2560       246303.21734000
2561       246639.04045000
2562       246975.17453000
2563       247311.68981000
2564       247648.60417000
2565       247985.84777000
2566       248323.42079000
2567       248661.42898000
2568       248999.78479000
2569       249338.47081000
2570       249677.54017000
2571       250016.99322000
2572       250356.77726000
2573       250697.01634000
2574       251037.55159000
2575       251378.43630000
2576       251719.74168000
2577       252061.36159000
2578       252403.34952000
2579       252745.75916000
2580       253088.48404000
2581       253431.57781000
2582       253775.09432000
2583       254118.96252000
2584       254463.14690000
2585       254807.75500000
2586       255152.73352000
2587       255498.06480000
2588       255843.76704000
2589       256189.87647000
2590       256536.33954000
2591       256883.13845000
2592       257230.32748000
2593       257577.90698000
2594       257925.87728000
2595       258274.16643000
2596       258622.82884000
2597       258971.93725000
2598       259321.32900000
2599       259671.16745000
2600       260021.32595000
2601       260371.89553000
2602       260722.82202000
2603       261074.16028000
2604       261425.83779000
2605       261777.90949000
2606       262130.32092000
2607       262483.12713000
2608       262836.32846000
2609       263189.87030000
2610       263543.80785000
2611       263898.15983000
2612       264252.87150000
2613       264607.92471000
2614       264963.41171000
2615       265319.24081000
2616       265675.46753000
2617       266032.07377000
2618       266389.04133000
2619       266746.37046000
2620       267104.13547000
2621       267462.26267000
2622       267820.71521000
2623       268179.60464000
2624       268538.87566000
2625       268898.50995000
2626       269258.56363000
2627       269618.96254000
2628       269979.74418000
2629       270340.94621000
2630       270702.43817000
2631       271064.38850000
2632       271426.74152000
2633       271789.44134000
2634       272152.50692000
2635       272515.99484000
2636       272879.88673000
2637       273244.12646000
2638       273608.75190000
2639       273973.78222000
2640       274339.16113000
2641       274704.98329000
2642       275071.11679000
2643       275437.71314000
2644       275804.69707000
2645       276172.03095000
2646       276539.73396000
2647       276907.88233000
2648       277276.36243000
2649       277645.28861000
2650       278014.56605000
2651       278384.23310000
2652       278754.32824000
2653       279124.73722000
2654       279495.59402000
2655       279866.86081000
2656       280238.49961000
2657       280610.51068000
2658       280982.91346000
2659       281355.70825000
2660       281728.85688000
2661       282102.51358000
2662       282476.46698000
2663       282850.85214000
2664       283225.65017000
2665       283600.76478000
2666       283976.33148000
2667       284352.31201000
2668       284728.62920000
2669       285105.34138000
2670       285482.50711000
2671       285860.04912000
2672       286238.00656000
2673       286616.32137000
2674       286995.01323000
2675       287374.14093000
2676       287753.64629000
2677       288133.58820000
2678       288513.84968000
2679       288894.58749000
2680       289275.72375000
2681       289657.21951000
2682       290039.11424000
2683       290421.40826000
2684       290804.10187000
2685       291187.23476000
2686       291570.70877000
2687       291954.64245000
2688       292338.95726000
2689       292723.61391000
2690       293108.73127000
2691       293494.27019000
2692       293880.19140000
2693       294266.43559000
2694       294653.18163000
2695       295040.33070000
2696       295427.86319000
2697       295815.77935000
2698       296204.09938000
2699       296592.86350000
2700       296981.95227000
2701       297371.52573000
2702       297761.50436000
2703       298151.84840000
2704       298542.59814000
2705       298933.79405000
2706       299325.31599000
2707       299717.28470000
2708       300109.74087000
2709       300502.54399000
2710       300895.67404000
2711       301289.29258000
2712       301683.33953000
2713       302077.73437000
2714       302472.59868000
2715       302867.87217000
2716       303263.51458000
2717       303659.58701000
2718       304056.02886000
2719       304452.88100000
2720       304850.22518000
2721       305247.91930000
2722       305646.06547000
2723       306044.58246000
2724       306443.49091000
2725       306842.85241000
2726       307242.60598000
2727       307642.77236000
2728       308043.39289000
2729       308444.42693000
2730       308845.79260000
2731       309247.61338000
2732       309649.88970000
2733       310052.53957000
2734       310455.66631000
2735       310859.16717000
2736       311263.02169000
2737       311667.35411000
2738       312072.10281000
2739       312477.24737000
2740       312882.85028000
2741       313288.82892000
2742       313695.26660000
2743       314102.08056000
2744       314509.35427000
2745       314916.94229000
2746       315325.07408000
2747       315733.58328000
2748       316142.47009000
2749       316551.83928000
2750       316961.58668000
2751       317371.75438000
2752       317782.40561000
2753       318193.43591000
2754       318604.82446000
2755       319016.69759000
2756       319428.99263000
2757       319841.73097000
2758       320254.84971000
2759       320668.39127000
2760       321082.37710000
2761       321496.80756000
2762       321911.59835000
2763       322326.83437000
2764       322742.53721000
2765       323158.62237000
2766       323575.13257000
2767       323992.11064000
2768       324409.51444000
2769       324827.28038000
2770       325245.53655000
2771       325664.15536000
2772       326083.22242000
2773       326502.75950000
2774       326922.68139000
2775       327343.03116000
2776       327763.80912000
2777       328185.03705000
2778       328606.69385000
2779       329028.84434000
2780       329451.33835000
2781       329874.21905000
2782       330297.61602000
2783       330721.42190000
2784       331145.61535000
2785       331570.34792000
2786       331995.38216000
2787       332420.89133000
2788       332846.87587000
2789       333273.29282000
2790       333700.09904000
2791       334127.33822000
2792       334555.03245000
2793       334983.16032000
2794       335411.74395000
2795       335840.71825000
2796       336270.12711000
2797       336699.99272000
2798       337130.29356000
2799       337561.05187000
2800       337992.20224000
2801       338423.76684000
2802       338855.81180000
2803       339288.27161000
2804       339721.21256000
2805       340154.54699000
2806       340588.34122000
2807       341022.57357000
2808       341457.22229000
2809       341892.35394000
2810       342327.88048000
2811       342763.89067000
2812       343200.31848000
2813       343637.14196000
2814       344074.51678000
2815       344512.24351000
2816       344950.38897000
2817       345389.04250000
2818       345828.11545000
2819       346267.60808000
2820       346707.54299000
2821       347147.96519000
2822       347588.74090000
2823       348030.11652000
2824       348471.75661000
2825       348913.93020000
2826       349356.57049000
2827       349799.58798000
2828       350243.11778000
2829       350687.09284000
2830       351131.44589000
2831       351576.28984000
2832       352021.62514000
2833       352467.36186000
2834       352913.45495000
2835       353360.10824000
2836       353807.18642000
2837       354254.73510000
2838       354702.68657000
2839       355151.08647000
2840       355599.95788000
2841       356049.32393000
2842       356499.07117000
2843       356949.22254000
2844       357399.91519000
2845       357851.03547000
2846       358302.62937000
2847       358754.67439000
2848       359207.10215000
2849       359660.05034000
2850       360113.40474000
2851       360567.23446000
2852       361021.51691000
2853       361476.22938000
2854       361931.39519000
2855       362387.10687000
2856       362843.15733000
2857       363299.70826000
2858       363756.69076000
2859       364214.22078000
2860       364672.06731000
2861       365130.43893000
2862       365589.26654000
2863       366048.57371000
2864       366508.29109000
2865       366968.46541000
2866       367429.12029000
2867       367890.25611000
2868       368351.82663000
2869       368813.83210000
2870       369276.29616000
2871       369739.26592000
2872       370202.64820000
2873       370666.56035000
2874       371130.79181000
2875       371595.60076000
2876       372060.87037000
2877       372526.57745000
2878       372992.69872000
2879       373459.39931000
2880       373926.51480000
2881       374393.97459000
2882       374862.03856000
2883       375330.49460000
2884       375799.46119000
2885       376268.84405000
2886       376738.69078000
2887       377209.02546000
2888       377679.87224000
2889       378151.11270000
2890       378622.81837000
2891       379095.03721000
2892       379567.67434000
2893       380040.80154000
2894       380514.39532000
2895       380988.43212000
2896       381462.93612000
2897       381937.95556000
2898       382413.41898000
2899       382889.44662000
2900       383365.77493000
2901       383842.57204000
2902       384319.98259000
2903       384797.81470000
2904       385276.06858000
2905       385754.84091000
2906       386234.03559000
2907       386713.74948000
2908       387193.88629000
2909       387674.49466000
2910       388155.57492000
2911       388637.20013000
2912       389119.20095000
2913       389601.69891000
2914       390084.71872000
2915       390568.18785000
2916       391052.13091000
2917       391536.59701000
2918       392021.44021000
2919       392506.83153000
2920       392992.69818000
2921       393478.96710000
2922       393965.78535000
2923       394453.05543000
2924       394940.77761000
2925       395428.95216000
2926       395917.70223000
2927       396406.88084000
2928       396896.53742000
2929       397386.64769000
2930       397877.33521000
2931       398368.35375000
2932       398859.92561000
2933       399352.00187000
2934       399844.53342000
2935       400337.52055000
2936       400830.98832000
2937       401324.98670000
2938       401819.51617000
2939       402314.40315000
2940       402809.82186000
2941       403305.74785000
2942       403802.10674000
2943       404298.92370000
2944       404796.32385000
2945       405294.15784000
2946       405792.47590000
2947       406291.32846000
2948       406790.61574000
2949       407290.31285000
2950       407790.57059000
2951       408291.33924000
2952       408792.59404000
2953       409294.31018000
2954       409796.43752000
2955       410299.27884000
2956       410802.35549000
2957       411305.99558000
2958       411810.19964000
2959       412314.84167000
2960       412819.94722000
2961       413325.54192000
2962       413831.67685000
2963       414338.25090000
2964       414845.36595000
2965       415352.99705000
2966       415861.01728000
2967       416369.60512000
2968       416878.63357000
2969       417388.17943000
2970       417898.21756000
2971       418408.72272000
2972       418919.82320000
2973       419431.31462000
2974       419943.29963000
2975       420455.80425000
2976       420968.85458000
2977       421482.32253000
2978       421996.20825000
2979       422510.84674000
2980       423025.74916000
2981       423541.22492000
2982       424057.22289000
2983       424573.69180000
2984       425090.63192000
2985       425608.12121000
2986       426126.10832000
2987       426644.51577000
2988       427163.49949000
2989       427682.98206000
2990       428202.88580000
2991       428723.41911000
2992       429244.34819000
2993       429765.75132000
2994       430287.73322000
2995       430810.13766000
2996       431333.17399000
2997       431856.65969000
2998       432380.59497000
2999       432905.00626000
3000       433429.99879000
3001       433955.49433000
3002       434481.51952000
3003       435007.96953000
3004       435534.92350000
3005       436062.51355000
3006       436590.45022000
3007       437118.86544000
3008       437647.91804000
3009       438177.45004000
3010       438707.46170000
3011       439237.95331000
3012       439769.00470000
3013       440300.51019000
3014       440832.54968000
3015       441365.12360000
3016       441898.17914000
3017       442431.76984000
3018       442965.86948000
3019       443500.42503000
3020       444035.54353000
3021       444571.11855000
3022       445107.20380000
3023       445643.87996000
3024       446181.01360000
3025       446718.63175000
3026       447256.81523000
3027       447795.45704000
3028       448334.63809000
3029       448874.35878000
3030       449414.51179000
3031       449955.25902000
3032       450496.52009000
3033       451038.24132000
3034       451580.53106000
3035       452123.38980000
3036       452666.54723000
3037       453210.38259000
3038       453754.78814000
3039       454299.60148000
3040       454844.98572000
3041       455390.88697000
3042       455937.25111000
3043       456484.13287000
3044       457031.58712000
3045       457579.50520000
3046       458127.99658000
3047       458677.00707000
3048       459226.48230000
3049       459776.53203000
3050       460327.04712000
3051       460878.13751000
3052       461429.74878000
3053       461981.82632000
3054       462534.42535000
3055       463087.65635000
3056       463641.35464000
3057       464195.46527000
3058       464750.15391000
3059       465305.47633000
3060       465861.26726000
3061       466417.52691000
3062       466974.31089000
3063       467531.67500000
3064       468089.56425000
3065       468647.92345000
3066       469206.80839000
3067       469766.33072000
3068       470326.32402000
3069       470886.73276000
3070       471447.89171000
3071       472009.41099000
3072       472571.40228000
3073       473134.08949000
3074       473697.19354000
3075       474260.77053000
3076       474825.10102000
3077       475389.79311000
3078       475955.01522000
3079       476520.82394000
3080       477087.10722000
3081       477653.92161000
3082       478221.38018000
3083       478789.31434000
3084       479357.66785000
3085       479926.77983000
3086       480496.19876000
3087       481066.26404000
3088       481636.86303000
3089       482207.93937000
3090       482779.60679000
3091       483351.80898000
3092       483924.48946000
3093       484497.70534000
3094       485071.57086000
3095       485645.80171000
3096       486220.68302000
3097       486796.15837000
3098       487372.05681000
3099       487948.49281000
3100       488525.58121000
3101       489103.03619000
3102       489681.20174000
3103       490259.79170000
3104       490838.97845000
3105       491418.70501000
3106       491998.97175000
3107       492579.72143000
3108       493161.01191000
3109       493742.90123000
3110       494325.21670000
3111       494908.30510000
3112       495491.76252000
3113       496075.76255000
3114       496660.42141000
3115       497245.44984000
3116       497831.07990000
3117       498417.37017000
3118       499004.14692000
3119       499591.41036000
3120       500179.33541000
3121       500767.68959000
3122       501356.64796000
3123       501946.15266000
3124       502536.08718000
3125       503126.68551000
3126       503717.83126000
3127       504309.46621000
3128       504901.70783000
3129       505494.49795000
3130       506087.77821000
3131       506681.66639000
3132       507276.10416000
3133       507871.09189000
3134       508466.57101000
3135       509062.71869000
3136       509659.35849000
3137       510256.43154000
3138       510854.17444000
3139       511452.46949000
3140       512051.19858000
3141       512650.71750000
3142       513250.61184000
3143       513851.05970000
3144       514452.18031000
3145       515053.67689000
3146       515655.78751000
3147       516258.63188000
3148       516861.79332000
3149       517465.62975000
3150       518070.02235000
3151       518674.97149000
3152       519280.47753000
3153       519886.48094000
3154       520493.04190000
3155       521100.34074000
3156       521707.95797000
3157       522316.25393000
3158       522925.16915000
3159       523534.46334000
3160       524144.43767000
3161       524754.97221000
3162       525365.94663000
3163       525977.66299000
3164       526589.88032000
3165       527202.59881000
3166       527815.87926000
3167       528429.78263000
3168       529044.24879000
3169       529659.27810000
3170       530274.87094000
3171       530891.02767000
3172       531507.74866000
3173       532124.91245000
3174       532742.76298000
3175       533361.17887000
3176       533980.16051000
3177       534599.70825000
3178       535219.76130000
3179       535840.50355000
3180       536461.75185000
3181       537083.38374000
3182       537705.89020000
3183       538328.71946000
3184       538952.30167000
3185       539576.32998000
3186       540200.92764000
3187       540826.15664000
3188       541451.95584000
3189       542078.32559000
3190       542705.20447000
3191       543332.71639000
3192       543960.86189000
3193       544589.39368000
3194       545218.74570000
3195       545848.42248000
3196       546478.79644000
3197       547109.74393000
3198       547741.26532000
3199       548373.23646000
3200       549006.03131000
3201       549639.21428000
3202       550273.03497000
3203       550907.36895000
3204       551542.27896000
3205       552177.89056000
3206       552813.95387000
3207       553450.65703000
3208       554088.00057000
3209       554725.73385000
3210       555364.17098000
3211       556003.18688000
3212       556642.78191000
3213       557282.89345000
3214       557923.64781000
3215       558565.04554000
3216       559206.83452000
3217       559849.39394000
3218       560492.40831000
3219       561136.06765000
3220       561780.30913000
3221       562425.13310000
3222       563070.53996000
3223       563716.53008000
3224       564362.97666000
3225       565010.13431000
3226       565657.87635000
3227       566306.20314000
3228       566955.05128000
3229       567604.54868000
3230       568254.63196000
3231       568905.23755000
3232       569556.49370000
3233       570208.33686000
3234       570860.70330000
3235       571513.78575000
3236       572167.32801000
3237       572821.58725000
3238       573476.37117000
3239       574131.61561000
3240       574787.57836000
3241       575444.19566000
3242       576101.33893000
3243       576759.00840000
3244       577417.33358000
3245       578076.25032000
3246       578735.69423000
3247       579395.79516000
3248       580056.48877000
3249       580717.64560000
3250       581379.65558000
3251       582042.06450000
3252       582705.06752000
3253       583368.73015000
3254       584032.92255000
3255       584697.84069000
3256       585363.22405000
3257       586029.33412000
3258       586695.97536000
3259       587363.14801000
3260       588030.98331000
3261       588699.35066000
3262       589368.38153000
3263       590037.94511000
3264       590708.30455000
3265       591379.06598000
3266       592050.42683000
3267       592722.58518000
3268       593395.01426000
3269       594068.30773000
3270       594742.13629000
3271       595416.50017000
3272       596091.59811000
3273       596767.23212000
3274       597443.46871000
3275       598120.17558000
3276       598797.68476000
3277       599475.66488000
3278       600154.24900000
3279       600833.63718000
3280       601513.36399000
3281       602193.96252000
3282       602874.90001000
3283       603556.51009000
3284       604238.79329000
3285       604921.68329000
3286       605605.18046000
3287       606289.28519000
3288       606973.99785000
3289       607659.25173000
3290       608345.11421000
3291       609031.78734000
3292       609718.80105000
3293       610406.69374000
3294       611094.92734000
3295       611784.04112000
3296       612473.49615000
3297       613163.69746000
3298       613854.51056000
3299       614545.86816000
3300       615237.97364000
3301       615930.62441000
3302       616623.88850000
3303       617317.76630000
3304       618012.05436000
3305       618707.29658000
3306       619402.94971000
3307       620099.28611000
3308       620796.30632000
3309       621493.87444000
3310       622191.99069000
3311       622890.79197000
3312       623590.14204000
3313       624290.10958000
3314       624990.90048000
3315       625692.10428000
3316       626393.92669000
3317       627096.50546000
3318       627799.49767000
3319       628503.31591000
3320       629207.68570000
3321       629912.67617000
3322       630618.21874000
3323       631324.52068000
3324       632031.30642000
3325       632738.71429000
3326       633446.88301000
3327       634155.53638000
3328       634864.88232000
3329       635574.85204000
3330       636285.51534000
3331       636996.66438000
3332       637708.57730000
3333       638420.97651000
3334       639134.00134000
3335       639847.79155000
3336       640562.06888000
3337       641277.11261000
3338       641992.64401000
3339       642708.94281000
3340       643425.58989000
3341       644143.14521000
3342       644861.32949000
3343       645579.93269000
3344       646299.44610000
3345       647019.30871000
3346       647740.01245000
3347       648461.27674000
3348       649183.10178000
3349       649905.55830000
3350       650628.71721000
3351       651352.57911000
3352       652076.93254000
3353       652802.06045000
3354       653527.75124000
3355       654254.00513000
3356       654980.96412000
3357       655708.55782000
3358       656436.78664000
3359       657165.65096000
3360       657895.15117000
3361       658625.28767000
3362       659355.98961000
3363       660087.32851000
3364       660819.51882000
3365       661552.13299000
3366       662285.45676000
3367       663019.49071000
3368       663753.94906000
3369       664489.18989000
3370       665225.07056000
3371       665961.59144000
3372       666698.75294000
3373       667436.62733000
3374       668174.99936000
3375       668914.08507000
3376       669653.81298000
3377       670394.18347000
3378       671135.12478000
3379       671876.85380000
3380       672619.15442000
3381       673361.95452000
3382       674105.68856000
3383       674849.85042000
3384       675594.73002000
3385       676340.25538000
3386       677086.35425000
3387       677833.17223000
3388       678580.70991000
3389       679328.74941000
3390       680077.43652000
3391       680826.84457000
3392       681576.90114000
3393       682327.53359000
3394       683078.96144000
3395       683831.03913000
3396       684583.62059000
3397       685336.99901000
3398       686090.80842000
3399       686845.41570000
3400       687600.74814000
3401       688356.58576000
3402       689113.14933000
3403       689870.36579000
3404       690628.30923000
3405       691386.75898000
3406       692145.93650000
3407       692905.76851000
3408       693666.25540000
3409       694427.39757000
3410       695189.19542000
3411       695951.64935000
3412       696714.75976000
3413       697478.45281000
3414       698242.87731000
3415       699008.03383000
3416       699773.62532000
3417       700540.17292000
3418       701307.23058000
3419       702074.87292000
3420       702843.24946000
3421       703612.28608000
3422       704381.90840000
3423       705152.34113000
3424       705923.36036000
3425       706694.96632000
3426       707467.38426000
3427       708240.31465000
3428       709013.98292000
3429       709788.31448000
3430       710563.30971000
3431       711338.89371000
3432       712115.29281000
3433       712892.28149000
3434       713669.93544000
3435       714448.25509000
3436       715227.24082000
3437       716006.81737000
3438       716787.21215000
3439       717568.19855000
3440       718349.85265000
3441       719132.17485000
3442       719915.16555000
3443       720698.74911000
3444       721483.15405000
3445       722268.07651000
3446       723053.66896000
3447       723840.16064000
3448       724627.01812000
3449       725414.69948000
3450       726203.12903000
3451       726992.15430000
3452       727781.77552000
3453       728572.29949000
3454       729363.19022000
3455       730155.06151000
3456       730947.29990000
3457       731740.44325000
3458       732534.18473000
3459       733328.60157000
3460       734123.61711000
3461       734919.54009000
3462       735715.90832000
3463       736512.95340000
3464       737310.75306000
3465       738109.23051000
3466       738908.30872000
3467       739708.37540000
3468       740508.81122000
3469       741309.84870000
3470       742111.87650000
3471       742914.27378000
3472       743717.50706000
3473       744521.42138000
3474       745326.09507000
3475       746131.21676000
3476       746937.41072000
3477       747743.97526000
3478       748551.22275000
3479       749359.23182000
3480       750168.00308000
3481       750977.22367000
3482       751787.44241000
3483       752598.11103000
3484       753409.54360000
3485       754221.58348000
3486       755034.54558000
3487       755847.87972000
3488       756662.21594000
3489       757477.00339000
3490       758292.63652000
3491       759108.87916000
3492       759925.73153000
3493       760743.27296000
3494       761561.74137000
3495       762380.58310000
3496       763200.35288000
3497       764020.73424000
3498       764841.88626000
3499       765663.49159000
3500       766486.02736000
