   1           12.04615000
   2           28.90838000
   3           49.72900000
   4           74.03792000
   5          101.40663000
   6          131.52727000
   7          164.16859000
   8          199.14915000
   9          236.32195000
  10          275.56461000
  11          316.77332000
  12          359.85846000
  13          404.74182000
  14          451.35413000
  15          499.63367000
  16          549.52484000
  17          600.97736000
  18          653.94543000
  19          708.38702000
  20          764.26337000
  21          821.53870000
  22          880.17981000
  23          940.15582000
  24         1001.43793000
  25         1063.99878000
  26         1127.81287000
  27         1192.85669000
  28         1259.10706000
  29         1326.54272000
  30         1395.14343000
  31         1464.88940000
  32         1535.76306000
  33         1607.74646000
  34         1680.82275000
  35         1754.97607000
  36         1830.19128000
  37         1906.45374000
  38         1983.74939000
  39         2062.06421000
  40         2141.38623000
  41         2221.70190000
  42         2302.99976000
  43         2385.26855000
  44         2468.49609000
  45         2552.67261000
  46         2637.78687000
  47         2723.82959000
  48         2810.79004000
  49         2898.65967000
  50         2987.42822000
  51         3077.08765000
  52         3167.62866000
  53         3259.04419000
  54         3351.32446000
  55         3444.46240000
  56         3538.45044000
  57         3633.28027000
  58         3728.94531000
  59         3825.43848000
  60         3922.75244000
  61         4020.88013000
  62         4119.81543000
  63         4219.55273000
  64         4320.08447000
  65         4421.40479000
  66         4523.50781000
  67         4626.38770000
  68         4730.03906000
  69         4834.45557000
  70         4939.63330000
  71         5045.56445000
  72         5152.24512000
  73         5259.67139000
  74         5367.83594000
  75         5476.73535000
  76         5586.36475000
  77         5696.71875000
  78         5807.79248000
  79         5919.58203000
  80         6032.08350000
  81         6145.29150000
  82         6259.20215000
  83         6373.81104000
  84         6489.11426000
  85         6605.10742000
  86         6721.78760000
  87         6839.14893000
  88         6957.18896000
  89         7075.90381000
  90         7195.29004000
  91         7315.34277000
  92         7436.05957000
  93         7557.43652000
  94         7679.46973000
  95         7802.23378000
  96         7925.57096000
  97         8049.55559000
  98         8174.18379000
  99         8299.45115000
 100         8425.35476000
 101         8551.89314000
 102         8679.06140000
 103         8806.85662000
 104         8935.36620000
 105         9064.41175000
 106         9194.07353000
 107         9324.35250000
 108         9455.24281000
 109         9586.84033000
 110         9718.95172000
 111         9851.66761000
 112         9985.08689000
 113        10119.00533000
 114        10253.62399000
 115        10388.73621000
 116        10524.54452000
 117        10660.83883000
 118        10797.83001000
 119        10935.29765000
 120        11073.45808000
 121        11212.20042000
 122        11351.41119000
 123        11491.31113000
 124        11631.78620000
 125        11772.83640000
 126        11914.45591000
 127        12056.64667000
 128        12199.40288000
 129        12342.72257000
 130        12486.73159000
 131        12631.17779000
 132        12776.31137000
 133        12921.87442000
 134        13068.12095000
 135        13214.92425000
 136        13362.14783000
 137        13510.05350000
 138        13658.50920000
 139        13807.65395000
 140        13957.20638000
 141        14107.30112000
 142        14258.08268000
 143        14409.26266000
 144        14561.12570000
 145        14713.53130000
 146        14866.47460000
 147        15019.95272000
 148        15174.11835000
 149        15328.66683000
 150        15483.90013000
 151        15639.66863000
 152        15795.96846000
 153        15952.79872000
 154        16110.15458000
 155        16268.20060000
 156        16426.77647000
 157        16585.87544000
 158        16745.50442000
 159        16905.65370000
 160        17066.49776000
 161        17227.69144000
 162        17389.57934000
 163        17552.16442000
 164        17715.09194000
 165        17878.72201000
 166        18042.86968000
 167        18207.53502000
 168        18372.72013000
 169        18538.60429000
 170        18705.00779000
 171        18871.92683000
 172        19039.55547000
 173        19207.69928000
 174        19376.36039000
 175        19545.53498000
 176        19715.42184000
 177        19885.82386000
 178        20056.94122000
 179        20228.37763000
 180        20400.52524000
 181        20573.39711000
 182        20746.57701000
 183        20920.47904000
 184        21095.10653000
 185        21270.04085000
 186        21445.70050000
 187        21622.09085000
 188        21798.99811000
 189        21976.42448000
 190        22154.58491000
 191        22333.26636000
 192        22512.46118000
 193        22692.40137000
 194        22872.86084000
 195        23053.83786000
 196        23235.56578000
 197        23418.04231000
 198        23601.04415000
 199        23784.56763000
 200        23968.84542000
 201        24153.65088000
 202        24339.22028000
 203        24525.31559000
 204        24711.93313000
 205        24899.32443000
 206        25087.49128000
 207        25276.18648000
 208        25465.41033000
 209        25655.42363000
 210        25846.21645000
 211        26037.54615000
 212        26229.40911000
 213        26422.06369000
 214        26615.51770000
 215        26809.51335000
 216        27004.31457000
 217        27199.65394000
 218        27395.53579000
 219        27592.50473000
 220        27789.74341000
 221        27988.07920000
 222        28186.68550000
 223        28386.40097000
 224        28586.66829000
 225        28787.76837000
 226        28989.42291000
 227        29191.63236000
 228        29394.97743000
 229        29598.87994000
 230        29803.34624000
 231        30008.66876000
 232        30214.85170000
 233        30421.89737000
 234        30629.51821000
 235        30837.70875000
 236        31046.77704000
 237        31256.72345000
 238        31467.55432000
 239        31678.96453000
 240        31891.26800000
 241        32104.15773000
 242        32317.94563000
 243        32532.63812000
 244        32748.24366000
 245        32964.44739000
 246        33181.56124000
 247        33399.28035000
 248        33617.92060000
 249        33837.49453000
 250        34058.01268000
 251        34279.13442000
 252        34501.20159000
 253        34723.88154000
 254        34947.85349000
 255        35172.44748000
 256        35398.00551000
 257        35624.18688000
 258        35851.34165000
 259        36079.47257000
 260        36308.59038000
 261        36538.34234000
 262        36769.09069000
 263        37000.84229000
 264        37233.59191000
 265        37466.98665000
 266        37701.76695000
 267        37936.83010000
 268        38173.28457000
 269        38410.77549000
 270        38648.92360000
 271        38888.11391000
 272        39128.35343000
 273        39369.26475000
 274        39611.23109000
 275        39854.25954000
 276        40098.35312000
 277        40343.52298000
 278        40589.77624000
 279        40836.71887000
 280        41084.75090000
 281        41333.87546000
 282        41584.10380000
 283        41835.04155000
 284        42087.09328000
 285        42340.65987000
 286        42594.95531000
 287        42849.96417000
 288        43106.52413000
 289        43363.81602000
 290        43622.66983000
 291        43882.26188000
 292        44143.00582000
 293        44404.92544000
 294        44667.59059000
 295        44931.86121000
 296        45196.88793000
 297        45463.53534000
 298        45730.94946000
 299        45999.57159000
 300        46268.95851000
 301        46540.00476000
 302        46812.27348000
 303        47085.32724000
 304        47360.06979000
 305        47635.60410000
 306        47912.38699000
 307        48190.41784000
 308        48469.71682000
 309        48749.82496000
 310        49031.66865000
 311        49314.79123000
 312        49598.73953000
 313        49883.99032000
 314        50171.00425000
 315        50458.86067000
 316        50748.03055000
 317        51038.53012000
 318        51330.35472000
 319        51623.51648000
 320        51917.54018000
 321        52213.39357000
 322        52510.60795000
 323        52808.70136000
 324        53108.65526000
 325        53409.49544000
 326        53711.71993000
 327        54015.83592000
 328        54320.85975000
 329        54627.28790000
 330        54935.12427000
 331        55244.40243000
 332        55555.09237000
 333        55867.22347000
 334        56180.80395000
 335        56495.83781000
 336        56812.32897000
 337        57130.28573000
 338        57449.72061000
 339        57770.11925000
 340        58092.52442000
 341        58416.43268000
 342        58741.31410000
 343        59068.24270000
 344        59396.70817000
 345        59726.14769000
 346        60057.67102000
 347        60390.73928000
 348        60724.81277000
 349        61060.99393000
 350        61398.19256000
 351        61737.51630000
 352        62078.43618000
 353        62420.38769000
 354        62764.50150000
 355        63109.65933000
 356        63456.99710000
 357        63805.96099000
 358        64155.99199000
 359        64508.24048000
 360        64862.13677000
 361        65217.11466000
 362        65574.33464000
 363        65933.23299000
 364        66293.80967000
 365        66656.09113000
 366        67019.47267000
 367        67385.15680000
 368        67752.56337000
 369        68121.69684000
 370        68492.56163000
 371        68865.16664000
 372        69240.12688000
 373        69616.25494000
 374        69994.13664000
 375        70373.80776000
 376        70755.87981000
 377        71139.12795000
 378        71524.80000000
 379        71911.66574000
 380        72300.97399000
 381        72692.12647000
 382        73085.10975000
 383        73479.31773000
 384        73876.01461000
 385        74274.57875000
 386        74675.66467000
 387        75077.98885000
 388        75482.21245000
 389        75888.99303000
 390        76297.03206000
 391        76707.66541000
 392        77119.54779000
 393        77534.04817000
 394        77950.49042000
 395        78368.89305000
 396        78789.27470000
 397        79212.29475000
 398        79636.64669000
 399        80062.98736000
 400        80492.01159000
 401        80923.04851000
 402        81356.12625000
 403        81791.24501000
 404        82228.40497000
 405        82667.62500000
 406        83108.90531000
 407        83552.95888000
 408        83999.10644000
 409        84447.33876000
 410        84896.98255000
 411        85350.14330000
 412        85804.73489000
 413        86261.46880000
 414        86721.04783000
 415        87182.78427000
 416        87646.69741000
 417        88112.77794000
 418        88581.06434000
 419        89052.26279000
 420        89524.93551000
 421        90000.56434000
 422        90478.40517000
 423        90958.50643000
 424        91440.84909000
 425        91926.18386000
 426        92413.80448000
 427        92903.69179000
 428        93395.87519000
 429        93890.36466000
 430        94387.91448000
 431        94887.04888000
 432        95389.24937000
 433        95894.57315000
 434        96401.48949000
 435        96911.53499000
 436        97423.19781000
 437        97938.77807000
 438        98455.99594000
 439        98975.62163000
 440        99498.44594000
 441       100023.70382000
 442       100551.39549000
 443       101082.33982000
 444       101615.75386000
 445       102151.65795000
 446       102690.04230000
 447       103230.91723000
 448       103775.10522000
 449       104321.81994000
 450       104871.06167000
 451       105423.66112000
 452       105978.82397000
 453       106536.55046000
 454       107096.85105000
 455       107660.56747000
 456       108226.88435000
 457       108795.82248000
 458       109368.21137000
 459       109942.41612000
 460       110520.92259000
 461       111101.27644000
 462       111685.11902000
 463       112271.65734000
 464       112860.90210000
 465       113453.69155000
 466       114049.21431000
 467       114647.46018000
 468       115249.31753000
 469       115853.92494000
 470       116461.30363000
 471       117072.31885000
 472       117685.30705000
 473       118302.79773000
 474       118922.25135000
 475       119545.39072000
 476       120172.26702000
 477       120801.99649000
 478       121434.60072000
 479       122070.09067000
 480       122709.34586000
 481       123351.51423000
 482       123997.50250000
 483       124646.42081000
 484       125298.29102000
 485       125954.00653000
 486       126612.70165000
 487       127274.39845000
 488       127939.97689000
 489       128608.56297000
 490       129281.10800000
 491       129956.67766000
 492       130636.22901000
 493       131318.82190000
 494       132004.51178000
 495       132694.19791000
 496       133387.00931000
 497       134083.86194000
 498       134783.84583000
 499       135486.97233000
 500       136194.19940000
 501       136905.53569000
 502       137619.10772000
 503       138337.78389000
 504       139058.71862000
 505       139784.78623000
 506       140513.12389000
 507       141246.64587000
 508       141982.48370000
 509       142722.53937000
 510       143466.86735000
 511       144214.52118000
 512       144966.45899000
 513       145721.74010000
 514       146480.37613000
 515       147244.33512000
 516       148010.69119000
 517       148781.42689000
 518       149556.57429000
 519       150335.11728000
 520       151118.10697000
 521       151904.55669000
 522       152695.46482000
 523       153489.86235000
 524       154288.76535000
 525       155092.18250000
 526       155898.15015000
 527       156709.65059000
 528       157524.70537000
 529       158344.35708000
 530       159167.60485000
 531       159995.46111000
 532       160826.94324000
 533       161663.08155000
 534       162503.92113000
 535       163348.38587000
 536       164197.59994000
 537       165050.50567000
 538       165908.13570000
 539       166770.57221000
 540       167636.73626000
 541       168507.70612000
 542       169382.42128000
 543       170262.00314000
 544       171146.44811000
 545       172034.71162000
 546       172927.87462000
 547       173825.95824000
 548       174727.92175000
 549       175634.82988000
 550       176546.70386000
 551       177462.49408000
 552       178383.29937000
 553       179309.17928000
 554       180238.97386000
 555       181173.84169000
 556       182113.82987000
 557       183057.79455000
 558       184008.02102000
 559       184962.27372000
 560       185920.59093000
 561       186884.08566000
 562       187853.92177000
 563       188826.74598000
 564       189805.95506000
 565       190789.26365000
 566       191777.89126000
 567       192771.82040000
 568       193769.93843000
 569       194774.55933000
 570       195783.39351000
 571       196797.62371000
 572       197816.09872000
 573       198841.17042000
 574       199870.52467000
 575       200905.35673000
 576       201945.67522000
 577       202990.34045000
 578       204041.70836000
 579       205097.47473000
 580       206158.80983000
 581       207225.72220000
 582       208298.27492000
 583       209375.24188000
 584       210459.05692000
 585       211547.39311000
 586       212641.38396000
 587       213741.13452000
 588       214846.59808000
 589       215957.85252000
 590       217074.89254000
 591       218196.49414000
 592       219325.16961000
 593       220458.47344000
 594       221597.60438000
 595       222742.66953000
 596       223893.64932000
 597       225051.78946000
 598       226213.38648000
 599       227382.23181000
 600       228557.08255000
 601       229737.96144000
 602       230924.87694000
 603       232116.61008000
 604       233315.69286000
 605       234520.88070000
 606       235730.94538000
 607       236948.48170000
 608       238170.87628000
 609       239400.75100000
 610       240636.84550000
 611       241877.91614000
 612       243126.56047000
 613       244381.46422000
 614       245641.40399000
 615       246909.01145000
 616       248182.94764000
 617       249463.26549000
 618       250750.01828000
 619       252041.87747000
 620       253342.83204000
 621       254648.92446000
 622       255961.54544000
 623       257280.68812000
 624       258606.37595000
 625       259939.98898000
 626       261280.13923000
 627       262625.64045000
 628       263979.11659000
 629       265339.20007000
 630       266706.03821000
 631       268079.59290000
 632       269461.23634000
 633       270848.26708000
 634       272243.50309000
 635       273645.49423000
 636       275054.32692000
 637       276470.05663000
 638       277894.01200000
 639       279324.91887000
 640       280761.36315000
 641       282207.52390000
 642       283659.30179000
 643       285118.12751000
 644       286585.34829000
 645       288059.60704000
 646       289542.38655000
 647       291030.86145000
 648       292527.87953000
 649       294032.10382000
 650       295543.49323000
 651       297063.48212000
 652       298590.72380000
 653       300125.27572000
 654       301668.51641000
 655       303219.12296000
 656       304777.02003000
 657       306343.72857000
 658       307916.41631000
 659       309499.37420000
 660       311088.39408000
 661       312686.34362000
 662       314293.22342000
 663       315906.16820000
 664       317529.62024000
 665       319159.18662000
 666       320797.80145000
 667       322444.07065000
 668       324099.48550000
 669       325762.57651000
 670       327434.87617000
 671       329114.90825000
 672       330804.21213000
 673       332501.30477000
 674       334206.28130000
 675       335920.55114000
 676       337644.25487000
 677       339375.86083000
 678       341115.35835000
 679       342864.38217000
 680       344621.39000000
 681       346387.95255000
 682       348164.06932000
 683       349948.25898000
 684       351742.10272000
 685       353544.11286000
 686       355355.76886000
 687       357175.64869000
 688       359005.38446000
 689       360843.29245000
 690       362692.55112000
 691       364548.61261000
 692       366416.09610000
 693       368291.94686000
 694       370176.22762000
 695       372072.07828000
 696       373976.34936000
 697       375889.10369000
 698       377812.00946000
 699       379744.98980000
 700       381688.15615000
 701       383639.92936000
 702       385603.49679000
 703       387574.15210000
 704       389556.71213000
 705       391548.00304000
 706       393549.64521000
 707       395561.67485000
 708       397582.56573000
 709       399615.47582000
 710       401657.35219000
 711       403709.67665000
 712       405772.64196000
 713       407844.54875000
 714       409927.12369000
 715       412021.94986000
 716       414125.93544000
 717       416238.98799000
 718       418364.40473000
 719       420500.67351000
 720       422646.18888000
 721       424804.14876000
 722       426971.46246000
 723       429149.68854000
 724       431338.94489000
 725       433539.14651000
 726       435750.49339000
 727       437972.90024000
 728       440206.48619000
 729       442451.24743000
 730       444707.17982000
 731       446972.63953000
 732       449251.14649000
 733       451540.93614000
 734       453842.08745000
 735       456154.67995000
 736       458478.66710000
 737       460814.12847000
 738       463161.14397000
 739       465519.58142000
 740       467889.73349000
 741       470271.42496000
 742       472666.54080000
 743       475071.55519000
 744       477490.11987000
 745       479920.42436000
 746       482360.85993000
 747       484814.75347000
 748       487282.41482000
 749       489760.14303000
 750       492251.67915000
 751       494753.39445000
 752       497269.00167000
 753       499798.32832000
 754       502338.12209000
 755       504891.89676000
 756       507457.70913000
 757       510035.86581000
 758       512626.22573000
 759       515230.78669000
 760       517847.63459000
 761       520478.68451000
 762       523120.40618000
 763       525776.41441000
 764       528446.71273000
 765       531127.84145000
 766       533823.25233000
 767       536533.27197000
 768       539255.81454000
 769       541991.29065000
 770       544741.13813000
 771       547504.00535000
 772       550279.50930000
 773       553069.94131000
 774       555874.97405000
 775       558693.10474000
 776       561524.23061000
 777       564370.23406000
 778       567229.36582000
 779       570103.46783000
 780       572990.78414000
 781       575893.21208000
 782       578810.80221000
 783       581741.59368000
 784       584687.78693000
 785       587647.16932000
 786       590622.09708000
 787       593610.39779000
 788       596614.19118000
 789       599633.28021000
 790       602666.17231000
 791       605716.44707000
 792       608778.62297000
 793       611858.18216000
 794       614951.67758000
 795       618060.90727000
 796       621184.06048000
 797       624322.99165000
 798       627479.82386000
 799       630648.69687000
 800       633835.52242000
 801       637036.39898000
 802       640255.44130000
 803       643488.57804000
 804       646736.05668000
 805       650001.65194000
 806       653283.63404000
 807       656579.89280000
 808       659892.63460000
 809       663223.81863000
 810       666569.42220000
 811       669931.71791000
 812       673310.43870000
 813       676705.95602000
 814       680116.07651000
 815       683545.01904000
 816       686990.69986000
 817       690453.38743000
 818       693932.80879000
 819       697429.28731000
 820       700942.65722000
 821       704473.24420000
 822       708020.82662000
 823       711585.62142000
 824       715167.68160000
 825       718769.02308000
 826       722385.55298000
 827       726021.64386000
 828       729674.99417000
 829       733346.04931000
 830       737034.46850000
 831       740740.58634000
 832       744466.27392000
 833       748207.83966000
 834       751968.97389000
 835       755750.08316000
 836       759547.11344000
 837       763363.88777000
 838       767198.80707000
 839       771053.76434000
 840       774926.80725000
 841       778817.98918000
 842       782727.42221000
 843       786657.01054000
 844       790607.23100000
 845       794573.54883000
 846       798560.55587000
 847       802567.96072000
 848       806593.96151000
 849       810638.55247000
 850       814703.96006000
 851       818790.12905000
 852       822895.06506000
 853       827018.82217000
 854       831163.58173000
 855       835329.40927000
 856       839514.29691000
 857       843720.19158000
 858       847945.44768000
 859       852191.70976000
 860       856459.66315000
 861       860746.59845000
 862       865055.28870000
 863       869385.55084000
 864       873735.03366000
 865       878106.46451000
 866       882499.46778000
 867       886912.18602000
 868       891348.90792000
 869       895805.40629000
 870       900281.73619000
 871       904782.40101000
 872       909305.15431000
 873       913847.86274000
 874       918412.84938000
 875       923000.31174000
 876       927609.92478000
 877       932242.21318000
 878       936896.91604000
 879       941574.36401000
 880       946274.29351000
 881       950994.80621000
 882       955740.29286000
 883       960508.79511000
 884       965300.04526000
 885       970112.20094000
 886       974949.41193000
 887       979810.04510000
 888       984693.69371000
 889       989603.02644000
 890       994533.45733000
 891       999487.10488000
 892      1004466.65291000
 893      1009469.55970000
 894      1014496.16942000
 895      1019546.41144000
 896      1024622.78140000
 897      1029722.85752000
 898      1034846.98862000
 899      1039994.96191000
 900      1045169.36083000
 901      1050367.67448000
 902      1055590.32634000
 903      1060839.41537000
 904      1066112.98898000
 905      1071413.00815000
 906      1076737.73001000
 907      1082086.79054000
 908      1087462.95536000
 909      1092863.60312000
 910      1098291.50983000
 911      1103744.04414000
 912      1109223.99236000
 913      1114731.21520000
 914      1120263.43525000
 915      1125820.72138000
 916      1131405.65805000
 917      1137018.17771000
 918      1142658.28599000
 919      1148323.91186000
 920      1154017.28062000
 921      1159736.31504000
 922      1165485.71259000
 923      1171260.93253000
 924      1177064.05968000
 925      1182893.23381000
 926      1188753.02846000
 927      1194639.02797000
 928      1200553.32895000
 929      1206496.32356000
 930      1212467.78228000
 931      1218465.67458000
 932      1224494.85127000
 933      1230552.89518000
 934      1236637.37236000
 935      1242753.47269000
 936      1248896.24282000
 937      1255070.73081000
 938      1261271.96582000
 939      1267505.25353000
 940      1273767.74498000
 941      1280059.92622000
 942      1286381.63748000
 943      1292733.36930000
 944      1299114.71616000
 945      1305528.24008000
 946      1311972.12748000
 947      1318445.72075000
 948      1324949.84735000
 949      1331486.25803000
 950      1338050.71194000
 951      1344648.12446000
 952      1351278.42368000
 953      1357939.19193000
 954      1364630.93591000
 955      1371355.58324000
 956      1378111.46968000
 957      1384897.91337000
 958      1391718.21442000
 959      1398571.78331000
 960      1405456.86393000
 961      1412372.93702000
 962      1419323.06814000
 963      1426307.18100000
 964      1433322.90325000
 965      1440372.70540000
 966      1447456.85988000
 967      1454572.80729000
 968      1461723.20533000
 969      1468908.15116000
 970      1476125.16122000
 971      1483377.17465000
 972      1490663.84172000
 973      1497985.43865000
 974      1505339.37544000
 975      1512731.21164000
 976      1520155.57512000
 977      1527615.25133000
 978      1535110.43012000
 979      1542643.82781000
 980      1550209.85086000
 981      1557812.04145000
 982      1565449.66542000
 983      1573123.56411000
 984      1580833.27795000
 985      1588579.09159000
 986      1596363.74961000
 987      1604182.44151000
 988      1612039.61677000
 989      1619933.67502000
 990      1627864.14592000
 991      1635831.31847000
 992      1643838.15467000
 993      1651881.90061000
 994      1659962.26845000
 995      1668080.13108000
 996      1676237.88889000
 997      1684432.76744000
 998      1692667.95210000
 999      1700940.66111000
1000      1709253.69765000
1001      1717604.07038000
1002      1725992.67126000
1003      1734421.92087000
1004      1742891.93197000
1005      1751399.69181000
1006      1759948.83125000
1007      1768536.12856000
1008      1777165.02751000
1009      1785834.62713000
1010      1794546.05638000
1011      1803296.06927000
1012      1812087.92895000
1013      1820921.33834000
1014      1829794.06249000
1015      1838710.90373000
1016      1847667.69493000
1017      1856669.25379000
1018      1865710.56979000
1019      1874793.89662000
1020      1883920.18976000
1021      1893088.50774000
1022      1902300.23532000
1023      1911554.42626000
1024      1920854.85021000
1025      1930195.38110000
1026      1939581.74068000
1027      1949008.85745000
1028      1958482.04014000
1029      1967999.02690000
1030      1977562.32560000
1031      1987166.39904000
1032      1996817.45965000
1033      2006512.79806000
1034      2016254.71182000
1035      2026041.14360000
1036      2035874.61808000
1037      2045750.21992000
1038      2055675.51701000
1039      2065646.04067000
1040      2075661.23375000
1041      2085724.53765000
1042      2095835.40116000
1043      2105991.98083000
1044      2116196.36763000
1045      2126446.48617000
1046      2136744.88892000
1047      2147092.16639000
1048      2157487.98641000
1049      2167929.80279000
1050      2178423.55558000
1051      2188963.55689000
1052      2199552.84421000
1053      2210191.31191000
1054      2220879.56233000
1055      2231614.32072000
1056      2242402.29192000
1057      2253239.48655000
1058      2264126.98948000
1059      2275064.45232000
1060      2286052.48777000
1061      2297090.74443000
1062      2308182.55693000
1063      2319325.10357000
1064      2330518.51621000
1065      2341762.68085000
1066      2353058.46762000
1067      2364407.75856000
1068      2375808.94639000
1069      2387264.16287000
1070      2398771.30295000
1071      2410329.99977000
1072      2421943.89189000
1073      2433612.62209000
1074      2445333.82789000
1075      2457109.64440000
1076      2468938.46515000
1077      2480822.68595000
1078      2492759.67753000
1079      2504756.15822000
1080      2516804.92127000
1081      2528909.91475000
1082      2541068.23832000
1083      2553286.12913000
1084      2565557.63559000
1085      2577889.01225000
1086      2590274.02648000
1087      2602716.14396000
1088      2615215.51231000
1089      2627775.35657000
1090      2640389.40666000
1091      2653064.23538000
1092      2665793.82349000
1093      2678584.49527000
1094      2691433.04189000
1095      2704339.88147000
1096      2717308.27009000
1097      2730335.25780000
1098      2743420.71841000
1099      2756568.47066000
1100      2769774.72387000
1101      2783040.45557000
1102      2796368.67246000
1103      2809759.25730000
1104      2823209.22799000
1105      2836719.29503000
1106      2850295.62983000
1107      2863928.37630000
1108      2877627.99773000
1109      2891388.06056000
1110      2905214.76470000
1111      2919102.22686000
1112      2933050.30930000
1113      2947065.81158000
1114      2961146.01596000
1115      2975287.02549000
1116      2989495.95867000
1117      3003766.59623000
1118      3018105.49536000
1119      3032506.12416000
1120      3046975.64751000
1121      3061509.84074000
1122      3076110.65107000
1123      3090779.68045000
1124      3105512.14314000
1125      3120313.45823000
1126      3135184.40373000
1127      3150121.91660000
1128      3165125.85828000
1129      3180197.00332000
1130      3195341.41823000
1131      3210549.51381000
1132      3225831.54135000
1133      3241181.46708000
1134      3256598.52826000
1135      3272086.78690000
1136      3287646.42342000
1137      3303277.30428000
1138      3318979.92222000
1139      3334751.16335000
1140      3350594.17734000
1141      3366512.76421000
1142      3382500.50249000
1143      3398560.55228000
1144      3414693.41368000
1145      3430902.26694000
1146      3447181.30046000
1147      3463536.37155000
1148      3479965.31297000
1149      3496467.65601000
1150      3513043.57992000
1151      3529696.94133000
1152      3546424.58421000
1153      3563230.37999000
1154      3580109.83604000
1155      3597064.46151000
1156      3614096.80788000
1157      3631208.41040000
1158      3648394.74456000
1159      3665660.38646000
1160      3683001.13012000
1161      3700424.95992000
1162      3717924.95521000
1163      3735500.27094000
1164      3753159.61440000
1165      3770898.06643000
1166      3788714.13424000
1167      3806613.80415000
1168      3824593.86142000
1169      3842651.42394000
1170      3860793.19051000
1171      3879016.28617000
1172      3897321.26431000
1173      3915710.35337000
1174      3934182.08720000
1175      3952735.24281000
1176      3971370.73059000
1177      3990091.85444000
1178      4008895.71771000
1179      4027785.63116000
1180      4046762.53272000
1181      4065821.69922000
1182      4084965.51775000
1183      4104198.97728000
1184      4123516.41100000
1185      4142921.52007000
1186      4162411.01578000
1187      4181991.74470000
1188      4201656.90612000
1189      4221414.48368000
1190      4241256.53773000
1191      4261191.07155000
1192      4281210.87402000
1193      4301323.97580000
1194      4321525.54503000
1195      4341818.08361000
1196      4362203.06496000
1197      4382675.14243000
1198      4403240.09333000
1199      4423900.07716000
1200      4444650.59793000
1201      4465495.05070000
1202      4486431.25905000
1203      4507459.05194000
1204      4528585.02920000
1205      4549803.04101000
1206      4571116.90070000
1207      4592526.84096000
1208      4614028.69089000
1209      4635627.07281000
1210      4657325.42972000
1211      4679117.57875000
1212      4701009.77056000
1213      4722996.21286000
1214      4745083.16661000
1215      4767268.05553000
1216      4789551.52523000
1217      4811932.16410000
1218      4834415.91339000
1219      4856996.88406000
1220      4879677.79533000
1221      4902460.88078000
1222      4925348.05990000
1223      4948333.81316000
1224      4971423.30780000
1225      4994612.68858000
1226      5017910.40969000
1227      5041308.07829000
1228      5064810.90229000
1229      5088414.14783000
1230      5112126.31381000
1231      5135943.09091000
1232      5159866.45855000
1233      5183894.93413000
1234      5208029.63488000
1235      5232270.37393000
1236      5256618.27930000
1237      5281075.13536000
1238      5305640.10891000
1239      5330315.42809000
1240      5355098.93932000
1241      5379994.20706000
1242      5404996.39131000
1243      5430111.74985000
1244      5455334.52908000
1245      5480673.87693000
1246      5506122.06441000
1247      5531684.03754000
1248      5557354.90669000
1249      5583143.88080000
1250      5609046.06589000
1251      5635062.64821000
1252      5661193.43210000
1253      5687439.14877000
1254      5713799.59982000
1255      5740279.33939000
1256      5766873.41370000
1257      5793584.44304000
1258      5820414.64288000
1259      5847365.24046000
1260      5874432.20039000
1261      5901616.74773000
1262      5928921.08662000
1263      5956347.41850000
1264      5983895.06552000
1265      6011564.79473000
1266      6039352.04666000
1267      6067265.81274000
1268      6095298.63401000
1269      6123457.56715000
1270      6151740.49700000
1271      6180146.22805000
1272      6208676.03314000
1273      6237333.60390000
1274      6266111.92272000
1275      6295021.99585000
1276      6324057.80873000
1277      6353218.13659000
1278      6382508.70850000
1279      6411927.79417000
1280      6441474.30267000
1281      6471153.84954000
1282      6500960.90613000
1283      6530898.16782000
1284      6560967.48384000
1285      6591167.08332000
1286      6621499.34318000
1287      6651963.52638000
1288      6682560.45853000
1289      6713293.36880000
1290      6744159.64177000
1291      6775163.04026000
1292      6806300.41972000
1293      6837571.01761000
1294      6868980.74082000
1295      6900528.83961000
1296      6932211.07867000
1297      6964037.41215000
1298      6995998.50911000
1299      7028099.78312000
1300      7060341.55663000
1301      7092723.60306000
1302      7125245.68856000
1303      7157909.78434000
1304      7190714.55462000
1305      7223665.47931000
1306      7256757.72054000
1307      7289997.33637000
1308      7323378.35294000
1309      7356903.90017000
1310      7390575.56001000
1311      7424395.92796000
1312      7458364.20900000
1313      7492477.21777000
1314      7526741.75080000
1315      7561152.24725000
1316      7595711.41128000
1317      7630421.31228000
1318      7665284.66693000
1319      7700298.86693000
1320      7735463.66811000
1321      7770779.99457000
1322      7806251.73330000
1323      7841874.50381000
1324      7877653.96915000
1325      7913585.74177000
1326      7949674.91080000
1327      7985920.63404000
1328      8022325.66616000
1329      8058882.58468000
1330      8095603.08650000
1331      8132477.37095000
1332      8169515.35634000
1333      8206712.61696000
1334      8244070.73562000
1335      8281587.61216000
1336      8319269.64611000
1337      8357112.38531000
1338      8395121.01867000
1339      8433290.45567000
1340      8471627.14765000
1341      8510129.58922000
1342      8548799.40711000
1343      8587630.84199000
1344      8626635.89629000
1345      8665803.93322000
1346      8705145.08270000
1347      8744654.19805000
1348      8784332.93342000
1349      8824181.02070000
1350      8864203.75003000
1351      8904396.59010000
1352      8944762.88579000
1353      8985302.00543000
1354      9026015.34195000
1355      9066906.56995000
1356      9107972.78685000
1357      9149212.05839000
1358      9190631.38090000
1359      9232230.84596000
1360      9274006.84265000
1361      9315961.76770000
1362      9358093.99047000
1363      9400412.28822000
1364      9442907.99380000
1365      9485589.23270000
1366      9528449.33771000
1367      9571497.16202000
1368      9614728.31172000
1369      9658145.94061000
1370      9701744.70779000
1371      9745536.52737000
1372      9789509.59558000
1373      9833675.15688000
1374      9878027.84777000
1375      9922575.28478000
1376      9967305.57887000
1377     10012233.73213000
1378     10057346.96820000
1379     10102660.34304000
1380     10148163.32579000
1381     10193860.73869000
1382     10239755.89229000
1383     10285840.45037000
1384     10332127.31088000
1385     10378611.75934000
1386     10425292.76311000
1387     10472170.74117000
1388     10519252.04269000
1389     10566532.65815000
1390     10614016.74290000
1391     10661698.77952000
1392     10709588.14301000
1393     10757680.05195000
1394     10805977.93960000
1395     10854482.25713000
1396     10903187.44633000
1397     10952103.68577000
1398     11001228.45871000
1399     11050559.16114000
1400     11100103.04133000
1401     11149855.27828000
1402     11199821.61416000
1403     11249996.43709000
1404     11300386.27621000
1405     11350990.81908000
1406     11401808.95860000
1407     11452841.31608000
1408     11504091.15749000
1409     11555559.91803000
1410     11607244.90444000
1411     11659148.16755000
1412     11711272.34958000
1413     11763621.92908000
1414     11816187.99226000
1415     11868976.63971000
1416     11921991.87301000
1417     11975228.22555000
1418     12028689.95591000
1419     12082382.15149000
1420     12136295.26268000
1421     12190442.28152000
1422     12244814.14033000
1423     12299417.11150000
1424     12354249.67384000
1425     12409312.67328000
1426     12464609.57273000
1427     12520140.87050000
1428     12575907.06528000
1429     12631909.50383000
1430     12688146.99283000
1431     12744616.21059000
1432     12801332.51233000
1433     12858281.54901000
1434     12915472.30663000
1435     12972900.60627000
1436     13030575.97186000
1437     13088491.98760000
1438     13146655.25258000
1439     13205057.22030000
1440     13263712.19719000
1441     13322605.13128000
1442     13381751.24719000
1443     13441145.48171000
1444     13500786.57949000
1445     13560680.68200000
1446     13620829.22189000
1447     13681226.19567000
1448     13741878.67373000
1449     13802779.72426000
1450     13863943.92247000
1451     13925361.60330000
1452     13987038.77269000
1453     14048971.39992000
1454     14111168.47467000
1455     14173621.15547000
1456     14236336.45234000
1457     14299314.14828000
1458     14362556.64838000
1459     14426064.50734000
1460     14489836.39806000
1461     14553878.52251000
1462     14618183.89511000
1463     14682765.46549000
1464     14747607.50349000
1465     14812730.77456000
1466     14878119.48980000
1467     14943781.87616000
1468     15009716.61523000
1469     15075934.92832000
1470     15142420.89705000
1471     15209187.72075000
1472     15276234.02684000
1473     15343556.52040000
1474     15411164.51962000
1475     15479047.89804000
1476     15547222.89687000
1477     15615677.35909000
1478     15684414.75471000
1479     15753441.66494000
1480     15822756.70010000
1481     15892357.43413000
1482     15962245.45383000
1483     16032432.37123000
1484     16102902.69325000
1485     16173671.10319000
1486     16244733.10773000
1487     16316090.53158000
1488     16387745.64797000
1489     16459695.34984000
1490     16531944.97780000
1491     16604494.59029000
1492     16677349.29072000
1493     16750497.89884000
1494     16823954.13512000
1495     16897716.53350000
1496     16971785.72403000
1497     17046159.14052000
1498     17120843.79646000
1499     17195832.12779000
1500     17271139.79443000
1501     17346749.16052000
1502     17422676.27793000
1503     17498923.99105000
1504     17575477.04903000
1505     17652349.81597000
1506     17729539.66892000
1507     17807057.80637000
1508     17884884.87763000
1509     17963039.34858000
1510     18041515.72944000
1511     18120317.52058000
1512     18199441.42278000
1513     18278890.92135000
1514     18358674.55779000
1515     18438781.74022000
1516     18519221.02983000
1517     18599994.80279000
1518     18681102.05586000
1519     18762540.04165000
1520     18844312.23522000
1521     18926421.09454000
1522     19008874.10549000
1523     19091661.70618000
1524     19174793.67862000
1525     19258265.57240000
1526     19342083.93549000
1527     19426238.90220000
1528     19510744.53584000
1529     19595599.19418000
1530     19680804.77357000
1531     19766354.43121000
1532     19852258.00727000
1533     19938514.62247000
1534     20025128.61475000
1535     20112095.04647000
1536     20199416.66589000
1537     20287103.05379000
1538     20375142.76375000
1539     20463546.25795000
1540     20552309.36640000
1541     20641441.43217000
1542     20730934.57505000
1543     20820793.49179000
1544     20911018.63504000
1545     21001619.74546000
1546     21092590.31856000
1547     21183933.11960000
1548     21275644.08323000
1549     21367736.58264000
1550     21460203.99370000
1551     21553044.30341000
1552     21646268.63882000
1553     21739877.78948000
1554     21833859.51825000
1555     21928232.87983000
1556     22022990.78219000
1557     22118133.99132000
1558     22213663.27371000
1559     22309584.71569000
1560     22405893.84039000
1561     22502604.57272000
1562     22599701.85053000
1563     22697194.44054000
1564     22795091.07118000
1565     22893381.91140000
1566     22992070.39372000
1567     23091165.34275000
1568     23190664.92257000
1569     23290561.79697000
1570     23390872.94134000
1571     23491585.71059000
1572     23592711.66866000
1573     23694246.24405000
1574     23796195.64058000
1575     23898555.15158000
1576     24001342.18636000
1577     24104532.78510000
1578     24208146.88681000
1579     24312179.90733000
1580     24416643.72219000
1581     24521519.69369000
1582     24626825.32101000
1583     24732561.47441000
1584     24838726.17661000
1585     24945314.55554000
1586     25052341.46066000
1587     25159799.43758000
1588     25267689.33111000
1589     25376022.94032000
1590     25484790.17857000
1591     25593997.37971000
1592     25703647.97451000
1593     25813740.24963000
1594     25924278.01314000
1595     26035264.71333000
1596     26146698.26733000
1597     26258582.50077000
1598     26370918.29562000
1599     26483706.53439000
1600     26596953.63516000
1601     26710654.95719000
1602     26824810.88383000
1603     26939434.90423000
1604     27054517.83348000
1605     27170067.15077000
1606     27286074.59829000
1607     27402556.38633000
1608     27519509.24560000
1609     27636929.07355000
1610     27754819.25855000
1611     27873184.44120000
1612     27992033.01047000
1613     28111352.21289000
1614     28231147.88287000
1615     28351436.67730000
1616     28472206.96431000
1617     28593459.65324000
1618     28715196.39797000
1619     28837428.66782000
1620     28960143.69018000
1621     29083359.33179000
1622     29207065.26432000
1623     29331268.08917000
1624     29455968.76707000
1625     29581170.66547000
1626     29706875.60204000
1627     29833081.28822000
1628     29959796.76084000
1629     30087014.90966000
1630     30214751.40450000
1631     30342989.22099000
1632     30471740.70265000
1633     30601013.51278000
1634     30730802.96725000
1635     30861111.41211000
1636     30991935.10796000
1637     31123289.89725000
1638     31255167.68874000
1639     31387571.81152000
1640     31520500.92945000
1641     31653964.11461000
1642     31787964.65017000
1643     31922497.86585000
1644     32057558.96100000
1645     32193172.08408000
1646     32329320.89939000
1647     32466011.11237000
1648     32603248.32689000
1649     32741031.29841000
1650     32879361.06810000
1651     33018244.48524000
1652     33157682.60848000
1653     33297680.07398000
1654     33438223.62251000
1655     33579328.61029000
1656     33721001.96836000
1657     33863235.34644000
1658     34006032.01629000
1659     34149398.87217000
1660     34293332.58240000
1661     34437845.97036000
1662     34582929.11749000
1663     34728588.26607000
1664     34874822.99607000
1665     35021638.09123000
1666     35169040.54031000
1667     35317025.56660000
1668     35465594.27173000
1669     35614763.33728000
1670     35764510.76929000
1671     35914857.01732000
1672     36065804.91111000
1673     36217340.36906000
1674     36369483.96592000
1675     36522224.98231000
1676     36675570.48435000
1677     36829523.69077000
1678     36984087.53230000
1679     37139255.39831000
1680     37295052.04607000
1681     37451451.10496000
1682     37608473.46009000
1683     37766112.39548000
1684     37924380.79599000
1685     38083270.13081000
1686     38242791.42360000
1687     38402931.89378000
1688     38563712.70603000
1689     38725123.02323000
1690     38887176.07888000
1691     39049863.03617000
1692     39213195.17314000
1693     39377167.53264000
1694     39541793.52591000
1695     39707060.15640000
1696     39872982.87444000
1697     40039550.54640000
1698     40206776.74677000
1699     40374668.80585000
1700     40543209.41343000
1701     40712420.24052000
1702     40882290.37443000
1703     41052841.64597000
1704     41224048.16615000
1705     41395929.87637000
1706     41568492.29066000
1707     41741736.71100000
1708     41915651.59350000
1709     42090252.83203000
1710     42265541.70572000
1711     42441517.68483000
1712     42618179.53843000
1713     42795530.29806000
1714     42973582.49417000
1715     43152334.88886000
1716     43331784.38712000
1717     43511936.65681000
1718     43692799.17234000
1719     43874365.33525000
1720     44056641.66760000
1721     44239636.63318000
1722     44423327.47427000
1723     44607759.24214000
1724     44792906.38409000
1725     44978774.67865000
1726     45165372.82841000
1727     45352701.02529000
1728     45540754.35668000
1729     45729544.94017000
1730     45919078.73692000
1731     46109341.67907000
1732     46300347.56751000
1733     46492097.73714000
1734     46684605.90375000
1735     46877862.72422000
1736     47071866.34404000
1737     47266625.97909000
1738     47462150.86485000
1739     47658434.55719000
1740     47855478.41259000
1741     48053294.85521000
1742     48251883.78337000
1743     48451237.05178000
1744     48651368.65239000
1745     48852272.16403000
1746     49053966.49437000
1747     49256443.41010000
1748     49459702.84468000
1749     49663754.02048000
1750     49868600.37682000
1751     50074242.80567000
1752     50280673.48889000
1753     50487922.86869000
1754     50695966.26045000
1755     50904816.39916000
1756     51114471.96234000
1757     51324948.59398000
1758     51536236.36378000
1759     51748341.76189000
1760     51961272.68004000
1761     52175035.70853000
1762     52389605.57339000
1763     52605016.93716000
1764     52821259.80880000
1765     53038347.28177000
1766     53256270.59259000
1767     53475031.21724000
1768     53694642.28531000
1769     53915109.32472000
1770     54136419.48078000
1771     54358579.45198000
1772     54581607.74813000
1773     54805499.50698000
1774     55030246.89912000
1775     55255862.03218000
1776     55482341.13496000
1777     55709708.29347000
1778     55937949.07746000
1779     56167065.02240000
1780     56397068.48086000
1781     56627956.76615000
1782     56859736.87604000
1783     57092398.42332000
1784     57325972.46233000
1785     57560432.19581000
1786     57795803.25849000
1787     58032068.65042000
1788     58269253.14153000
1789     58507342.76834000
1790     58746350.24227000
1791     58986271.60922000
1792     59227125.32925000
1793     59468902.83438000
1794     59711599.14301000
1795     59955228.13149000
1796     60199803.77253000
1797     60445309.77176000
1798     60691754.36604000
1799     60939151.56482000
1800     61187501.35200000
1801     61436795.64092000
1802     61687047.64098000
1803     61938253.24022000
1804     62190431.62255000
1805     62443567.82793000
1806     62697675.23542000
1807     62952761.47671000
1808     63208817.26403000
1809     63465849.42794000
1810     63723866.39094000
1811     63982881.85711000
1812     64242867.72430000
1813     64503857.02409000
1814     64765844.16102000
1815     65028838.32903000
1816     65292828.52841000
1817     65557823.20429000
1818     65823836.31465000
1819     66090863.58370000
1820     66358907.40209000
1821     66627975.69570000
1822     66898064.09101000
1823     67169199.18364000
1824     67441352.36091000
1825     67714544.02801000
1826     67988782.80015001
1827     68264063.25533000
1828     68540388.71517000
1829     68817766.79823001
1830     69096199.36319999
1831     69375701.44668999
1832     69656249.00315000
1833     69937870.23025000
1834     70220573.06546000
1835     70504334.08027001
1836     70789180.88113999
1837     71075109.28349000
1838     71362127.32675000
1839     71650230.75717001
1840     71939427.98952000
1841     72229714.36850999
1842     72521125.28778000
1843     72813615.98518001
1844     73107228.51980001
1845     73401951.36764000
1846     73697793.36562000
1847     73994756.67027999
1848     74292836.11747000
1849     74592047.63594000
1850     74892406.55355000
1851     75193887.82244000
1852     75496513.84970000
1853     75800286.54113001
1854     76105214.97065000
1855     76411287.40697999
1856     76718512.59322000
1857     77026906.44870999
1858     77336471.00043000
1859     77647194.41263001
1860     77959085.60247000
1861     78272167.56745000
1862     78586428.37569000
1863     78901870.02767000
1864     79218501.60217001
1865     79536332.26897000
1866     79855363.93590000
1867     80175584.61602999
1868     80497017.52000999
1869     80819679.13865000
1870     81143550.07821999
1871     81468625.14507000
1872     81794927.87532000
1873     82122474.96578000
1874     82451239.21115001
1875     82781244.81152000
1876     83112486.33131000
1877     83444980.60573000
1878     83778722.13744000
1879     84113720.45214000
1880     84449970.27781001
1881     84787488.65942000
1882     85126277.05660000
1883     85466330.91767000
1884     85807666.64450000
1885     86150294.01794000
1886     86494184.96888000
1887     86839379.08161999
1888     87185871.53038999
1889     87533655.90306000
1890     87882735.39077000
1891     88233125.96143000
1892     88584845.86548001
1893     88937866.47172999
1894     89292212.63211000
1895     89647886.62672000
1896     90004898.57055999
1897     90363234.43244000
1898     90722912.13138001
1899     91083941.16852000
1900     91446316.66105001
1901     91810040.16599999
1902     92175129.13156000
1903     92541578.67873000
1904     92909405.58941001
1905     93278596.93352000
1906     93649171.15173000
1907     94021128.93760000
1908     94394481.62059000
1909     94769214.41669001
1910     95145337.74638000
1911     95522877.61640000
1912     95901829.23731001
1913     96282169.29543000
1914     96663940.41959000
1915     97047153.43494000
1916     97431777.55192000
1917     97817815.04448000
1918     98205307.99731000
1919     98594244.32832000
1920     98984615.84462000
1921     99376449.13936999
1922     99769723.53409000
1923    100164481.67428000
1924    100560709.10028000
1925    100958391.13895001
1926    101357546.09258001
1927    101758202.31077000
1928    102160335.17874999
1929    102563957.08103999
1930    102969069.19670001
1931    103375707.61147000
1932    103783848.72187001
1933    104193495.00455000
1934    104604648.93711001
1935    105017354.39249000
1936    105431563.76028000
1937    105847310.61553000
1938    106264591.58186001
1939    106683442.05125000
1940    107103837.81850000
1941    107525781.42265999
1942    107949284.45929000
1943    108374347.92735000
1944    108800990.96171001
1945    109229199.61765000
1946    109659011.44121000
1947    110090409.15672000
1948    110523387.87878001
1949    110957957.68313000
1950    111394156.52688999
1951    111831940.72010000
1952    112271350.08640000
1953    112712376.19437000
1954    113155059.29779001
1955    113599336.36929999
1956    114045264.63094001
1957    114492835.48123001
1958    114942055.55577999
1959    115392931.23377000
1960    115845457.66214000
1961    116299664.31299999
1962    116755544.43197000
1963    117213098.72077000
1964    117672329.90617999
1965    118133233.12940000
1966    118595872.92915000
1967    119060186.08116999
1968    119526214.44617000
1969    119993958.71514000
1970    120463411.86531000
1971    120934584.29035001
1972    121407488.72767000
1973    121882145.67444000
1974    122358530.46931000
1975    122836661.19891000
1976    123316550.76658000
1977    123798204.54460999
1978    124281618.12469999
1979    124766799.27673000
1980    125253768.80667999
1981    125742516.98209000
1982    126233046.67804000
1983    126725378.75891000
1984    127219505.88976000
1985    127715462.04347999
1986    128213226.94719000
1987    128712793.09503999
1988    129214191.94400001
1989    129717447.50666000
1990    130222510.40981001
1991    130729441.09735000
1992    131238216.66191000
1993    131748855.65297000
1994    132261358.25696000
1995    132775719.70840999
1996    133291972.20122001
1997    133810108.18519001
1998    134330116.97567001
1999    134852030.92504001
2000    135375856.23492000
2001    135901579.07473999
2002    136429216.44168001
2003    136958790.25307000
2004    137490292.79012999
2005    138023713.00184000
2006    138559083.81988999
2007    139096400.61618000
2008    139635704.52430999
2009    140176935.32732999
2010    140720126.17598000
2011    141265299.29262000
2012    141812472.59467000
2013    142361631.37560001
2014    142912767.47093999
2015    143465906.68900001
2016    144021083.01269999
2017    144578242.74621001
2018    145137454.16003999
2019    145698655.31586000
2020    146261942.23412001
2021    146827233.24928001
2022    147394574.15264001
2023    147964007.46977001
2024    148535470.40088001
2025    149109001.17319000
2026    149684619.06003001
2027    150262339.26989999
2028    150842141.64645001
2029    151424029.49127001
2030    152008014.08344001
2031    152594142.57124001
2032    153182370.68957001
2033    153772745.73144001
2034    154365227.10517001
2035    154959870.34806001
2036    155556654.80098999
2037    156155583.85009000
2038    156756693.32543999
2039    157359974.61364999
2040    157965435.02608001
2041    158573049.60144001
2042    159182887.17761999
2043    159794926.74987000
2044    160409155.07152000
2045    161025600.44973999
2046    161644262.03171000
2047    162265193.52013999
2048    162888323.32552999
2049    163513696.15434000
2050    164141345.44999999
2051    164771245.05972001
2052    165403393.88301000
2053    166037820.93220001
2054    166674555.53562000
2055    167313553.53626999
2056    167954866.55316001
2057    168598471.14693001
2058    169244409.77259001
2059    169892639.06400001
2060    170543218.01736999
2061    171196111.20067999
2062    171851382.89019999
2063    172508976.19304001
2064    173168950.68077001
2065    173831270.48128000
2066    174496000.58723000
2067    175163070.12785000
2068    175832539.13273999
2069    176504424.88523000
2070    177178739.58285001
2071    177855433.16926000
2072    178534549.81463000
2073    179216123.47031000
2074    179900122.65752000
2075    180586559.40237001
2076    181275459.47960001
2077    181966854.36093000
2078    182660679.20866001
2079    183356981.83665001
2080    184055779.99439001
2081    184757125.12011999
2082    185460920.78061000
2083    186167232.16416001
2084    186876071.58752999
2085    187587485.40158001
2086    188301387.30098999
2087    189017837.59294999
2088    189736834.42785999
2089    190458447.20805001
2090    191182594.48315001
2091    191909323.06220999
2092    192638639.34496000
2093    193370596.80249000
2094    194105106.82583001
2095    194842239.57914999
2096    195582007.60762000
2097    196324450.61291999
2098    197069478.81342000
2099    197817156.82708001
2100    198567509.88154000
2101    199320565.54898000
2102    200076254.04433000
2103    200834625.84900999
2104    201595721.52232000
2105    202359509.04771999
2106    203125994.40992001
2107    203895194.93347999
2108    204667185.66051999
2109    205441856.63835999
2110    206219281.00532001
2111    206999463.10872999
2112    207782454.89025000
2113    208568175.71076000
2114    209356692.73807001
2115    210147986.42930001
2116    210942140.06766000
2117    211739049.64164999
2118    212538805.53896001
2119    213341396.71234000
2120    214146827.62288001
2121    214955088.31402001
2122    215766214.58421999
2123    216580226.77779999
2124    217397122.21101999
2125    218216866.16273001
2126    219039526.68463999
2127    219865092.44056001
2128    220693593.71526000
2129    221525001.82402000
2130    222359345.96660000
2131    223196647.93248001
2132    224036896.08146000
2133    224880078.57800001
2134    225726290.26881999
2135    226575454.12878001
2136    227427608.25593999
2137    228282781.62762001
2138    229140946.63016999
2139    230002157.57438001
2140    230866385.98704001
2141    231733661.83739999
2142    232603981.76549000
2143    233477392.72626001
2144    234353857.23118001
2145    235233405.95688000
2146    236116026.21165001
2147    237001791.14251000
2148    237890663.34443000
2149    238782621.68252000
2150    239677714.02816001
2151    240576013.90659001
2152    241477414.63745001
2153    242381981.18252999
2154    243289718.53586000
2155    244200692.56009001
2156    245114812.38999999
2157    246032135.14319000
2158    246952727.34285000
2159    247876506.00608999
2160    248803511.11454001
2161    249733783.07833999
2162    250667318.05239001
2163    251604102.92106000
2164    252544151.58410999
2165    253487531.72418001
2166    254434221.49452999
2167    255384171.72576001
2168    256337495.45502001
2169    257294116.51670000
2170    258254103.34746999
2171    259217460.65445000
2172    260184129.68061000
2173    261154206.53970000
2174    262127715.11061999
2175    263104549.73611000
2176    264084807.11063999
2177    265068492.51032001
2178    266055667.33115000
2179    267046223.81959000
2180    268040241.89550000
2181    269037745.75893998
2182    270038720.87342000
2183    271043172.43680000
2184    272051124.69509000
2185    273062619.99278003
2186    274077587.27256000
2187    275096136.47310001
2188    276118187.32090002
2189    277143829.77126998
2190    278173030.69532001
2191    279205795.40347999
2192    280242138.18598002
2193    281282151.63225001
2194    282325713.40495002
2195    283372907.09363002
2196    284423777.74309999
2197    285478270.06927001
2198    286536418.19468999
2199    287598238.46263999
2200    288663774.51744002
2201    289733001.13309997
2202    290805894.65302002
2203    291882559.11550999
2204    292962908.50901002
2205    294047049.42523998
2206    295134956.32086003
2207    296226573.71601999
2208    297321986.36339003
2209    298421252.54602998
2210    299524261.72627002
2211    300631092.50174999
2212    301741821.92829001
2213    302856310.96476001
2214    303974675.40521997
2215    305096932.92139000
2216    306223056.78365999
2217    307353061.84174001
2218    308486996.00742000
2219    309624789.93816000
2220    310766594.61353999
2221    311912301.03951001
2222    313061954.48663998
2223    314215560.77810001
2224    315373220.79865998
2225    316534811.96160001
2226    317700422.91329002
2227    318870038.07470000
2228    320043715.99956000
2229    321221428.61941999
2230    322403181.87077999
2231    323588990.91771001
2232    324778958.90335000
2233    325972947.46017998
2234    327171050.47794998
2235    328373314.84691000
2236    329579715.50177997
2237    330790232.56427002
2238    332004948.32909000
2239    333223815.11080998
2240    334446866.83478999
2241    335674154.80708998
2242    336905594.96180999
2243    338141325.23795998
2244    339381297.54312998
2245    340625477.62694001
2246    341873930.75569999
2247    343126764.63501000
2248    344383797.65382999
2249    345645174.03223997
2250    346910863.41035002
2251    348180918.61689001
2252    349455309.05580002
2253    350734036.37702000
2254    352017153.68252999
2255    353304738.17695999
2256    354596650.54275000
2257    355893000.68597001
2258    357193809.60377002
2259    358499088.52284002
2260    359808763.03397000
2261    361122977.83655000
2262    362441619.88316000
2263    363764873.43913001
2264    365092562.09692001
2265    366424783.40105999
2266    367761646.65763003
2267    369103002.15781999
2268    370448910.36360002
2269    371799455.35873002
2270    373154644.23544002
2271    374514360.66013998
2272    375878802.92949998
2273    377247829.63051999
2274    378621615.46832001
2275    380000008.68852001
2276    381383094.23030001
2277    382770919.62079000
2278    384163485.93318999
2279    385560724.37879002
2280    386962787.16684997
2281    388369570.58081001
2282    389781237.40710002
2283    391197606.85838997
2284    392618806.88722998
2285    394044879.95222002
2286    395475807.65833002
2287    396911529.13523000
2288    398352190.27982002
2289    399797687.81112999
2290    401248201.47891003
2291    402703549.18799001
2292    404163816.10671002
2293    405629133.92202002
2294    407099352.15982002
2295    408574540.10215998
2296    410054767.68198001
2297    411540025.52512002
2298    413030330.70697999
2299    414525619.89867997
2300    416025980.52609003
2301    417531547.28700000
2302    419042085.20403999
2303    420557718.80308998
2304    422078583.60655999
2305    423604541.76981002
2306    425135674.53156000
2307    426671944.31554002
2308    428213423.04997998
2309    429760210.94919002
2310    431312122.57476997
2311    432869313.24177998
2312    434431726.82783997
2313    435999454.40051001
2314    437572485.69735003
2315    439150782.05664003
2316    440734454.88033998
2317    442323445.94270003
2318    443917782.39284998
2319    445517510.07471001
2320    447122665.39513999
2321    448733218.91175002
2322    450349130.75594002
2323    451970494.43649000
2324    453597443.15284997
2325    455229745.13792998
2326    456867552.26248997
2327    458510950.46543002
2328    460159850.90715998
2329    461814290.96995997
2330    463474249.15877002
2331    465139801.85766000
2332    466811045.82590997
2333    468487812.29554999
2334    470170256.99239999
2335    471858328.80813003
2336    473552085.40052003
2337    475251544.95095003
2338    476956665.55488002
2339    478667545.44167000
2340    480384192.75424999
2341    482106565.68133998
2342    483834681.67057002
2343    485568599.67150003
2344    487308429.82436001
2345    489053986.54997998
2346    490805441.06971997
2347    492562740.44420999
2348    494325902.89840001
2349    496095028.74232000
2350    497869982.33802003
2351    499651019.97885001
2352    501437910.90556997
2353    503230756.88160002
2354    505029670.79008001
2355    506834597.18985999
2356    508645556.15407997
2357    510462522.97641999
2358    512285547.78362000
2359    514114766.91224998
2360    515949975.72036999
2361    517791404.96810001
2362    519638882.77487999
2363    521492683.77855998
2364    523352516.14332002
2365    525218560.05756003
2366    527090919.99140000
2367    528969497.28986001
2368    530854320.88852000
2369    532745366.63868999
2370    534642739.37557000
2371    536546537.33354002
2372    538456558.44950998
2373    540373020.53738999
2374    542295820.12671995
2375    544225056.10125995
2376    546160623.98113000
2377    548102653.47633004
2378    550051244.98025000
2379    552006202.13256001
2380    553967713.09072995
2381    555935685.30665004
2382    557910308.55118001
2383    559891373.69327998
2384    561878992.03983998
2385    563873341.23220003
2386    565874248.62408996
2387    567881802.64613998
2388    569895974.01521003
2389    571916876.26871002
2390    573944494.57160997
2391    575978743.59158003
2392    578019818.12346995
2393    580067607.91044998
2394    582122309.14991999
2395    584183638.41182995
2396    586251894.06204998
2397    588326943.78806996
2398    590408904.08862996
2399    592497769.81554997
2400    594593463.49309003
2401    596696236.35818005
2402    598805804.78848004
2403    600922441.58141994
2404    603046011.69638002
2405    605176654.70290995
2406    607314318.05119002
2407    609459021.81970000
2408    611610812.56320000
2409    613769741.87917995
2410    615935799.11682999
2411    618108951.28542995
2412    620289218.31508005
2413    622476881.68757999
2414    624671578.54997003
2415    626873574.24215996
2416    629082766.31924999
2417    631299401.61794996
2418    633523171.53409004
2419    635754361.32345998
2420    637992801.88312995
2421    640238666.02356994
2422    642491974.98127997
2423    644752596.22362006
2424    647020714.45941997
2425    649296273.69859004
2426    651579372.22929001
2427    653869875.89165998
2428    656168038.83993006
2429    658473659.03760004
2430    660786835.13928998
2431    663107656.19463003
2432    665436085.95318997
2433    667772203.43961000
2434    670115903.22780001
2435    672467343.76652002
2436    674826477.53232002
2437    677193405.68078005
2438    679568000.04560995
2439    681950431.56140006
2440    684340641.36862004
2441    686738671.89418995
2442    689144615.03594995
2443    691558421.97123003
2444    693980185.11380005
2445    696409773.34406996
2446    698847371.66895998
2447    701292837.48623002
2448    703746532.68225002
2449    706208066.65769994
2450    708677719.48812997
2451    711155325.51233006
2452    713641177.67058003
2453    716135131.46526003
2454    718637124.56368005
2455    721147515.12881994
2456    723665830.64564002
2457    726192514.60788000
2458    728727431.01776004
2459    731270665.59338999
2460    733822091.42802000
2461    736381911.97943997
2462    738949956.54674995
2463    741526526.60102999
2464    744111472.74667001
2465    746704730.37665999
2466    749306505.61227000
2467    751916810.62063003
2468    754535591.67238998
2469    757162794.10200000
2470    759798692.58730996
2471    762443057.09932005
2472    765096097.01733005
2473    767757725.16952002
2474    770427996.44763005
2475    773107011.76602995
2476    775794704.92675996
2477    778491030.43470001
2478    781196168.44283998
2479    783910164.05236995
2480    786632859.70801997
2481    789364538.79077995
2482    792104985.14239001
2483    794854381.61510003
2484    797612579.61049998
2485    800379887.52980006
2486    803156042.76126003
2487    805941273.93334997
2488    808735419.66163003
2489    811538769.82949996
2490    814351091.58387005
2491    817172583.07985997
2492    820003185.54689002
2493    822842933.12553000
2494    825691943.23478997
2495    828550040.08985996
2496    831417468.51797998
2497    834294040.77543998
2498    837180171.41880000
2499    840075419.67636001
2500    842980105.78014004
2501    845894135.98991001
2502    848817759.53875005
2503    851750604.21036005
2504    854692982.64126003
2505    857644844.21590996
2506    860606299.05501997
2507    863577198.39866996
2508    866557837.08264005
2509    869547967.90114999
2510    872547822.05210996
2511    875557215.58183002
2512    878576479.97959995
2513    881605342.77365005
2514    884644048.66559005
2515    887692411.60725999
2516    890750755.54565001
2517    893818827.02139997
2518    896896850.99120998
2519    899984650.39815998
2520    903082552.76471996
2521    906190301.45193005
2522    909308010.77696002
2523    912435818.52244997
2524    915573647.48986006
2525    918721738.94519997
2526    921879614.86905003
2527    925047917.55446994
2528    928226155.85792005
2529    931414883.73276997
2530    934613607.20776999
2531    937822674.14893997
2532    941041911.74873996
2533    944271753.33485997
2534    947511721.67666996
2535    950762145.91411996
2536    954023074.37829006
2537    957294426.64830005
2538    960576014.50522006
2539    963868407.18884003
2540    967171203.59037995
2541    970484665.62072003
2542    973808581.17337000
2543    977143224.75267994
2544    980488622.60240996
2545    983844572.18462002
2546    987211229.65279996
2547    990588839.19359004
2548    993977110.43799996
2549    997376299.30496001
2550   1000786200.38627994
2551   1004207070.91220999
2552   1007638948.82755005
2553   1011081649.69350004
2554   1014535309.87758005
2555   1018000190.25361001
2556   1021475982.06558001
2557   1024962946.60477996
2558   1028460885.16957998
2559   1031970060.40964997
2560   1035490499.30148995
2561   1039022024.20525002
2562   1042564774.36497998
2563   1046119119.09862006
2564   1049684399.26433003
2565   1053261247.67534006
2566   1056849335.09520996
2567   1060449033.91112995
2568   1064060047.38941002
2569   1067682517.32850003
2570   1071316470.21177995
2571   1074962306.44453001
2572   1078619351.77037001
2573   1082288229.50248003
2574   1085968602.91588998
2575   1089660887.11736012
2576   1093364743.50658011
2577   1097080328.36960006
2578   1100807680.09723997
2579   1104547184.43881011
2580   1108298163.20666003
2581   1112061264.91584992
2582   1115836133.66831994
2583   1119623193.09821010
2584   1123421987.21847010
2585   1127233027.72168994
2586   1131055989.54815006
2587   1134891289.09190989
2588   1138738564.58861995
2589   1142598000.19671988
2590   1146469870.03718996
2591   1150353720.55374002
2592   1154250073.32049990
2593   1158158584.86301994
2594   1162079566.12420988
2595   1166012909.12497997
2596   1169958664.90054989
2597   1173916849.57125998
2598   1177887766.51385999
2599   1181870939.85347009
2600   1185866799.21897006
2601   1189875234.78821993
2602   1193896553.01161003
2603   1197930272.58182001
2604   1201976827.61120009
2605   1206036107.03907990
2606   1210108291.47215009
2607   1214193151.64825010
2608   1218291115.53811002
2609   1222401717.06789994
2610   1226525622.68512011
2611   1230662222.12239003
2612   1234812089.70398998
2613   1238974718.51530004
2614   1243150829.52762008
2615   1247339781.90116000
2616   1251542023.46695995
2617   1255757705.24359989
2618   1259986227.13800001
2619   1264228283.11810994
2620   1268483636.23362994
2621   1272752473.54129004
2622   1277034555.61164999
2623   1281330192.58502007
2624   1285639155.48689008
2625   1289961880.12860990
2626   1294298024.71725011
2627   1298647867.02735996
2628   1303011199.05836010
2629   1307388598.79485989
2630   1311779296.04421997
2631   1316183995.94395995
2632   1320602326.51222992
2633   1325034895.84987998
2634   1329480912.96632004
2635   1333941102.74562001
2636   1338415228.97528005
2637   1342903333.41580009
2638   1347405598.77624011
2639   1351921785.55777001
2640   1356452205.90264010
2641   1360996784.86719990
2642   1365555671.04771996
2643   1370128503.17098999
2644   1374716037.25679994
2645   1379317588.95756006
2646   1383933762.30581999
2647   1388564192.78915000
2648   1393209199.28953004
2649   1397868680.27490997
2650   1402542678.30378008
2651   1407231369.97549009
2652   1411934664.78582001
2653   1416652605.48390007
2654   1421385087.64663005
2655   1426132583.77839994
2656   1430894707.17197990
2657   1435671932.88209009
2658   1440463723.04502010
2659   1445270554.04948997
2660   1450092482.40383005
2661   1454929390.38507009
2662   1459781170.78364992
2663   1464648330.61549997
2664   1469530752.33759999
2665   1474428025.42978001
2666   1479340659.60735989
2667   1484268382.42370009
2668   1489211860.49476004
2669   1494170362.05261993
2670   1499144402.10705996
2671   1504133847.16848993
2672   1509138932.42799997
2673   1514159368.55749011
2674   1519195509.43337989
2675   1524247256.70356989
2676   1529314642.35645008
2677   1534397891.93339992
2678   1539496712.09260011
2679   1544611776.68171000
2680   1549742209.80554008
2681   1554888820.38164997
2682   1560051203.14841008
2683   1565229855.21149993
2684   1570424209.00281000
2685   1575634935.61915994
2686   1580861761.06492996
2687   1586104730.25804996
2688   1591363900.48793006
2689   1596639316.82084990
2690   1601931012.06450009
2691   1607239206.66977000
2692   1612563947.23060989
2693   1617904788.88574004
2694   1623262443.84868002
2695   1628636606.08999991
2696   1634027345.83665991
2697   1639434708.69239998
2698   1644858894.03846002
2699   1650299794.78549004
2700   1655757289.73104000
2701   1661231758.28397012
2702   1666723260.14608002
2703   1672231661.91674995
2704   1677756853.24384999
2705   1683299205.04463005
2706   1688858789.75873995
2707   1694435302.19039989
2708   1700029128.64836001
2709   1705639987.09262991
2710   1711268596.59891009
2711   1716914000.36456990
2712   1722577078.60402012
2713   1728257386.70776010
2714   1733955490.50370002
2715   1739671091.73160005
2716   1745404050.35012007
2717   1751154786.73179007
2718   1756923173.96647000
2719   1762709422.50657010
2720   1768513064.45529008
2721   1774334851.47369003
2722   1780174491.69755006
2723   1786032210.31200004
2724   1791907699.69457006
2725   1797801363.43031001
2726   1803713083.91046000
2727   1809642716.50688004
2728   1815590873.30925012
2729   1821557050.37502003
2730   1827541850.30207992
2731   1833544597.26344991
2732   1839565882.87226009
2733   1845605952.00696993
2734   1851664110.51413989
2735   1857740979.93006992
2736   1863836241.75683999
2737   1869950681.55100012
2738   1876083228.63700008
2739   1882234893.36050010
2740   1888405515.85067010
2741   1894594785.62876010
2742   1900803136.98613000
2743   1907030244.91310000
2744   1913276545.88992000
2745   1919541889.01880002
2746   1925826525.27600002
2747   1932130138.60184002
2748   1938452954.17592001
2749   1944795619.00582004
2750   1951157026.72898006
2751   1957538193.80608010
2752   1963938800.99865007
2753   1970358885.12475991
2754   1976798521.37950993
2755   1983257759.50641990
2756   1989737025.30613995
2757   1996235617.71288991
2758   2002754169.87161994
2759   2009292341.44812989
2760   2015850979.78110003
2761   2022429351.69700003
2762   2029027518.69625998
2763   2035646123.81060004
2764   2042284637.60859990
2765   2048943494.45531988
2766   2055622385.69296002
2767   2062321735.11611009
2768   2069041821.58009005
2769   2075781692.52129006
2770   2082542403.26431990
2771   2089323426.58250999
2772   2096125610.79893994
2773   2102947803.83362007
2774   2109791072.19125009
2775   2116655087.07875991
2776   2123540092.06836009
2777   2130445741.76675010
2778   2137372305.22024989
2779   2144320247.63000011
2780   2151288807.48743010
2781   2158278656.96144009
2782   2165289862.51431990
2783   2172322059.63719988
2784   2179375940.42039013
2785   2186450732.62664986
2786   2193547117.21100998
2787   2200665161.09439993
2788   2207804706.41017008
2789   2214965805.52573013
2790   2222148336.99186993
2791   2229353179.86926985
2792   2236579133.11387014
2793   2243827545.66870022
2794   2251097601.23144007
2795   2258389592.94193983
2796   2265703790.20349979
2797   2273039826.78926992
2798   2280398202.39590979
2799   2287778753.76270008
2800   2295181752.93800020
2801   2302606842.50600004
2802   2310054294.10790014
2803   2317524836.03136015
2804   2325017200.35159016
2805   2332532348.64023018
2806   2340070545.61850023
2807   2347630983.32956982
2808   2355214606.20079994
2809   2362820588.54467010
2810   2370450117.61458015
2811   2378102126.42841005
2812   2385777356.58069992
2813   2393475650.91083002
2814   2401197304.19277000
2815   2408942131.81537008
2816   2416709771.36016989
2817   2424501418.62483978
2818   2432316445.19137001
2819   2440154688.98253012
2820   2448016691.18545008
2821   2455902032.61397982
2822   2463811489.12110996
2823   2471744667.61823988
2824   2479701156.87985992
2825   2487681944.07326984
2826   2495686659.25782013
2827   2503715579.82215977
2828   2511768305.05824995
2829   2519845151.82489014
2830   2527946649.96980000
2831   2536071908.56968021
2832   2544221972.95099020
2833   2552396172.90307999
2834   2560595055.12138987
2835   2568818464.29109001
2836   2577066202.54857016
2837   2585339330.38542986
2838   2593636699.54138994
2839   2601959091.01797009
2840   2610306360.22427988
2841   2618678537.13124990
2842   2627075963.51644993
2843   2635497975.67177010
2844   2643945843.29623985
2845   2652418929.72688007
2846   2660916797.58394003
2847   2669440505.54566002
2848   2677989382.54277992
2849   2686564231.92898989
2850   2695164405.82585001
2851   2703789946.45066977
2852   2712441690.34863997
2853   2721119208.98420000
2854   2729822560.30063009
2855   2738552082.61824989
2856   2747307087.75332022
2857   2756088902.99657011
2858   2764896329.75545979
2859   2773730230.91072989
2860   2782590653.45480013
2861   2791477156.88731003
2862   2800390340.98115015
2863   2809329762.73581982
2864   2818296270.68211985
2865   2827289407.75425005
2866   2836308738.66357994
2867   2845355377.79523993
2868   2854428864.24832010
2869   2863529298.18080997
2870   2872657002.55459023
2871   2881811246.30262995
2872   2890993450.33627987
2873   2900202352.56447983
2874   2909439087.50922012
2875   2918702945.51529980
2876   2927994533.59450006
2877   2937313645.51356983
2878   2946660085.96949005
2879   2956034763.72746992
2880   2965437202.30376005
2881   2974867190.87616014
2882   2984325386.68339014
2883   2993811552.40083981
2884   3003326063.36605978
2885   3012868448.01734018
2886   3022439053.75692987
2887   3032038506.57694006
2888   3041666056.73238993
2889   3051322067.85874987
2890   3061006615.06808996
2891   3070720038.30941010
2892   3080462163.39751005
2893   3090233331.96210003
2894   3100032779.55694008
2895   3109861998.49772978
2896   3119719660.16325998
2897   3129606698.61231995
2898   3139522880.68023014
2899   3149468608.34667015
2900   3159443375.82582998
2901   3169447543.07342005
2902   3179481473.14030981
2903   3189545546.06134987
2904   3199638415.86875010
2905   3209761583.34614992
2906   3219914550.41515017
2907   3230097421.77590990
2908   3240310551.79851007
2909   3250553143.90584993
2910   3260826469.62980986
2911   3271130303.47971010
2912   3281463856.24850988
2913   3291828367.23649979
2914   3302223059.09493017
2915   3312648600.54779005
2916   3323104774.42562008
2917   3333591360.55321980
2918   3344109658.50453997
2919   3354658226.86977005
2920   3365237768.31189013
2921   3375848676.60612011
2922   3386490702.56568003
2923   3397164269.78473997
2924   3407869141.73153019
2925   3418604802.36209011
2926   3429372852.31825018
2927   3440171847.49150991
2928   3451003117.93731022
2929   3461866118.39742994
2930   3472760942.39137983
2931   3483687683.56983995
2932   3494646407.54147005
2933   3505636911.35631990
2934   3516660519.39733982
2935   3527715770.42282009
2936   3538803665.64252996
2937   3549924001.81093979
2938   3561077174.29928017
2939   3572262964.37665987
2940   3583481438.50601006
2941   3594732388.21811008
2942   3606016860.90809011
2943   3617333651.84435987
2944   3628684131.08172989
2945   3640068078.17615986
2946   3651484626.24135017
2947   3662934804.86904001
2948   3674418740.69155979
2949   3685935517.03301001
2950   3697486553.19061995
2951   3709071581.83502007
2952   3720690403.49233007
2953   3732342772.75962019
2954   3744029097.70549011
2955   3755749804.16578007
2956   3767504647.06730986
2957   3779293406.56507015
2958   3791117158.25127983
2959   3802975339.03628016
2960   3814868031.86803007
2961   3826795668.51615000
2962   3838757328.91174984
2963   3850754128.21648979
2964   3862786166.79715014
2965   3874852840.68994999
2966   3886955600.36831999
2967   3899092528.23889017
2968   3911265403.00484991
2969   3923473645.48934984
2970   3935716669.58632994
2971   3947995927.04309988
2972   3960311177.86055994
2973   3972661474.26781988
2974   3985049013.98285007
2975   3997471797.47875023
2976   4009930266.32954979
2977   4022425228.82004976
2978   4034956408.88195992
2979   4047523920.61385012
2980   4060128215.12161016
2981   4072768676.22807980
2982   4085447166.82538986
2983   4098161319.89260006
2984   4110912306.84263992
2985   4123700555.05794001
2986   4136525112.02775002
2987   4149387861.48124981
2988   4162287463.58198977
2989   4175224376.10071993
2990   4188199796.14331007
2991   4201212011.75361013
2992   4214261495.62978983
2993   4227349407.29404020
2994   4240474790.43976021
2995   4253638080.12296009
2996   4266839773.50467014
2997   4280079946.36315012
2998   4293358350.31037998
2999   4306674733.33780956
3000   4320029535.80967999
3001   4333423245.78614998
3002   4346855597.07238007
3003   4360326305.16534996
3004   4373836620.65493011
3005   4387386637.86540985
3006   4400974572.92327976
3007   4414602056.38704014
3008   4428268424.89163971
3009   4441974914.96226025
3010   4455720877.18422031
3011   4469505654.48690033
3012   4483331267.35369968
3013   4497197049.21173954
3014   4511101588.21708965
3015   4525046902.37113953
3016   4539032316.66734982
3017   4553057578.92663002
3018   4567123924.00032043
3019   4581230327.12434006
3020   4595378044.11892986
3021   4609566029.82406998
3022   4623794372.01301956
3023   4638063972.98106956
3024   4652374941.55932999
3025   4666726218.13469982
3026   4681119469.84562016
3027   4695554030.82433987
3028   4710030390.15569973
3029   4724548288.51284027
3030   4739107418.21111965
3031   4753708298.38980007
3032   4768351422.76733971
3033   4783036528.57077980
3034   4797763708.20415974
3035   4812533069.04224014
3036   4827345559.81513977
3037   4842200059.24505997
3038   4857097079.84731007
3039   4872036335.60538960
3040   4887019176.12613964
3041   4902044879.14050007
3042   4917112729.01622009
3043   4932224923.14620018
3044   4947380751.49438000
3045   4962578650.41921997
3046   4977820830.47307014
3047   4993106557.60639000
3048   5008435552.63899040
3049   5023808730.77038002
3050   5039226249.69340992
3051   5054687785.80259991
3052   5070193463.96726036
3053   5085743379.22091961
3054   5101337261.90736008
3055   5116976466.85643005
3056   5132659433.05128002
3057   5148387976.98647976
3058   5164161357.59893990
3059   5179980131.14052010
3060   5195843549.21304989
3061   5211752614.83664036
3062   5227706111.81262016
3063   5243706363.71595955
3064   5259751733.91590023
3065   5275842346.00444031
3066   5291979199.78256035
3067   5308163289.02567959
3068   5324392094.51093006
3069   5340667514.37922001
3070   5356989222.10262012
3071   5373356886.80033016
3072   5389771967.42099953
3073   5406233692.01060009
3074   5422742651.13037014
3075   5439298065.24088001
3076   5455900943.07645035
3077   5472550080.74503040
3078   5489247376.43288040
3079   5505991155.20275021
3080   5522783370.29697990
3081   5539623687.89323997
3082   5556511769.71533012
3083   5573447760.83835983
3084   5590431760.81824017
3085   5607463470.61693954
3086   5624543893.06544018
3087   5641672730.63901997
3088   5658850083.49079037
3089   5676076562.09879971
3090   5693352766.56995010
3091   5710676486.19124985
3092   5728049713.35814953
3093   5745472567.82394028
3094   5762943789.23336983
3095   5780465388.26270008
3096   5798036543.39087963
3097   5815656897.57258034
3098   5833328985.66061974
3099   5851050066.18585968
3100   5868820279.96992016
3101   5886641667.45283031
3102   5904513858.26033020
3103   5922435576.58456039
3104   5940408395.56655025
3105   5958433388.75722027
3106   5976507807.49868011
3107   5994633718.74263954
3108   6012811260.22961998
3109   6031039104.44371986
3110   6049319321.81569958
3111   6067651087.85760021
3112   6086033552.93665981
3113   6104470283.13202000
3114   6122957490.18992043
3115   6141496785.97231007
3116   6160088290.43953991
3117   6178733167.06517982
3118   6197429014.19890022
3119   6216179008.73441982
3120   6234981273.77567959
3121   6253837436.80613995
3122   6272746143.15666962
3123   6291708047.27015972
3124   6310722747.60486984
3125   6329791425.61999035
3126   6348914206.80447006
3127   6368090225.63331985
3128   6387321650.02478981
3129   6406606076.20588017
3130   6425944149.38185024
3131   6445337568.34700012
3132   6464785412.69896984
3133   6484286814.23509979
3134   6503843969.09385014
3135   6523456517.99433041
3136   6543124096.64803982
3137   6562846812.95343018
3138   6582624312.05875969
3139   6602457256.36281967
3140   6622346313.71817970
3141   6642291627.99388981
3142   6662291766.54415989
3143   6682348990.17360973
3144   6702463431.63119984
3145   6722632612.64826012
3146   6742858775.17228985
3147   6763141542.43609047
3148   6783481055.61194992
3149   6803878011.99186039
3150   6824332015.63109970
3151   6844842138.18690014
3152   6865412323.35933971
3153   6886038914.20893002
3154   6906722044.83170986
3155   6927464074.57351017
3156   6948264039.03419018
3157   6969121545.72060013
3158   6990037838.55747032
3159   7011014204.34399033
3160   7032047435.61030006
3161   7053139921.82166958
3162   7074291268.71582985
3163   7095501044.96164989
3164   7116770528.10517979
3165   7138099882.56050968
3166   7159488145.60548019
3167   7180937702.24423027
3168   7202445893.45973969
3169   7224013455.59784985
3170   7245642221.84412956
3171   7267331220.59432983
3172   7289079453.15474987
3173   7310889383.16254044
3174   7332760590.23213005
3175   7354692648.44803047
3176   7376685720.21819019
3177   7398739968.15857983
3178   7420854377.48021030
3179   7443031447.55543041
3180   7465270734.62712002
3181   7487571252.09904957
3182   7509934903.15590954
3183   7532360080.07371998
3184   7554847548.06488037
3185   7577396880.33423996
3186   7600009389.87839985
3187   7622685277.81667042
3188   7645422878.89958000
3189   7668224785.23859024
3190   7691091721.28491974
3191   7714019682.43239021
3192   7737011823.59191990
3193   7760068299.03814983
3194   7783187482.15964985
3195   7806371937.85647011
3196   7829621234.21294022
3197   7852933106.67150974
3198   7876312592.23719025
3199   7899755596.91180992
3200   7923262262.78732967
3201   7946835823.39087963
3202   7970474010.12823009
3203   7994176986.38813972
3204   8017946758.45279980
3205   8041781640.42224979
3206   8065684909.80447960
3207   8089651135.65223980
3208   8113685486.40962982
3209   8137785603.42107964
3210   8161951683.88140965
3211   8186185767.97786045
3212   8210486787.09759045
3213   8234855528.70528030
3214   8259291532.62364006
3215   8283794332.60748005
3216   8308364110.91184044
3217   8333002953.48612022
3218   8357709741.70118046
3219   8382484020.11320972
3220   8407327905.89188957
3221   8432240901.53275967
3222   8457221256.50514030
3223   8482271098.21897030
3224   8507389952.86320972
3225   8532577976.78077984
3226   8557834704.86940956
3227   8583162289.56159973
3228   8608559582.43247986
3229   8634026757.02495956
3230   8659564019.85482025
3231   8685172174.61582947
3232   8710849440.91445923
3233   8736597980.55624962
3234   8762417956.70591927
3235   8788308243.93450928
3236   8814271695.12140083
3237   8840305122.36527061
3238   8866409398.12725067
3239   8892586720.17653084
3240   8918835903.37797928
3241   8945157156.85569954
3242   8971549976.38250923
3243   8998015881.81327057
3244   9024556472.59203911
3245   9051167107.95451927
3246   9077852102.46825027
3247   9104610265.63039017
3248   9131441084.42029953
3249   9158346133.29232025
3250   9185325595.59568977
3251   9212377583.67377090
3252   9239506468.36672020
3253   9266708935.83729935
3254   9293983791.04980087
3255   9321335414.73925018
3256   9348761183.90092087
3257   9376262718.90652084
3258   9403838772.43066025
3259   9431490955.65457916
3260   9459220182.44874954
3261   9487023094.46199036
3262   9514903431.95154953
3263   9542859969.79470062
3264   9570891452.42045021
3265   9599000948.72761917
3266   9627187945.84547043
3267   9655452647.93425941
3268   9683792340.31218910
3269   9712210843.22583961
3270   9740706908.58456039
3271   9769279988.53432083
3272   9797931743.25255013
3273   9826662378.40966034
3274   9855469907.60120010
3275   9884358899.58828926
3276   9913325170.70535088
3277   9942369653.17367935
3278   9971493996.77165985
3279  10000697696.80532074
3280  10029981669.01425934
3281  10059343890.64982033
3282  10088787540.12558937
3283  10118313600.76460075
3284  10147916993.12500954
3285  10177601697.40601921
3286  10207367905.84296036
3287  10237213547.26332092
3288  10267141862.59760094
3289  10297151539.48965073
3290  10327245096.56447983
3291  10357417365.19861031
3292  10387673144.93383026
3293  10418011109.52666092
3294  10448429934.84005928
3295  10478932899.06921005
3296  10509519442.51267052
3297  10540187457.18449974
3298  10570941042.49975014
3299  10601777274.41559982
3300  10632697155.85135078
3301  10663700107.51976967
3302  10694787925.18726921
3303  10725960788.51676941
3304  10757216568.17712975
3305  10788558638.09398079
3306  10819987218.45771027
3307  10851498538.89042091
3308  10883096008.48236084
3309  10914779825.43133926
3310  10946548614.16584015
3311  10978403384.67868042
3312  11010345172.07666969
3313  11042373365.70429993
3314  11074489022.19194984
3315  11106690713.61952972
3316  11138980293.98576927
3317  11171355527.19119072
3318  11203819892.29859924
3319  11236372003.75507927
3320  11269012863.44292068
3321  11301741915.33754921
3322  11334558510.18265915
3323  11367464566.00303078
3324  11400458604.18696022
3325  11433542534.24943924
3326  11466715723.03853989
3327  11499977598.14652061
3328  11533330853.46036911
3329  11566775750.14732933
3330  11600309139.14510918
3331  11633931240.53812027
3332  11667646498.26685905
3333  11701451745.63643074
3334  11735347226.84436035
3335  11769335732.22064018
3336  11803415743.40822029
3337  11837589245.87096024
3338  11871852166.24901009
3339  11906208171.06130981
3340  11940657484.17565918
3341  11975197746.43376923
3342  12009832656.50118065
3343  12044560703.28574944
3344  12079384742.29191971
3345  12114298901.79451942
3346  12149307780.00122070
3347  12184411602.79553032
3348  12219607986.00807953
3349  12254900654.78405952
3350  12290289008.34296036
3351  12325769704.11289024
3352  12361350100.18095016
3353  12397024220.72005081
3354  12432794063.37081909
3355  12468658073.85899925
3356  12504620074.05504036
3357  12540679433.02168083
3358  12576833652.84493065
3359  12613085711.71822929
3360  12649437637.10017967
3361  12685885175.52636909
3362  12722429432.12331963
3363  12759072504.94721031
3364  12795814607.45236969
3365  12832653267.42194939
3366  12869592379.67024040
3367  12906630354.05327034
3368  12943769301.47385025
3369  12981004806.11705971
3370  13018340862.74678993
3371  13055777686.87237930
3372  13093312744.18663979
3373  13130950011.41946983
3374  13168687869.32729912
3375  13206528462.38351059
3376  13244467315.70042992
3377  13282509399.55879021
3378  13320653095.45465088
3379  13358896714.28845024
3380  13397244350.97396088
3381  13435694321.54771042
3382  13474246890.65730095
3383  13512904241.77309036
3384  13551662790.18833923
3385  13590525661.63641930
3386  13629490230.40537071
3387  13668561556.05163956
3388  13707736077.95676994
3389  13747015931.72558975
3390  13786397542.45298958
3391  13825889886.51782990
3392  13865483507.28196907
3393  13905182557.18482018
3394  13944988271.84362030
3395  13984900909.35032082
3396  14024918766.55076027
3397  14065042105.68559074
3398  14105277155.66748047
3399  14145616212.52466965
3400  14186060524.25519943
3401  14226615372.69370079
3402  14267276998.98370934
3403  14308047679.91481972
3404  14348924685.71409035
3405  14389912283.05075073
3406  14431010758.63949013
3407  14472215319.32368088
3408  14513531290.71927071
3409  14554955915.65815926
3410  14596491507.07966042
3411  14638135233.05327034
3412  14679891466.07653999
3413  14721759500.32011986
3414  14763739564.43873024
3415  14805827834.02812004
3416  14848029717.27079964
3417  14890343459.31440926
3418  14932767214.28889084
3419  14975306471.69072914
3420  15017957356.21722984
3421  15060722238.69376945
3422  15103600315.10869026
3423  15146591899.06072044
3424  15189697268.65519905
3425  15232914545.06417084
3426  15276248280.57383919
3427  15319697685.74893951
3428  15363260929.00818062
3429  15406941477.00465965
3430  15450736404.93626022
3431  15494647079.49399948
3432  15538671606.38525963
3433  15582815692.72311974
3434  15627075272.38525009
3435  15671452809.88905907
3436  15715945346.60347939
3437  15760559679.93860054
3438  15805290653.65481949
3439  15850138579.18310928
3440  15895103696.01602936
3441  15940188519.93349075
3442  15985393342.90438080
3443  16030715117.82500076
3444  16076158588.86694908
3445  16121725151.25741005
3446  16167408442.19833946
3447  16213210959.06156921
3448  16259136359.18445015
3449  16305182699.02297020
3450  16351350283.58587074
3451  16397637125.22076035
3452  16444051448.90166092
3453  16490584494.88942909
3454  16537238836.40283012
3455  16584018153.04883003
3456  16630920502.72195053
3457  16677946156.49893951
3458  16725094293.18988991
3459  16772367476.29450035
3460  16819768346.12026978
3461  16867290285.42464066
3462  16914937053.34260941
3463  16962710102.14299965
3464  17010608604.66492081
3465  17058630483.60988045
3466  17106781933.83391953
3467  17155058548.64710999
3468  17203465348.35649109
3469  17251995586.42649078
3470  17300654289.46712875
3471  17349440576.96765900
3472  17398354761.81758881
3473  17447395950.22653961
3474  17496568040.24993134
3475  17545868955.74789810
3476  17595299011.07390976
3477  17644858539.32955933
3478  17694549021.67871094
3479  17744368389.14151001
3480  17794316967.41736984
3481  17844398661.46039963
3482  17894611376.48638916
3483  17944957900.49695969
3484  17995431211.31061172
3485  18046040170.55076981
3486  18096780219.21675110
3487  18147654124.36437988
3488  18198658518.85099030
3489  18249798642.23329926
3490  18301072356.77288055
3491  18352481222.67853165
3492  18404023101.10361862
3493  18455700796.24536896
3494  18507512121.29399872
3495  18559457425.89712143
3496  18611540769.41947174
3497  18663761233.82263184
3498  18716116665.86922073
3499  18768609870.26147079
3500  18821238682.68059921
