   1            1.29056000
   2            2.07921000
   3            2.91386000
   4            3.75713000
   5            4.60358000
   6            5.45156000
   7            6.30041000
   8            7.14980000
   9            7.99954000
  10            8.84955000
  11            9.69974000
  12           10.55009000
  13           11.40055000
  14           12.25111000
  15           13.10175000
  16           13.95246000
  17           14.80323000
  18           15.65406000
  19           16.50494000
  20           17.35586000
  21           18.20683000
  22           19.05783000
  23           19.90888000
  24           20.75995000
  25           21.61106000
  26           22.46221000
  27           23.31338000
  28           24.16459000
  29           25.01582000
  30           25.86708000
  31           26.71837000
  32           27.56968000
  33           28.42103000
  34           29.27239000
  35           30.12379000
  36           30.97521000
  37           31.82665000
  38           32.67812000
  39           33.52962000
  40           34.38114000
  41           35.23268000
  42           36.08425000
  43           36.93584000
  44           37.78746000
  45           38.63910000
  46           39.49076000
  47           40.34244000
  48           41.19415000
  49           42.04588000
  50           42.89764000
  51           43.74942000
  52           44.60122000
  53           45.45304000
  54           46.30489000
  55           47.15676000
  56           48.00865000
  57           48.86057000
  58           49.71251000
  59           50.56447000
  60           51.41645000
  61           52.26845000
  62           53.12048000
  63           53.97253000
  64           54.82460000
  65           55.67670000
  66           56.52882000
  67           57.38096000
  68           58.23312000
  69           59.08530000
  70           59.93751000
  71           60.78974000
  72           61.64199000
  73           62.49426000
  74           63.34656000
  75           64.19887000
  76           65.05121000
  77           65.90358000
  78           66.75596000
  79           67.60836000
  80           68.46079000
  81           69.31324000
  82           70.16571000
  83           71.01821000
  84           71.87072000
  85           72.72326000
  86           73.57582000
  87           74.42841000
  88           75.28101000
  89           76.13364000
  90           76.98628000
  91           77.83895000
  92           78.69165000
  93           79.54436000
  94           80.39710000
  95           81.24985000
  96           82.10263000
  97           82.95544000
  98           83.80826000
  99           84.66111000
 100           85.51397000
 101           86.36686000
 102           87.21977000
 103           88.07271000
 104           88.92566000
 105           89.77864000
 106           90.63164000
 107           91.48466000
 108           92.33771000
 109           93.19077000
 110           94.04386000
 111           94.89697000
 112           95.75010000
 113           96.60325000
 114           97.45643000
 115           98.30963000
 116           99.16285000
 117          100.01609000
 118          100.86935000
 119          101.72264000
 120          102.57595000
 121          103.42928000
 122          104.28263000
 123          105.13601000
 124          105.98940000
 125          106.84282000
 126          107.69627000
 127          108.54973000
 128          109.40322000
 129          110.25673000
 130          111.11026000
 131          111.96382000
 132          112.81740000
 133          113.67100000
 134          114.52463000
 135          115.37827000
 136          116.23195000
 137          117.08564000
 138          117.93936000
 139          118.79310000
 140          119.64687000
 141          120.50066000
 142          121.35447000
 143          122.20831000
 144          123.06218000
 145          123.91606000
 146          124.76998000
 147          125.62392000
 148          126.47788000
 149          127.33187000
 150          128.18588000
 151          129.03992000
 152          129.89399000
 153          130.74808000
 154          131.60221000
 155          132.45635000
 156          133.31053000
 157          134.16473000
 158          135.01896000
 159          135.87322000
 160          136.72751000
 161          137.58183000
 162          138.43618000
 163          139.29056000
 164          140.14497000
 165          140.99941000
 166          141.85388000
 167          142.70838000
 168          143.56292000
 169          144.41749000
 170          145.27209000
 171          146.12672000
 172          146.98140000
 173          147.83610000
 174          148.69084000
 175          149.54562000
 176          150.40044000
 177          151.25529000
 178          152.11018000
 179          152.96511000
 180          153.82009000
 181          154.67510000
 182          155.53015000
 183          156.38524000
 184          157.24038000
 185          158.09556000
 186          158.95079000
 187          159.80606000
 188          160.66138000
 189          161.51675000
 190          162.37216000
 191          163.22762000
 192          164.08314000
 193          164.93870000
 194          165.79432000
 195          166.64998000
 196          167.50571000
 197          168.36149000
 198          169.21732000
 199          170.07321000
 200          170.92916000
 201          171.78517000
 202          172.64125000
 203          173.49738000
 204          174.35358000
 205          175.20984000
 206          176.06617000
 207          176.92256000
 208          177.77902000
 209          178.63555000
 210          179.49216000
 211          180.34883000
 212          181.20558000
 213          182.06241000
 214          182.91931000
 215          183.77629000
 216          184.63335000
 217          185.49049000
 218          186.34772000
 219          187.20502000
 220          188.06242000
 221          188.91990000
 222          189.77747000
 223          190.63513000
 224          191.49288000
 225          192.35073000
 226          193.20867000
 227          194.06671000
 228          194.92485000
 229          195.78309000
 230          196.64143000
 231          197.49987000
 232          198.35842000
 233          199.21708000
 234          200.07585000
 235          200.93473000
 236          201.79372000
 237          202.65283000
 238          203.51206000
 239          204.37140000
 240          205.23087000
 241          206.09046000
 242          206.95017000
 243          207.81001000
 244          208.66998000
 245          209.53008000
 246          210.39032000
 247          211.25068000
 248          212.11119000
 249          212.97183000
 250          213.83262000
 251          214.69355000
 252          215.55462000
 253          216.41584000
 254          217.27721000
 255          218.13874000
 256          219.00041000
 257          219.86225000
 258          220.72424000
 259          221.58639000
 260          222.44870000
 261          223.31118000
 262          224.17383000
 263          225.03665000
 264          225.89964000
 265          226.76280000
 266          227.62614000
 267          228.48966000
 268          229.35336000
 269          230.21724000
 270          231.08131000
 271          231.94556000
 272          232.81001000
 273          233.67465000
 274          234.53948000
 275          235.40451000
 276          236.26975000
 277          237.13518000
 278          238.00082000
 279          238.86666000
 280          239.73272000
 281          240.59899000
 282          241.46547000
 283          242.33217000
 284          243.19908000
 285          244.06622000
 286          244.93359000
 287          245.80118000
 288          246.66900000
 289          247.53705000
 290          248.40533000
 291          249.27386000
 292          250.14262000
 293          251.01162000
 294          251.88087000
 295          252.75036000
 296          253.62010000
 297          254.49010000
 298          255.36034000
 299          256.23085000
 300          257.10161000
 301          257.97264000
 302          258.84393000
 303          259.71549000
 304          260.58731000
 305          261.45941000
 306          262.33178000
 307          263.20443000
 308          264.07736000
 309          264.95057000
 310          265.82407000
 311          266.69785000
 312          267.57192000
 313          268.44628000
 314          269.32094000
 315          270.19590000
 316          271.07116000
 317          271.94671000
 318          272.82258000
 319          273.69875000
 320          274.57523000
 321          275.45202000
 322          276.32913000
 323          277.20656000
 324          278.08431000
 325          278.96238000
 326          279.84077000
 327          280.71949000
 328          281.59855000
 329          282.47793000
 330          283.35765000
 331          284.23771000
 332          285.11811000
 333          285.99886000
 334          286.87994000
 335          287.76138000
 336          288.64317000
 337          289.52531000
 338          290.40781000
 339          291.29066000
 340          292.17387000
 341          293.05745000
 342          293.94140000
 343          294.82571000
 344          295.71039000
 345          296.59545000
 346          297.48088000
 347          298.36669000
 348          299.25288000
 349          300.13945000
 350          301.02641000
 351          301.91375000
 352          302.80149000
 353          303.68962000
 354          304.57814000
 355          305.46707000
 356          306.35639000
 357          307.24612000
 358          308.13625000
 359          309.02678000
 360          309.91773000
 361          310.80909000
 362          311.70087000
 363          312.59306000
 364          313.48567000
 365          314.37870000
 366          315.27216000
 367          316.16605000
 368          317.06036000
 369          317.95511000
 370          318.85028000
 371          319.74590000
 372          320.64195000
 373          321.53844000
 374          322.43538000
 375          323.33276000
 376          324.23059000
 377          325.12887000
 378          326.02761000
 379          326.92679000
 380          327.82644000
 381          328.72654000
 382          329.62711000
 383          330.52813000
 384          331.42963000
 385          332.33159000
 386          333.23403000
 387          334.13693000
 388          335.04031000
 389          335.94417000
 390          336.84851000
 391          337.75333000
 392          338.65863000
 393          339.56442000
 394          340.47070000
 395          341.37747000
 396          342.28473000
 397          343.19249000
 398          344.10074000
 399          345.00950000
 400          345.91875000
 401          346.82851000
 402          347.73877000
 403          348.64954000
 404          349.56082000
 405          350.47261000
 406          351.38492000
 407          352.29774000
 408          353.21108000
 409          354.12495000
 410          355.03933000
 411          355.95424000
 412          356.86967000
 413          357.78564000
 414          358.70213000
 415          359.61916000
 416          360.53672000
 417          361.45482000
 418          362.37345000
 419          363.29263000
 420          364.21235000
 421          365.13262000
 422          366.05343000
 423          366.97479000
 424          367.89670000
 425          368.81916000
 426          369.74218000
 427          370.66576000
 428          371.58989000
 429          372.51458000
 430          373.43984000
 431          374.36566000
 432          375.29204000
 433          376.21900000
 434          377.14652000
 435          378.07462000
 436          379.00328000
 437          379.93253000
 438          380.86235000
 439          381.79275000
 440          382.72373000
 441          383.65530000
 442          384.58745000
 443          385.52018000
 444          386.45351000
 445          387.38742000
 446          388.32193000
 447          389.25703000
 448          390.19272000
 449          391.12901000
 450          392.06590000
 451          393.00340000
 452          393.94149000
 453          394.88019000
 454          395.81949000
 455          396.75941000
 456          397.69993000
 457          398.64106000
 458          399.58281000
 459          400.52517000
 460          401.46814000
 461          402.41174000
 462          403.35595000
 463          404.30079000
 464          405.24624000
 465          406.19233000
 466          407.13903000
 467          408.08637000
 468          409.03433000
 469          409.98293000
 470          410.93216000
 471          411.88202000
 472          412.83252000
 473          413.78366000
 474          414.73543000
 475          415.68785000
 476          416.64091000
 477          417.59461000
 478          418.54896000
 479          419.50395000
 480          420.45959000
 481          421.41589000
 482          422.37283000
 483          423.33043000
 484          424.28868000
 485          425.24758000
 486          426.20715000
 487          427.16737000
 488          428.12825000
 489          429.08980000
 490          430.05201000
 491          431.01488000
 492          431.97842000
 493          432.94263000
 494          433.90750000
 495          434.87305000
 496          435.83927000
 497          436.80616000
 498          437.77373000
 499          438.74197000
 500          439.71089000
 501          440.68049000
 502          441.65077000
 503          442.62173000
 504          443.59338000
 505          444.56571000
 506          445.53872000
 507          446.51243000
 508          447.48682000
 509          448.46190000
 510          449.43767000
 511          450.41414000
 512          451.39130000
 513          452.36915000
 514          453.34770000
 515          454.32695000
 516          455.30690000
 517          456.28755000
 518          457.26890000
 519          458.25095000
 520          459.23371000
 521          460.21717000
 522          461.20134000
 523          462.18621000
 524          463.17180000
 525          464.15810000
 526          465.14511000
 527          466.13283000
 528          467.12126000
 529          468.11041000
 530          469.10028000
 531          470.09087000
 532          471.08217000
 533          472.07420000
 534          473.06694000
 535          474.06041000
 536          475.05460000
 537          476.04952000
 538          477.04516000
 539          478.04153000
 540          479.03863000
 541          480.03646000
 542          481.03502000
 543          482.03431000
 544          483.03433000
 545          484.03509000
 546          485.03658000
 547          486.03881000
 548          487.04178000
 549          488.04548000
 550          489.04993000
 551          490.05511000
 552          491.06104000
 553          492.06771000
 554          493.07512000
 555          494.08328000
 556          495.09218000
 557          496.10183000
 558          497.11223000
 559          498.12338000
 560          499.13528000
 561          500.14793000
 562          501.16133000
 563          502.17548000
 564          503.19039000
 565          504.20606000
 566          505.22248000
 567          506.23966000
 568          507.25760000
 569          508.27629000
 570          509.29575000
 571          510.31597000
 572          511.33695000
 573          512.35869000
 574          513.38120000
 575          514.40447000
 576          515.42851000
 577          516.45332000
 578          517.47889000
 579          518.50523000
 580          519.53235000
 581          520.56023000
 582          521.58889000
 583          522.61831000
 584          523.64852000
 585          524.67949000
 586          525.71125000
 587          526.74377000
 588          527.77708000
 589          528.81116000
 590          529.84603000
 591          530.88167000
 592          531.91810000
 593          532.95530000
 594          533.99329000
 595          535.03206000
 596          536.07162000
 597          537.11196000
 598          538.15309000
 599          539.19500000
 600          540.23771000
 601          541.28120000
 602          542.32548000
 603          543.37055000
 604          544.41641000
 605          545.46307000
 606          546.51052000
 607          547.55876000
 608          548.60779000
 609          549.65763000
 610          550.70825000
 611          551.75968000
 612          552.81190000
 613          553.86492000
 614          554.91874000
 615          555.97336000
 616          557.02878000
 617          558.08500000
 618          559.14203000
 619          560.19986000
 620          561.25849000
 621          562.31793000
 622          563.37817000
 623          564.43922000
 624          565.50107000
 625          566.56374000
 626          567.62721000
 627          568.69149000
 628          569.75658000
 629          570.82249000
 630          571.88920000
 631          572.95673000
 632          574.02507000
 633          575.09422000
 634          576.16419000
 635          577.23497000
 636          578.30657000
 637          579.37899000
 638          580.45222000
 639          581.52627000
 640          582.60114000
 641          583.67683000
 642          584.75333000
 643          585.83066000
 644          586.90881000
 645          587.98779000
 646          589.06758000
 647          590.14820000
 648          591.22965000
 649          592.31191000
 650          593.39501000
 651          594.47893000
 652          595.56367000
 653          596.64925000
 654          597.73565000
 655          598.82288000
 656          599.91094000
 657          600.99983000
 658          602.08955000
 659          603.18011000
 660          604.27149000
 661          605.36371000
 662          606.45676000
 663          607.55064000
 664          608.64536000
 665          609.74091000
 666          610.83730000
 667          611.93453000
 668          613.03259000
 669          614.13149000
 670          615.23123000
 671          616.33181000
 672          617.43322000
 673          618.53548000
 674          619.63857000
 675          620.74251000
 676          621.84729000
 677          622.95291000
 678          624.05938000
 679          625.16669000
 680          626.27484000
 681          627.38383000
 682          628.49368000
 683          629.60436000
 684          630.71590000
 685          631.82828000
 686          632.94150000
 687          634.05558000
 688          635.17050000
 689          636.28628000
 690          637.40290000
 691          638.52037000
 692          639.63870000
 693          640.75787000
 694          641.87790000
 695          642.99878000
 696          644.12051000
 697          645.24310000
 698          646.36654000
 699          647.49083000
 700          648.61598000
 701          649.74198000
 702          650.86884000
 703          651.99656000
 704          653.12513000
 705          654.25456000
 706          655.38485000
 707          656.51600000
 708          657.64801000
 709          658.78087000
 710          659.91460000
 711          661.04919000
 712          662.18463000
 713          663.32094000
 714          664.45811000
 715          665.59615000
 716          666.73504000
 717          667.87480000
 718          669.01543000
 719          670.15692000
 720          671.29927000
 721          672.44249000
 722          673.58657000
 723          674.73152000
 724          675.87734000
 725          677.02403000
 726          678.17158000
 727          679.32000000
 728          680.46929000
 729          681.61945000
 730          682.77048000
 731          683.92238000
 732          685.07514000
 733          686.22878000
 734          687.38329000
 735          688.53868000
 736          689.69493000
 737          690.85206000
 738          692.01006000
 739          693.16893000
 740          694.32868000
 741          695.48930000
 742          696.65080000
 743          697.81317000
 744          698.97642000
 745          700.14054000
 746          701.30554000
 747          702.47142000
 748          703.63818000
 749          704.80581000
 750          705.97432000
 751          707.14371000
 752          708.31398000
 753          709.48512000
 754          710.65715000
 755          711.83006000
 756          713.00385000
 757          714.17852000
 758          715.35407000
 759          716.53050000
 760          717.70782000
 761          718.88601000
 762          720.06509000
 763          721.24506000
 764          722.42591000
 765          723.60764000
 766          724.79025000
 767          725.97376000
 768          727.15814000
 769          728.34341000
 770          729.52957000
 771          730.71662000
 772          731.90455000
 773          733.09337000
 774          734.28308000
 775          735.47367000
 776          736.66515000
 777          737.85752000
 778          739.05078000
 779          740.24493000
 780          741.43997000
 781          742.63590000
 782          743.83272000
 783          745.03044000
 784          746.22904000
 785          747.42853000
 786          748.62892000
 787          749.83020000
 788          751.03237000
 789          752.23543000
 790          753.43939000
 791          754.64424000
 792          755.84998000
 793          757.05662000
 794          758.26416000
 795          759.47259000
 796          760.68191000
 797          761.89213000
 798          763.10324000
 799          764.31526000
 800          765.52817000
 801          766.74197000
 802          767.95668000
 803          769.17228000
 804          770.38878000
 805          771.60617000
 806          772.82447000
 807          774.04366000
 808          775.26376000
 809          776.48475000
 810          777.70664000
 811          778.92944000
 812          780.15313000
 813          781.37773000
 814          782.60323000
 815          783.82962000
 816          785.05692000
 817          786.28513000
 818          787.51423000
 819          788.74424000
 820          789.97515000
 821          791.20696000
 822          792.43968000
 823          793.67330000
 824          794.90782000
 825          796.14325000
 826          797.37959000
 827          798.61683000
 828          799.85497000
 829          801.09403000
 830          802.33398000
 831          803.57485000
 832          804.81662000
 833          806.05929000
 834          807.30288000
 835          808.54737000
 836          809.79277000
 837          811.03908000
 838          812.28629000
 839          813.53442000
 840          814.78345000
 841          816.03339000
 842          817.28424000
 843          818.53600000
 844          819.78867000
 845          821.04226000
 846          822.29675000
 847          823.55215000
 848          824.80847000
 849          826.06569000
 850          827.32383000
 851          828.58288000
 852          829.84284000
 853          831.10371000
 854          832.36550000
 855          833.62820000
 856          834.89181000
 857          836.15633000
 858          837.42177000
 859          838.68813000
 860          839.95539000
 861          841.22358000
 862          842.49267000
 863          843.76268000
 864          845.03361000
 865          846.30545000
 866          847.57821000
 867          848.85189000
 868          850.12648000
 869          851.40198000
 870          852.67841000
 871          853.95575000
 872          855.23401000
 873          856.51318000
 874          857.79328000
 875          859.07429000
 876          860.35622000
 877          861.63907000
 878          862.92283000
 879          864.20752000
 880          865.49312000
 881          866.77965000
 882          868.06709000
 883          869.35546000
 884          870.64474000
 885          871.93495000
 886          873.22607000
 887          874.51812000
 888          875.81108000
 889          877.10497000
 890          878.39978000
 891          879.69551000
 892          880.99217000
 893          882.28974000
 894          883.58824000
 895          884.88766000
 896          886.18801000
 897          887.48927000
 898          888.79147000
 899          890.09458000
 900          891.39862000
 901          892.70358000
 902          894.00946000
 903          895.31628000
 904          896.62401000
 905          897.93267000
 906          899.24226000
 907          900.55277000
 908          901.86420000
 909          903.17656000
 910          904.48985000
 911          905.80406000
 912          907.11920000
 913          908.43527000
 914          909.75226000
 915          911.07018000
 916          912.38903000
 917          913.70881000
 918          915.02951000
 919          916.35114000
 920          917.67370000
 921          918.99719000
 922          920.32160000
 923          921.64695000
 924          922.97322000
 925          924.30042000
 926          925.62855000
 927          926.95761000
 928          928.28760000
 929          929.61852000
 930          930.95037000
 931          932.28315000
 932          933.61686000
 933          934.95150000
 934          936.28708000
 935          937.62358000
 936          938.96101000
 937          940.29938000
 938          941.63868000
 939          942.97890000
 940          944.32007000
 941          945.66216000
 942          947.00518000
 943          948.34914000
 944          949.69403000
 945          951.03986000
 946          952.38661000
 947          953.73430000
 948          955.08293000
 949          956.43249000
 950          957.78298000
 951          959.13440000
 952          960.48676000
 953          961.84005000
 954          963.19428000
 955          964.54945000
 956          965.90554000
 957          967.26258000
 958          968.62055000
 959          969.97945000
 960          971.33929000
 961          972.70006000
 962          974.06178000
 963          975.42442000
 964          976.78801000
 965          978.15253000
 966          979.51799000
 967          980.88438000
 968          982.25171000
 969          983.61998000
 970          984.98918000
 971          986.35933000
 972          987.73041000
 973          989.10243000
 974          990.47538000
 975          991.84928000
 976          993.22411000
 977          994.59989000
 978          995.97660000
 979          997.35425000
 980          998.73283000
 981         1000.11236000
 982         1001.49283000
 983         1002.87424000
 984         1004.25658000
 985         1005.63987000
 986         1007.02410000
 987         1008.40926000
 988         1009.79537000
 989         1011.18242000
 990         1012.57041000
 991         1013.95934000
 992         1015.34921000
 993         1016.74002000
 994         1018.13177000
 995         1019.52447000
 996         1020.91810000
 997         1022.31268000
 998         1023.70820000
 999         1025.10466000
1000         1026.50207000
1001         1027.90042000
1002         1029.29970000
1003         1030.69994000
1004         1032.10111000
1005         1033.50323000
1006         1034.90629000
1007         1036.31030000
1008         1037.71524000
1009         1039.12114000
1010         1040.52797000
1011         1041.93575000
1012         1043.34447000
1013         1044.75414000
1014         1046.16475000
1015         1047.57631000
1016         1048.98881000
1017         1050.40226000
1018         1051.81665000
1019         1053.23199000
1020         1054.64827000
1021         1056.06549000
1022         1057.48367000
1023         1058.90279000
1024         1060.32285000
1025         1061.74386000
1026         1063.16582000
1027         1064.58872000
1028         1066.01257000
1029         1067.43736000
1030         1068.86311000
1031         1070.28980000
1032         1071.71743000
1033         1073.14601000
1034         1074.57555000
1035         1076.00602000
1036         1077.43745000
1037         1078.86982000
1038         1080.30314000
1039         1081.73741000
1040         1083.17263000
1041         1084.60879000
1042         1086.04591000
1043         1087.48397000
1044         1088.92298000
1045         1090.36294000
1046         1091.80385000
1047         1093.24571000
1048         1094.68851000
1049         1096.13227000
1050         1097.57697000
1051         1099.02263000
1052         1100.46923000
1053         1101.91679000
1054         1103.36529000
1055         1104.81475000
1056         1106.26515000
1057         1107.71651000
1058         1109.16881000
1059         1110.62207000
1060         1112.07628000
1061         1113.53143000
1062         1114.98754000
1063         1116.44460000
1064         1117.90261000
1065         1119.36158000
1066         1120.82149000
1067         1122.28236000
1068         1123.74417000
1069         1125.20694000
1070         1126.67066000
1071         1128.13534000
1072         1129.60096000
1073         1131.06754000
1074         1132.53507000
1075         1134.00356000
1076         1135.47299000
1077         1136.94338000
1078         1138.41472000
1079         1139.88702000
1080         1141.36027000
1081         1142.83447000
1082         1144.30962000
1083         1145.78573000
1084         1147.26279000
1085         1148.74081000
1086         1150.21978000
1087         1151.69970000
1088         1153.18058000
1089         1154.66242000
1090         1156.14520000
1091         1157.62895000
1092         1159.11364000
1093         1160.59929000
1094         1162.08590000
1095         1163.57346000
1096         1165.06198000
1097         1166.55145000
1098         1168.04188000
1099         1169.53326000
1100         1171.02560000
1101         1172.51889000
1102         1174.01314000
1103         1175.50835000
1104         1177.00451000
1105         1178.50162000
1106         1179.99970000
1107         1181.49873000
1108         1182.99872000
1109         1184.49966000
1110         1186.00156000
1111         1187.50442000
1112         1189.00823000
1113         1190.51300000
1114         1192.01873000
1115         1193.52542000
1116         1195.03306000
1117         1196.54166000
1118         1198.05122000
1119         1199.56173000
1120         1201.07321000
1121         1202.58564000
1122         1204.09903000
1123         1205.61338000
1124         1207.12868000
1125         1208.64495000
1126         1210.16217000
1127         1211.68035000
1128         1213.19949000
1129         1214.71959000
1130         1216.24065000
1131         1217.76267000
1132         1219.28564000
1133         1220.80958000
1134         1222.33447000
1135         1223.86033000
1136         1225.38714000
1137         1226.91492000
1138         1228.44365000
1139         1229.97334000
1140         1231.50400000
1141         1233.03561000
1142         1234.56818000
1143         1236.10172000
1144         1237.63621000
1145         1239.17166000
1146         1240.70808000
1147         1242.24545000
1148         1243.78379000
1149         1245.32309000
1150         1246.86335000
1151         1248.40457000
1152         1249.94675000
1153         1251.48989000
1154         1253.03399000
1155         1254.57906000
1156         1256.12508000
1157         1257.67207000
1158         1259.22002000
1159         1260.76893000
1160         1262.31880000
1161         1263.86964000
1162         1265.42144000
1163         1266.97420000
1164         1268.52792000
1165         1270.08260000
1166         1271.63825000
1167         1273.19486000
1168         1274.75244000
1169         1276.31097000
1170         1277.87047000
1171         1279.43093000
1172         1280.99236000
1173         1282.55474000
1174         1284.11810000
1175         1285.68241000
1176         1287.24769000
1177         1288.81393000
1178         1290.38114000
1179         1291.94931000
1180         1293.51844000
1181         1295.08854000
1182         1296.65960000
1183         1298.23162000
1184         1299.80461000
1185         1301.37857000
1186         1302.95349000
1187         1304.52937000
1188         1306.10622000
1189         1307.68403000
1190         1309.26281000
1191         1310.84255000
1192         1312.42326000
1193         1314.00493000
1194         1315.58757000
1195         1317.17117000
1196         1318.75574000
1197         1320.34127000
1198         1321.92777000
1199         1323.51524000
1200         1325.10367000
1201         1326.69306000
1202         1328.28343000
1203         1329.87476000
1204         1331.46705000
1205         1333.06031000
1206         1334.65454000
1207         1336.24973000
1208         1337.84589000
1209         1339.44302000
1210         1341.04111000
1211         1342.64017000
1212         1344.24020000
1213         1345.84119000
1214         1347.44315000
1215         1349.04608000
1216         1350.64997000
1217         1352.25483000
1218         1353.86066000
1219         1355.46746000
1220         1357.07522000
1221         1358.68396000
1222         1360.29365000
1223         1361.90432000
1224         1363.51596000
1225         1365.12856000
1226         1366.74213000
1227         1368.35667000
1228         1369.97218000
1229         1371.58865000
1230         1373.20609000
1231         1374.82451000
1232         1376.44389000
1233         1378.06424000
1234         1379.68555000
1235         1381.30784000
1236         1382.93109000
1237         1384.55532000
1238         1386.18051000
1239         1387.80667000
1240         1389.43381000
1241         1391.06191000
1242         1392.69098000
1243         1394.32102000
1244         1395.95203000
1245         1397.58400000
1246         1399.21695000
1247         1400.85087000
1248         1402.48576000
1249         1404.12162000
1250         1405.75844000
1251         1407.39624000
1252         1409.03501000
1253         1410.67475000
1254         1412.31546000
1255         1413.95713000
1256         1415.59978000
1257         1417.24340000
1258         1418.88799000
1259         1420.53356000
1260         1422.18009000
1261         1423.82759000
1262         1425.47606000
1263         1427.12551000
1264         1428.77592000
1265         1430.42731000
1266         1432.07967000
1267         1433.73300000
1268         1435.38730000
1269         1437.04257000
1270         1438.69882000
1271         1440.35603000
1272         1442.01422000
1273         1443.67338000
1274         1445.33351000
1275         1446.99461000
1276         1448.65669000
1277         1450.31974000
1278         1451.98376000
1279         1453.64875000
1280         1455.31471000
1281         1456.98165000
1282         1458.64956000
1283         1460.31844000
1284         1461.98829000
1285         1463.65912000
1286         1465.33092000
1287         1467.00369000
1288         1468.67744000
1289         1470.35216000
1290         1472.02785000
1291         1473.70451000
1292         1475.38215000
1293         1477.06076000
1294         1478.74035000
1295         1480.42090000
1296         1482.10244000
1297         1483.78494000
1298         1485.46842000
1299         1487.15287000
1300         1488.83830000
1301         1490.52470000
1302         1492.21208000
1303         1493.90042000
1304         1495.58975000
1305         1497.28004000
1306         1498.97131000
1307         1500.66356000
1308         1502.35678000
1309         1504.05097000
1310         1505.74614000
1311         1507.44229000
1312         1509.13941000
1313         1510.83750000
1314         1512.53657000
1315         1514.23661000
1316         1515.93763000
1317         1517.63962000
1318         1519.34259000
1319         1521.04653000
1320         1522.75145000
1321         1524.45734000
1322         1526.16421000
1323         1527.87206000
1324         1529.58088000
1325         1531.29067000
1326         1533.00145000
1327         1534.71319000
1328         1536.42592000
1329         1538.13962000
1330         1539.85429000
1331         1541.56994000
1332         1543.28657000
1333         1545.00417000
1334         1546.72275000
1335         1548.44231000
1336         1550.16284000
1337         1551.88435000
1338         1553.60684000
1339         1555.33030000
1340         1557.05474000
1341         1558.78015000
1342         1560.50655000
1343         1562.23392000
1344         1563.96226000
1345         1565.69158000
1346         1567.42189000
1347         1569.15316000
1348         1570.88542000
1349         1572.61865000
1350         1574.35286000
1351         1576.08805000
1352         1577.82421000
1353         1579.56135000
1354         1581.29947000
1355         1583.03857000
1356         1584.77864000
1357         1586.51970000
1358         1588.26173000
1359         1590.00474000
1360         1591.74872000
1361         1593.49369000
1362         1595.23963000
1363         1596.98655000
1364         1598.73445000
1365         1600.48333000
1366         1602.23318000
1367         1603.98402000
1368         1605.73583000
1369         1607.48862000
1370         1609.24239000
1371         1610.99714000
1372         1612.75287000
1373         1614.50958000
1374         1616.26726000
1375         1618.02593000
1376         1619.78557000
1377         1621.54620000
1378         1623.30780000
1379         1625.07038000
1380         1626.83394000
1381         1628.59848000
1382         1630.36400000
1383         1632.13050000
1384         1633.89798000
1385         1635.66644000
1386         1637.43588000
1387         1639.20630000
1388         1640.97769000
1389         1642.75007000
1390         1644.52343000
1391         1646.29777000
1392         1648.07309000
1393         1649.84938000
1394         1651.62666000
1395         1653.40492000
1396         1655.18416000
1397         1656.96438000
1398         1658.74558000
1399         1660.52776000
1400         1662.31092000
1401         1664.09506000
1402         1665.88019000
1403         1667.66629000
1404         1669.45337000
1405         1671.24144000
1406         1673.03049000
1407         1674.82051000
1408         1676.61152000
1409         1678.40351000
1410         1680.19648000
1411         1681.99043000
1412         1683.78537000
1413         1685.58128000
1414         1687.37818000
1415         1689.17606000
1416         1690.97492000
1417         1692.77476000
1418         1694.57558000
1419         1696.37738000
1420         1698.18017000
1421         1699.98394000
1422         1701.78869000
1423         1703.59442000
1424         1705.40114000
1425         1707.20883000
1426         1709.01751000
1427         1710.82717000
1428         1712.63782000
1429         1714.44944000
1430         1716.26205000
1431         1718.07564000
1432         1719.89021000
1433         1721.70577000
1434         1723.52231000
1435         1725.33983000
1436         1727.15834000
1437         1728.97782000
1438         1730.79829000
1439         1732.61975000
1440         1734.44218000
1441         1736.26560000
1442         1738.09000000
1443         1739.91539000
1444         1741.74176000
1445         1743.56911000
1446         1745.39745000
1447         1747.22677000
1448         1749.05707000
1449         1750.88836000
1450         1752.72063000
1451         1754.55388000
1452         1756.38812000
1453         1758.22334000
1454         1760.05954000
1455         1761.89673000
1456         1763.73491000
1457         1765.57406000
1458         1767.41420000
1459         1769.25533000
1460         1771.09744000
1461         1772.94053000
1462         1774.78461000
1463         1776.62967000
1464         1778.47572000
1465         1780.32275000
1466         1782.17077000
1467         1784.01977000
1468         1785.86976000
1469         1787.72073000
1470         1789.57268000
1471         1791.42562000
1472         1793.27955000
1473         1795.13446000
1474         1796.99035000
1475         1798.84723000
1476         1800.70510000
1477         1802.56395000
1478         1804.42378000
1479         1806.28461000
1480         1808.14641000
1481         1810.00920000
1482         1811.87298000
1483         1813.73774000
1484         1815.60349000
1485         1817.47023000
1486         1819.33795000
1487         1821.20665000
1488         1823.07634000
1489         1824.94702000
1490         1826.81869000
1491         1828.69133000
1492         1830.56497000
1493         1832.43959000
1494         1834.31520000
1495         1836.19179000
1496         1838.06937000
1497         1839.94794000
1498         1841.82749000
1499         1843.70803000
1500         1845.58956000
1501         1847.47207000
1502         1849.35557000
1503         1851.24006000
1504         1853.12553000
1505         1855.01199000
1506         1856.89943000
1507         1858.78787000
1508         1860.67729000
1509         1862.56769000
1510         1864.45909000
1511         1866.35147000
1512         1868.24484000
1513         1870.13919000
1514         1872.03454000
1515         1873.93087000
1516         1875.82818000
1517         1877.72649000
1518         1879.62578000
1519         1881.52606000
1520         1883.42733000
1521         1885.32958000
1522         1887.23283000
1523         1889.13706000
1524         1891.04228000
1525         1892.94848000
1526         1894.85568000
1527         1896.76386000
1528         1898.67303000
1529         1900.58319000
1530         1902.49433000
1531         1904.40647000
1532         1906.31959000
1533         1908.23370000
1534         1910.14880000
1535         1912.06489000
1536         1913.98197000
1537         1915.90003000
1538         1917.81909000
1539         1919.73913000
1540         1921.66016000
1541         1923.58218000
1542         1925.50519000
1543         1927.42919000
1544         1929.35417000
1545         1931.28015000
1546         1933.20711000
1547         1935.13507000
1548         1937.06401000
1549         1938.99394000
1550         1940.92486000
1551         1942.85677000
1552         1944.78967000
1553         1946.72356000
1554         1948.65844000
1555         1950.59430000
1556         1952.53116000
1557         1954.46901000
1558         1956.40784000
1559         1958.34767000
1560         1960.28849000
1561         1962.23029000
1562         1964.17309000
1563         1966.11687000
1564         1968.06165000
1565         1970.00741000
1566         1971.95417000
1567         1973.90191000
1568         1975.85065000
1569         1977.80037000
1570         1979.75109000
1571         1981.70280000
1572         1983.65549000
1573         1985.60918000
1574         1987.56386000
1575         1989.51952000
1576         1991.47618000
1577         1993.43383000
1578         1995.39247000
1579         1997.35210000
1580         1999.31272000
1581         2001.27434000
1582         2003.23694000
1583         2005.20053000
1584         2007.16512000
1585         2009.13069000
1586         2011.09726000
1587         2013.06482000
1588         2015.03337000
1589         2017.00291000
1590         2018.97344000
1591         2020.94497000
1592         2022.91748000
1593         2024.89099000
1594         2026.86548000
1595         2028.84097000
1596         2030.81745000
1597         2032.79493000
1598         2034.77339000
1599         2036.75285000
1600         2038.73329000
1601         2040.71473000
1602         2042.69716000
1603         2044.68059000
1604         2046.66500000
1605         2048.65041000
1606         2050.63681000
1607         2052.62420000
1608         2054.61258000
1609         2056.60196000
1610         2058.59233000
1611         2060.58369000
1612         2062.57604000
1613         2064.56939000
1614         2066.56373000
1615         2068.55906000
1616         2070.55538000
1617         2072.55269000
1618         2074.55100000
1619         2076.55030000
1620         2078.55060000
1621         2080.55188000
1622         2082.55416000
1623         2084.55744000
1624         2086.56170000
1625         2088.56696000
1626         2090.57321000
1627         2092.58046000
1628         2094.58870000
1629         2096.59793000
1630         2098.60815000
1631         2100.61937000
1632         2102.63158000
1633         2104.64479000
1634         2106.65898000
1635         2108.67418000
1636         2110.69036000
1637         2112.70754000
1638         2114.72571000
1639         2116.74488000
1640         2118.76504000
1641         2120.78619000
1642         2122.80834000
1643         2124.83148000
1644         2126.85562000
1645         2128.88075000
1646         2130.90687000
1647         2132.93399000
1648         2134.96210000
1649         2136.99121000
1650         2139.02131000
1651         2141.05241000
1652         2143.08450000
1653         2145.11758000
1654         2147.15166000
1655         2149.18673000
1656         2151.22280000
1657         2153.25986000
1658         2155.29792000
1659         2157.33697000
1660         2159.37701000
1661         2161.41806000
1662         2163.46009000
1663         2165.50312000
1664         2167.54715000
1665         2169.59217000
1666         2171.63818000
1667         2173.68519000
1668         2175.73320000
1669         2177.78220000
1670         2179.83220000
1671         2181.88319000
1672         2183.93518000
1673         2185.98816000
1674         2188.04214000
1675         2190.09711000
1676         2192.15308000
1677         2194.21004000
1678         2196.26800000
1679         2198.32696000
1680         2200.38691000
1681         2202.44786000
1682         2204.50980000
1683         2206.57274000
1684         2208.63667000
1685         2210.70160000
1686         2212.76753000
1687         2214.83445000
1688         2216.90237000
1689         2218.97129000
1690         2221.04120000
1691         2223.11210000
1692         2225.18401000
1693         2227.25691000
1694         2229.33080000
1695         2231.40570000
1696         2233.48158000
1697         2235.55847000
1698         2237.63635000
1699         2239.71523000
1700         2241.79511000
1701         2243.87598000
1702         2245.95785000
1703         2248.04071000
1704         2250.12458000
1705         2252.20944000
1706         2254.29529000
1707         2256.38215000
1708         2258.47000000
1709         2260.55884000
1710         2262.64869000
1711         2264.73953000
1712         2266.83137000
1713         2268.92421000
1714         2271.01804000
1715         2273.11287000
1716         2275.20870000
1717         2277.30552000
1718         2279.40335000
1719         2281.50217000
1720         2283.60199000
1721         2285.70280000
1722         2287.80462000
1723         2289.90743000
1724         2292.01124000
1725         2294.11605000
1726         2296.22185000
1727         2298.32865000
1728         2300.43645000
1729         2302.54525000
1730         2304.65505000
1731         2306.76585000
1732         2308.87764000
1733         2310.99043000
1734         2313.10422000
1735         2315.21901000
1736         2317.33479000
1737         2319.45158000
1738         2321.56936000
1739         2323.68814000
1740         2325.80792000
1741         2327.92870000
1742         2330.05048000
1743         2332.17326000
1744         2334.29703000
1745         2336.42180000
1746         2338.54758000
1747         2340.67435000
1748         2342.80212000
1749         2344.93089000
1750         2347.06065000
1751         2349.19142000
1752         2351.32319000
1753         2353.45595000
1754         2355.58972000
1755         2357.72448000
1756         2359.86024000
1757         2361.99700000
1758         2364.13476000
1759         2366.27352000
1760         2368.41328000
1761         2370.55404000
1762         2372.69580000
1763         2374.83856000
1764         2376.98232000
1765         2379.12708000
1766         2381.27284000
1767         2383.41959000
1768         2385.56735000
1769         2387.71611000
1770         2389.86586000
1771         2392.01662000
1772         2394.16838000
1773         2396.32113000
1774         2398.47489000
1775         2400.62965000
1776         2402.78540000
1777         2404.94216000
1778         2407.09992000
1779         2409.25868000
1780         2411.41844000
1781         2413.57919000
1782         2415.74095000
1783         2417.90371000
1784         2420.06747000
1785         2422.23223000
1786         2424.39799000
1787         2426.56476000
1788         2428.73252000
1789         2430.90128000
1790         2433.07105000
1791         2435.24181000
1792         2437.41358000
1793         2439.58634000
1794         2441.76011000
1795         2443.93488000
1796         2446.11065000
1797         2448.28742000
1798         2450.46519000
1799         2452.64396000
1800         2454.82374000
1801         2457.00451000
1802         2459.18629000
1803         2461.36907000
1804         2463.55285000
1805         2465.73763000
1806         2467.92341000
1807         2470.11020000
1808         2472.29798000
1809         2474.48677000
1810         2476.67656000
1811         2478.86735000
1812         2481.05914000
1813         2483.25193000
1814         2485.44573000
1815         2487.64053000
1816         2489.83633000
1817         2492.03313000
1818         2494.23093000
1819         2496.42974000
1820         2498.62955000
1821         2500.83036000
1822         2503.03217000
1823         2505.23499000
1824         2507.43880000
1825         2509.64362000
1826         2511.84944000
1827         2514.05627000
1828         2516.26409000
1829         2518.47292000
1830         2520.68276000
1831         2522.89359000
1832         2525.10543000
1833         2527.31827000
1834         2529.53211000
1835         2531.74695000
1836         2533.96280000
1837         2536.17965000
1838         2538.39751000
1839         2540.61636000
1840         2542.83622000
1841         2545.05709000
1842         2547.27895000
1843         2549.50182000
1844         2551.72569000
1845         2553.95057000
1846         2556.17645000
1847         2558.40333000
1848         2560.63121000
1849         2562.86010000
1850         2565.08999000
1851         2567.32089000
1852         2569.55279000
1853         2571.78569000
1854         2574.01960000
1855         2576.25451000
1856         2578.49042000
1857         2580.72734000
1858         2582.96526000
1859         2585.20418000
1860         2587.44411000
1861         2589.68504000
1862         2591.92698000
1863         2594.16992000
1864         2596.41386000
1865         2598.65881000
1866         2600.90476000
1867         2603.15172000
1868         2605.39968000
1869         2607.64865000
1870         2609.89862000
1871         2612.14959000
1872         2614.40157000
1873         2616.65455000
1874         2618.90854000
1875         2621.16353000
1876         2623.41953000
1877         2625.67653000
1878         2627.93453000
1879         2630.19354000
1880         2632.45356000
1881         2634.71458000
1882         2636.97660000
1883         2639.23963000
1884         2641.50367000
1885         2643.76871000
1886         2646.03475000
1887         2648.30180000
1888         2650.56985000
1889         2652.83891000
1890         2655.10898000
1891         2657.38005000
1892         2659.65212000
1893         2661.92520000
1894         2664.19929000
1895         2666.47438000
1896         2668.75048000
1897         2671.02758000
1898         2673.30568000
1899         2675.58480000
1900         2677.86492000
1901         2680.14604000
1902         2682.42817000
1903         2684.71130000
1904         2686.99545000
1905         2689.28059000
1906         2691.56675000
1907         2693.85390000
1908         2696.14207000
1909         2698.43124000
1910         2700.72142000
1911         2703.01260000
1912         2705.30479000
1913         2707.59798000
1914         2709.89218000
1915         2712.18739000
1916         2714.48360000
1917         2716.78082000
1918         2719.07905000
1919         2721.37828000
1920         2723.67852000
1921         2725.97977000
1922         2728.28202000
1923         2730.58528000
1924         2732.88954000
1925         2735.19481000
1926         2737.50109000
1927         2739.80838000
1928         2742.11667000
1929         2744.42597000
1930         2746.73627000
1931         2749.04759000
1932         2751.35991000
1933         2753.67323000
1934         2755.98757000
1935         2758.30291000
1936         2760.61925000
1937         2762.93661000
1938         2765.25497000
1939         2767.57434000
1940         2769.89472000
1941         2772.21610000
1942         2774.53849000
1943         2776.86189000
1944         2779.18630000
1945         2781.51171000
1946         2783.83813000
1947         2786.16556000
1948         2788.49400000
1949         2790.82344000
1950         2793.15389000
1951         2795.48535000
1952         2797.81782000
1953         2800.15129000
1954         2802.48577000
1955         2804.82127000
1956         2807.15776000
1957         2809.49527000
1958         2811.83379000
1959         2814.17331000
1960         2816.51384000
1961         2818.85538000
1962         2821.19793000
1963         2823.54148000
1964         2825.88604000
1965         2828.23162000
1966         2830.57820000
1967         2832.92579000
1968         2835.27438000
1969         2837.62399000
1970         2839.97460000
1971         2842.32623000
1972         2844.67886000
1973         2847.03250000
1974         2849.38715000
1975         2851.74280000
1976         2854.09947000
1977         2856.45715000
1978         2858.81583000
1979         2861.17552000
1980         2863.53622000
1981         2865.89794000
1982         2868.26066000
1983         2870.62438000
1984         2872.98912000
1985         2875.35487000
1986         2877.72163000
1987         2880.08939000
1988         2882.45817000
1989         2884.82795000
1990         2887.19874000
1991         2889.57055000
1992         2891.94336000
1993         2894.31718000
1994         2896.69201000
1995         2899.06785000
1996         2901.44471000
1997         2903.82257000
1998         2906.20144000
1999         2908.58132000
2000         2910.96221000
2001         2913.34410000
2002         2915.72701000
2003         2918.11093000
2004         2920.49586000
2005         2922.88180000
2006         2925.26875000
2007         2927.65671000
2008         2930.04568000
2009         2932.43566000
2010         2934.82665000
2011         2937.21865000
2012         2939.61166000
2013         2942.00568000
2014         2944.40071000
2015         2946.79675000
2016         2949.19380000
2017         2951.59186000
2018         2953.99094000
2019         2956.39102000
2020         2958.79211000
2021         2961.19422000
2022         2963.59733000
2023         2966.00146000
2024         2968.40660000
2025         2970.81274000
2026         2973.21990000
2027         2975.62807000
2028         2978.03725000
2029         2980.44744000
2030         2982.85864000
2031         2985.27086000
2032         2987.68408000
2033         2990.09832000
2034         2992.51356000
2035         2994.92982000
2036         2997.34709000
2037         2999.76537000
2038         3002.18466000
2039         3004.60497000
2040         3007.02628000
2041         3009.44861000
2042         3011.87194000
2043         3014.29629000
2044         3016.72165000
2045         3019.14803000
2046         3021.57541000
2047         3024.00381000
2048         3026.43321000
2049         3028.86363000
2050         3031.29506000
2051         3033.72751000
2052         3036.16096000
2053         3038.59543000
2054         3041.03091000
2055         3043.46740000
2056         3045.90490000
2057         3048.34341000
2058         3050.78294000
2059         3053.22348000
2060         3055.66503000
2061         3058.10760000
2062         3060.55117000
2063         3062.99576000
2064         3065.44136000
2065         3067.88797000
2066         3070.33560000
2067         3072.78424000
2068         3075.23389000
2069         3077.68455000
2070         3080.13623000
2071         3082.58892000
2072         3085.04262000
2073         3087.49733000
2074         3089.95306000
2075         3092.40980000
2076         3094.86755000
2077         3097.32632000
2078         3099.78610000
2079         3102.24689000
2080         3104.70869000
2081         3107.17151000
2082         3109.63534000
2083         3112.10019000
2084         3114.56604000
2085         3117.03292000
2086         3119.50080000
2087         3121.96970000
2088         3124.43961000
2089         3126.91053000
2090         3129.38247000
2091         3131.85542000
2092         3134.32938000
2093         3136.80436000
2094         3139.28035000
2095         3141.75736000
2096         3144.23538000
2097         3146.71441000
2098         3149.19446000
2099         3151.67552000
2100         3154.15759000
2101         3156.64068000
2102         3159.12478000
2103         3161.60990000
2104         3164.09603000
2105         3166.58317000
2106         3169.07133000
2107         3171.56050000
2108         3174.05069000
2109         3176.54189000
2110         3179.03411000
2111         3181.52734000
2112         3184.02158000
2113         3186.51684000
2114         3189.01311000
2115         3191.51040000
2116         3194.00870000
2117         3196.50801000
2118         3199.00835000
2119         3201.50969000
2120         3204.01205000
2121         3206.51543000
2122         3209.01981000
2123         3211.52522000
2124         3214.03164000
2125         3216.53907000
2126         3219.04752000
2127         3221.55698000
2128         3224.06746000
2129         3226.57896000
2130         3229.09146000
2131         3231.60499000
2132         3234.11953000
2133         3236.63508000
2134         3239.15165000
2135         3241.66924000
2136         3244.18784000
2137         3246.70745000
2138         3249.22808000
2139         3251.74973000
2140         3254.27239000
2141         3256.79607000
2142         3259.32076000
2143         3261.84647000
2144         3264.37319000
2145         3266.90093000
2146         3269.42969000
2147         3271.95946000
2148         3274.49024000
2149         3277.02205000
2150         3279.55486000
2151         3282.08870000
2152         3284.62355000
2153         3287.15942000
2154         3289.69630000
2155         3292.23420000
2156         3294.77311000
2157         3297.31304000
2158         3299.85399000
2159         3302.39595000
2160         3304.93893000
2161         3307.48293000
2162         3310.02794000
2163         3312.57397000
2164         3315.12101000
2165         3317.66907000
2166         3320.21815000
2167         3322.76824000
2168         3325.31935000
2169         3327.87148000
2170         3330.42463000
2171         3332.97879000
2172         3335.53396000
2173         3338.09016000
2174         3340.64737000
2175         3343.20560000
2176         3345.76484000
2177         3348.32510000
2178         3350.88638000
2179         3353.44868000
2180         3356.01199000
2181         3358.57632000
2182         3361.14167000
2183         3363.70803000
2184         3366.27541000
2185         3368.84381000
2186         3371.41323000
2187         3373.98366000
2188         3376.55511000
2189         3379.12758000
2190         3381.70107000
2191         3384.27557000
2192         3386.85109000
2193         3389.42763000
2194         3392.00519000
2195         3394.58376000
2196         3397.16335000
2197         3399.74396000
2198         3402.32559000
2199         3404.90823000
2200         3407.49189000
2201         3410.07657000
2202         3412.66227000
2203         3415.24899000
2204         3417.83672000
2205         3420.42547000
2206         3423.01524000
2207         3425.60603000
2208         3428.19784000
2209         3430.79066000
2210         3433.38451000
2211         3435.97937000
2212         3438.57525000
2213         3441.17215000
2214         3443.77006000
2215         3446.36900000
2216         3448.96895000
2217         3451.56992000
2218         3454.17191000
2219         3456.77492000
2220         3459.37895000
2221         3461.98400000
2222         3464.59006000
2223         3467.19715000
2224         3469.80525000
2225         3472.41437000
2226         3475.02451000
2227         3477.63567000
2228         3480.24785000
2229         3482.86105000
2230         3485.47526000
2231         3488.09050000
2232         3490.70675000
2233         3493.32403000
2234         3495.94232000
2235         3498.56163000
2236         3501.18196000
2237         3503.80331000
2238         3506.42568000
2239         3509.04907000
2240         3511.67348000
2241         3514.29891000
2242         3516.92536000
2243         3519.55282000
2244         3522.18131000
2245         3524.81082000
2246         3527.44134000
2247         3530.07289000
2248         3532.70546000
2249         3535.33904000
2250         3537.97365000
2251         3540.60927000
2252         3543.24592000
2253         3545.88358000
2254         3548.52227000
2255         3551.16197000
2256         3553.80270000
2257         3556.44444000
2258         3559.08721000
2259         3561.73099000
2260         3564.37580000
2261         3567.02162000
2262         3569.66847000
2263         3572.31634000
2264         3574.96522000
2265         3577.61513000
2266         3580.26606000
2267         3582.91801000
2268         3585.57098000
2269         3588.22496000
2270         3590.87997000
2271         3593.53601000
2272         3596.19306000
2273         3598.85113000
2274         3601.51022000
2275         3604.17034000
2276         3606.83147000
2277         3609.49362000
2278         3612.15680000
2279         3614.82100000
2280         3617.48622000
2281         3620.15246000
2282         3622.81972000
2283         3625.48800000
2284         3628.15730000
2285         3630.82762000
2286         3633.49897000
2287         3636.17133000
2288         3638.84472000
2289         3641.51913000
2290         3644.19456000
2291         3646.87101000
2292         3649.54849000
2293         3652.22698000
2294         3654.90650000
2295         3657.58704000
2296         3660.26860000
2297         3662.95118000
2298         3665.63478000
2299         3668.31940000
2300         3671.00505000
2301         3673.69172000
2302         3676.37941000
2303         3679.06812000
2304         3681.75785000
2305         3684.44861000
2306         3687.14039000
2307         3689.83319000
2308         3692.52701000
2309         3695.22185000
2310         3697.91772000
2311         3700.61461000
2312         3703.31252000
2313         3706.01145000
2314         3708.71141000
2315         3711.41239000
2316         3714.11439000
2317         3716.81741000
2318         3719.52145000
2319         3722.22652000
2320         3724.93261000
2321         3727.63972000
2322         3730.34786000
2323         3733.05702000
2324         3735.76720000
2325         3738.47840000
2326         3741.19063000
2327         3743.90388000
2328         3746.61815000
2329         3749.33344000
2330         3752.04976000
2331         3754.76710000
2332         3757.48547000
2333         3760.20485000
2334         3762.92526000
2335         3765.64670000
2336         3768.36915000
2337         3771.09263000
2338         3773.81713000
2339         3776.54266000
2340         3779.26921000
2341         3781.99678000
2342         3784.72538000
2343         3787.45500000
2344         3790.18564000
2345         3792.91731000
2346         3795.65000000
2347         3798.38371000
2348         3801.11845000
2349         3803.85421000
2350         3806.59100000
2351         3809.32881000
2352         3812.06764000
2353         3814.80749000
2354         3817.54837000
2355         3820.29028000
2356         3823.03321000
2357         3825.77716000
2358         3828.52214000
2359         3831.26814000
2360         3834.01516000
2361         3836.76321000
2362         3839.51228000
2363         3842.26238000
2364         3845.01350000
2365         3847.76564000
2366         3850.51881000
2367         3853.27301000
2368         3856.02823000
2369         3858.78447000
2370         3861.54174000
2371         3864.30003000
2372         3867.05935000
2373         3869.81969000
2374         3872.58105000
2375         3875.34344000
2376         3878.10686000
2377         3880.87130000
2378         3883.63676000
2379         3886.40325000
2380         3889.17077000
2381         3891.93931000
2382         3894.70887000
2383         3897.47946000
2384         3900.25108000
2385         3903.02372000
2386         3905.79738000
2387         3908.57207000
2388         3911.34779000
2389         3914.12453000
2390         3916.90229000
2391         3919.68108000
2392         3922.46090000
2393         3925.24174000
2394         3928.02361000
2395         3930.80650000
2396         3933.59042000
2397         3936.37536000
2398         3939.16133000
2399         3941.94833000
2400         3944.73635000
2401         3947.52539000
2402         3950.31547000
2403         3953.10656000
2404         3955.89869000
2405         3958.69184000
2406         3961.48601000
2407         3964.28121000
2408         3967.07744000
2409         3969.87469000
2410         3972.67297000
2411         3975.47228000
2412         3978.27261000
2413         3981.07397000
2414         3983.87635000
2415         3986.67976000
2416         3989.48420000
2417         3992.28966000
2418         3995.09615000
2419         3997.90366000
2420         4000.71220000
2421         4003.52177000
2422         4006.33237000
2423         4009.14399000
2424         4011.95664000
2425         4014.77031000
2426         4017.58501000
2427         4020.40074000
2428         4023.21749000
2429         4026.03527000
2430         4028.85408000
2431         4031.67392000
2432         4034.49478000
2433         4037.31667000
2434         4040.13958000
2435         4042.96353000
2436         4045.78850000
2437         4048.61449000
2438         4051.44152000
2439         4054.26957000
2440         4057.09865000
2441         4059.92875000
2442         4062.75989000
2443         4065.59205000
2444         4068.42523000
2445         4071.25945000
2446         4074.09469000
2447         4076.93096000
2448         4079.76826000
2449         4082.60658000
2450         4085.44593000
2451         4088.28631000
2452         4091.12772000
2453         4093.97016000
2454         4096.81362000
2455         4099.65811000
2456         4102.50363000
2457         4105.35018000
2458         4108.19775000
2459         4111.04635000
2460         4113.89598000
2461         4116.74664000
2462         4119.59833000
2463         4122.45104000
2464         4125.30479000
2465         4128.15956000
2466         4131.01536000
2467         4133.87218000
2468         4136.73004000
2469         4139.58892000
2470         4142.44883000
2471         4145.30977000
2472         4148.17174000
2473         4151.03474000
2474         4153.89877000
2475         4156.76382000
2476         4159.62990000
2477         4162.49701000
2478         4165.36516000
2479         4168.23432000
2480         4171.10452000
2481         4173.97575000
2482         4176.84800000
2483         4179.72129000
2484         4182.59560000
2485         4185.47094000
2486         4188.34731000
2487         4191.22471000
2488         4194.10314000
2489         4196.98260000
2490         4199.86309000
2491         4202.74460000
2492         4205.62715000
2493         4208.51072000
2494         4211.39533000
2495         4214.28096000
2496         4217.16762000
2497         4220.05532000
2498         4222.94404000
2499         4225.83379000
2500         4228.72457000
2501         4231.61638000
2502         4234.50922000
2503         4237.40309000
2504         4240.29798000
2505         4243.19391000
2506         4246.09087000
2507         4248.98886000
2508         4251.88788000
2509         4254.78792000
2510         4257.68900000
2511         4260.59111000
2512         4263.49425000
2513         4266.39841000
2514         4269.30361000
2515         4272.20984000
2516         4275.11710000
2517         4278.02538000
2518         4280.93470000
2519         4283.84505000
2520         4286.75643000
2521         4289.66884000
2522         4292.58228000
2523         4295.49674000
2524         4298.41224000
2525         4301.32877000
2526         4304.24634000
2527         4307.16493000
2528         4310.08455000
2529         4313.00520000
2530         4315.92688000
2531         4318.84960000
2532         4321.77334000
2533         4324.69812000
2534         4327.62392000
2535         4330.55076000
2536         4333.47863000
2537         4336.40753000
2538         4339.33746000
2539         4342.26842000
2540         4345.20041000
2541         4348.13343000
2542         4351.06748000
2543         4354.00257000
2544         4356.93868000
2545         4359.87583000
2546         4362.81401000
2547         4365.75322000
2548         4368.69346000
2549         4371.63473000
2550         4374.57704000
2551         4377.52037000
2552         4380.46474000
2553         4383.41014000
2554         4386.35657000
2555         4389.30403000
2556         4392.25252000
2557         4395.20205000
2558         4398.15260000
2559         4401.10419000
2560         4404.05681000
2561         4407.01046000
2562         4409.96515000
2563         4412.92086000
2564         4415.87761000
2565         4418.83539000
2566         4421.79420000
2567         4424.75404000
2568         4427.71492000
2569         4430.67683000
2570         4433.63977000
2571         4436.60374000
2572         4439.56874000
2573         4442.53478000
2574         4445.50185000
2575         4448.46995000
2576         4451.43909000
2577         4454.40925000
2578         4457.38045000
2579         4460.35268000
2580         4463.32594000
2581         4466.30024000
2582         4469.27557000
2583         4472.25193000
2584         4475.22933000
2585         4478.20775000
2586         4481.18721000
2587         4484.16771000
2588         4487.14923000
2589         4490.13179000
2590         4493.11538000
2591         4496.10000000
2592         4499.08566000
2593         4502.07235000
2594         4505.06008000
2595         4508.04883000
2596         4511.03862000
2597         4514.02944000
2598         4517.02130000
2599         4520.01419000
2600         4523.00811000
2601         4526.00307000
2602         4528.99906000
2603         4531.99608000
2604         4534.99414000
2605         4537.99323000
2606         4540.99335000
2607         4543.99451000
2608         4546.99670000
2609         4549.99992000
2610         4553.00418000
2611         4556.00947000
2612         4559.01580000
2613         4562.02316000
2614         4565.03155000
2615         4568.04097000
2616         4571.05144000
2617         4574.06293000
2618         4577.07546000
2619         4580.08902000
2620         4583.10362000
2621         4586.11925000
2622         4589.13591000
2623         4592.15361000
2624         4595.17235000
2625         4598.19211000
2626         4601.21292000
2627         4604.23475000
2628         4607.25762000
2629         4610.28153000
2630         4613.30647000
2631         4616.33244000
2632         4619.35945000
2633         4622.38749000
2634         4625.41657000
2635         4628.44668000
2636         4631.47783000
2637         4634.51001000
2638         4637.54323000
2639         4640.57748000
2640         4643.61277000
2641         4646.64909000
2642         4649.68644000
2643         4652.72483000
2644         4655.76426000
2645         4658.80472000
2646         4661.84621000
2647         4664.88875000
2648         4667.93231000
2649         4670.97691000
2650         4674.02255000
2651         4677.06922000
2652         4680.11693000
2653         4683.16567000
2654         4686.21545000
2655         4689.26626000
2656         4692.31811000
2657         4695.37099000
2658         4698.42491000
2659         4701.47987000
2660         4704.53586000
2661         4707.59288000
2662         4710.65095000
2663         4713.71004000
2664         4716.77018000
2665         4719.83134000
2666         4722.89355000
2667         4725.95679000
2668         4729.02107000
2669         4732.08638000
2670         4735.15273000
2671         4738.22011000
2672         4741.28853000
2673         4744.35799000
2674         4747.42848000
2675         4750.50001000
2676         4753.57257000
2677         4756.64618000
2678         4759.72081000
2679         4762.79649000
2680         4765.87320000
2681         4768.95094000
2682         4772.02973000
2683         4775.10955000
2684         4778.19040000
2685         4781.27229000
2686         4784.35522000
2687         4787.43919000
2688         4790.52419000
2689         4793.61023000
2690         4796.69730000
2691         4799.78542000
2692         4802.87457000
2693         4805.96475000
2694         4809.05597000
2695         4812.14823000
2696         4815.24153000
2697         4818.33586000
2698         4821.43124000
2699         4824.52764000
2700         4827.62509000
2701         4830.72357000
2702         4833.82309000
2703         4836.92365000
2704         4840.02524000
2705         4843.12787000
2706         4846.23154000
2707         4849.33624000
2708         4852.44199000
2709         4855.54877000
2710         4858.65658000
2711         4861.76544000
2712         4864.87533000
2713         4867.98626000
2714         4871.09823000
2715         4874.21124000
2716         4877.32528000
2717         4880.44036000
2718         4883.55648000
2719         4886.67364000
2720         4889.79183000
2721         4892.91106000
2722         4896.03133000
2723         4899.15264000
2724         4902.27499000
2725         4905.39837000
2726         4908.52280000
2727         4911.64826000
2728         4914.77476000
2729         4917.90229000
2730         4921.03087000
2731         4924.16048000
2732         4927.29113000
2733         4930.42282000
2734         4933.55555000
2735         4936.68932000
2736         4939.82412000
2737         4942.95997000
2738         4946.09685000
2739         4949.23477000
2740         4952.37373000
2741         4955.51373000
2742         4958.65477000
2743         4961.79684000
2744         4964.93995000
2745         4968.08411000
2746         4971.22930000
2747         4974.37553000
2748         4977.52280000
2749         4980.67111000
2750         4983.82046000
2751         4986.97084000
2752         4990.12227000
2753         4993.27473000
2754         4996.42824000
2755         4999.58278000
2756         5002.73836000
2757         5005.89499000
2758         5009.05265000
2759         5012.21135000
2760         5015.37109000
2761         5018.53186000
2762         5021.69368000
2763         5024.85654000
2764         5028.02044000
2765         5031.18538000
2766         5034.35135000
2767         5037.51837000
2768         5040.68642000
2769         5043.85552000
2770         5047.02565000
2771         5050.19683000
2772         5053.36904000
2773         5056.54230000
2774         5059.71659000
2775         5062.89193000
2776         5066.06830000
2777         5069.24572000
2778         5072.42417000
2779         5075.60367000
2780         5078.78420000
2781         5081.96577000
2782         5085.14839000
2783         5088.33204000
2784         5091.51674000
2785         5094.70248000
2786         5097.88925000
2787         5101.07707000
2788         5104.26593000
2789         5107.45582000
2790         5110.64676000
2791         5113.83874000
2792         5117.03176000
2793         5120.22582000
2794         5123.42092000
2795         5126.61706000
2796         5129.81424000
2797         5133.01246000
2798         5136.21173000
2799         5139.41203000
2800         5142.61337000
2801         5145.81576000
2802         5149.01919000
2803         5152.22365000
2804         5155.42916000
2805         5158.63571000
2806         5161.84330000
2807         5165.05194000
2808         5168.26161000
2809         5171.47232000
2810         5174.68408000
2811         5177.89687000
2812         5181.11071000
2813         5184.32559000
2814         5187.54151000
2815         5190.75848000
2816         5193.97648000
2817         5197.19552000
2818         5200.41561000
2819         5203.63674000
2820         5206.85891000
2821         5210.08212000
2822         5213.30637000
2823         5216.53167000
2824         5219.75801000
2825         5222.98538000
2826         5226.21381000
2827         5229.44327000
2828         5232.67377000
2829         5235.90532000
2830         5239.13791000
2831         5242.37154000
2832         5245.60621000
2833         5248.84192000
2834         5252.07868000
2835         5255.31648000
2836         5258.55532000
2837         5261.79520000
2838         5265.03613000
2839         5268.27810000
2840         5271.52111000
2841         5274.76516000
2842         5278.01025000
2843         5281.25639000
2844         5284.50357000
2845         5287.75179000
2846         5291.00106000
2847         5294.25137000
2848         5297.50272000
2849         5300.75511000
2850         5304.00855000
2851         5307.26303000
2852         5310.51855000
2853         5313.77511000
2854         5317.03272000
2855         5320.29137000
2856         5323.55106000
2857         5326.81180000
2858         5330.07358000
2859         5333.33640000
2860         5336.60027000
2861         5339.86518000
2862         5343.13113000
2863         5346.39812000
2864         5349.66616000
2865         5352.93524000
2866         5356.20537000
2867         5359.47654000
2868         5362.74875000
2869         5366.02200000
2870         5369.29630000
2871         5372.57164000
2872         5375.84803000
2873         5379.12546000
2874         5382.40393000
2875         5385.68345000
2876         5388.96401000
2877         5392.24561000
2878         5395.52826000
2879         5398.81195000
2880         5402.09669000
2881         5405.38247000
2882         5408.66929000
2883         5411.95716000
2884         5415.24607000
2885         5418.53603000
2886         5421.82703000
2887         5425.11907000
2888         5428.41216000
2889         5431.70629000
2890         5435.00147000
2891         5438.29769000
2892         5441.59496000
2893         5444.89327000
2894         5448.19262000
2895         5451.49302000
2896         5454.79446000
2897         5458.09695000
2898         5461.40048000
2899         5464.70506000
2900         5468.01068000
2901         5471.31734000
2902         5474.62505000
2903         5477.93381000
2904         5481.24361000
2905         5484.55445000
2906         5487.86634000
2907         5491.17928000
2908         5494.49326000
2909         5497.80828000
2910         5501.12435000
2911         5504.44147000
2912         5507.75963000
2913         5511.07883000
2914         5514.39908000
2915         5517.72038000
2916         5521.04272000
2917         5524.36610000
2918         5527.69053000
2919         5531.01601000
2920         5534.34253000
2921         5537.67010000
2922         5540.99871000
2923         5544.32837000
2924         5547.65907000
2925         5550.99082000
2926         5554.32361000
2927         5557.65745000
2928         5560.99234000
2929         5564.32827000
2930         5567.66525000
2931         5571.00327000
2932         5574.34234000
2933         5577.68245000
2934         5581.02362000
2935         5584.36582000
2936         5587.70907000
2937         5591.05337000
2938         5594.39872000
2939         5597.74511000
2940         5601.09254000
2941         5604.44103000
2942         5607.79056000
2943         5611.14113000
2944         5614.49275000
2945         5617.84542000
2946         5621.19914000
2947         5624.55390000
2948         5627.90970000
2949         5631.26656000
2950         5634.62446000
2951         5637.98340000
2952         5641.34340000
2953         5644.70444000
2954         5648.06652000
2955         5651.42966000
2956         5654.79384000
2957         5658.15906000
2958         5661.52534000
2959         5664.89266000
2960         5668.26102000
2961         5671.63044000
2962         5675.00090000
2963         5678.37241000
2964         5681.74496000
2965         5685.11856000
2966         5688.49321000
2967         5691.86891000
2968         5695.24565000
2969         5698.62344000
2970         5702.00228000
2971         5705.38217000
2972         5708.76310000
2973         5712.14508000
2974         5715.52811000
2975         5718.91218000
2976         5722.29730000
2977         5725.68347000
2978         5729.07069000
2979         5732.45895000
2980         5735.84827000
2981         5739.23863000
2982         5742.63003000
2983         5746.02249000
2984         5749.41599000
2985         5752.81054000
2986         5756.20614000
2987         5759.60279000
2988         5763.00049000
2989         5766.39923000
2990         5769.79902000
2991         5773.19986000
2992         5776.60174000
2993         5780.00468000
2994         5783.40866000
2995         5786.81369000
2996         5790.21977000
2997         5793.62690000
2998         5797.03508000
2999         5800.44430000
3000         5803.85457000
3001         5807.26589000
3002         5810.67826000
3003         5814.09168000
3004         5817.50615000
3005         5820.92166000
3006         5824.33823000
3007         5827.75584000
3008         5831.17450000
3009         5834.59421000
3010         5838.01497000
3011         5841.43678000
3012         5844.85963000
3013         5848.28354000
3014         5851.70849000
3015         5855.13449000
3016         5858.56154000
3017         5861.98965000
3018         5865.41880000
3019         5868.84899000
3020         5872.28024000
3021         5875.71254000
3022         5879.14589000
3023         5882.58028000
3024         5886.01573000
3025         5889.45222000
3026         5892.88976000
3027         5896.32836000
3028         5899.76800000
3029         5903.20869000
3030         5906.65043000
3031         5910.09322000
3032         5913.53706000
3033         5916.98195000
3034         5920.42789000
3035         5923.87488000
3036         5927.32292000
3037         5930.77201000
3038         5934.22215000
3039         5937.67334000
3040         5941.12557000
3041         5944.57886000
3042         5948.03320000
3043         5951.48859000
3044         5954.94503000
3045         5958.40251000
3046         5961.86105000
3047         5965.32064000
3048         5968.78128000
3049         5972.24297000
3050         5975.70571000
3051         5979.16949000
3052         5982.63433000
3053         5986.10022000
3054         5989.56716000
3055         5993.03515000
3056         5996.50420000
3057         5999.97429000
3058         6003.44543000
3059         6006.91762000
3060         6010.39087000
3061         6013.86516000
3062         6017.34050000
3063         6020.81690000
3064         6024.29435000
3065         6027.77284000
3066         6031.25239000
3067         6034.73299000
3068         6038.21464000
3069         6041.69734000
3070         6045.18109000
3071         6048.66589000
3072         6052.15175000
3073         6055.63865000
3074         6059.12661000
3075         6062.61561000
3076         6066.10567000
3077         6069.59678000
3078         6073.08894000
3079         6076.58216000
3080         6080.07642000
3081         6083.57173000
3082         6087.06810000
3083         6090.56552000
3084         6094.06399000
3085         6097.56351000
3086         6101.06408000
3087         6104.56570000
3088         6108.06838000
3089         6111.57211000
3090         6115.07689000
3091         6118.58272000
3092         6122.08960000
3093         6125.59753000
3094         6129.10652000
3095         6132.61656000
3096         6136.12765000
3097         6139.63979000
3098         6143.15299000
3099         6146.66723000
3100         6150.18253000
3101         6153.69888000
3102         6157.21629000
3103         6160.73474000
3104         6164.25425000
3105         6167.77481000
3106         6171.29642000
3107         6174.81908000
3108         6178.34280000
3109         6181.86757000
3110         6185.39339000
3111         6188.92027000
3112         6192.44819000
3113         6195.97717000
3114         6199.50720000
3115         6203.03829000
3116         6206.57043000
3117         6210.10362000
3118         6213.63786000
3119         6217.17315000
3120         6220.70950000
3121         6224.24690000
3122         6227.78536000
3123         6231.32487000
3124         6234.86543000
3125         6238.40704000
3126         6241.94971000
3127         6245.49343000
3128         6249.03820000
3129         6252.58402000
3130         6256.13090000
3131         6259.67884000
3132         6263.22782000
3133         6266.77786000
3134         6270.32895000
3135         6273.88110000
3136         6277.43430000
3137         6280.98855000
3138         6284.54386000
3139         6288.10022000
3140         6291.65763000
3141         6295.21610000
3142         6298.77562000
3143         6302.33619000
3144         6305.89782000
3145         6309.46050000
3146         6313.02424000
3147         6316.58903000
3148         6320.15487000
3149         6323.72177000
3150         6327.28972000
3151         6330.85873000
3152         6334.42879000
3153         6337.99990000
3154         6341.57207000
3155         6345.14529000
3156         6348.71957000
3157         6352.29490000
3158         6355.87128000
3159         6359.44872000
3160         6363.02722000
3161         6366.60676000
3162         6370.18737000
3163         6373.76902000
3164         6377.35173000
3165         6380.93550000
3166         6384.52032000
3167         6388.10620000
3168         6391.69313000
3169         6395.28111000
3170         6398.87015000
3171         6402.46024000
3172         6406.05139000
3173         6409.64359000
3174         6413.23685000
3175         6416.83117000
3176         6420.42653000
3177         6424.02296000
3178         6427.62043000
3179         6431.21897000
3180         6434.81856000
3181         6438.41920000
3182         6442.02090000
3183         6445.62365000
3184         6449.22746000
3185         6452.83233000
3186         6456.43825000
3187         6460.04522000
3188         6463.65325000
3189         6467.26234000
3190         6470.87248000
3191         6474.48367000
3192         6478.09593000
3193         6481.70923000
3194         6485.32360000
3195         6488.93902000
3196         6492.55549000
3197         6496.17302000
3198         6499.79161000
3199         6503.41125000
3200         6507.03195000
3201         6510.65370000
3202         6514.27651000
3203         6517.90038000
3204         6521.52530000
3205         6525.15128000
3206         6528.77831000
3207         6532.40640000
3208         6536.03555000
3209         6539.66575000
3210         6543.29701000
3211         6546.92932000
3212         6550.56270000
3213         6554.19712000
3214         6557.83261000
3215         6561.46915000
3216         6565.10674000
3217         6568.74540000
3218         6572.38511000
3219         6576.02587000
3220         6579.66770000
3221         6583.31057000
3222         6586.95451000
3223         6590.59950000
3224         6594.24555000
3225         6597.89266000
3226         6601.54082000
3227         6605.19004000
3228         6608.84032000
3229         6612.49165000
3230         6616.14404000
3231         6619.79749000
3232         6623.45200000
3233         6627.10756000
3234         6630.76418000
3235         6634.42185000
3236         6638.08059000
3237         6641.74038000
3238         6645.40122000
3239         6649.06313000
3240         6652.72609000
3241         6656.39011000
3242         6660.05519000
3243         6663.72132000
3244         6667.38852000
3245         6671.05676000
3246         6674.72607000
3247         6678.39644000
3248         6682.06786000
3249         6685.74034000
3250         6689.41388000
3251         6693.08847000
3252         6696.76413000
3253         6700.44084000
3254         6704.11861000
3255         6707.79743000
3256         6711.47732000
3257         6715.15826000
3258         6718.84026000
3259         6722.52332000
3260         6726.20744000
3261         6729.89261000
3262         6733.57885000
3263         6737.26614000
3264         6740.95449000
3265         6744.64389000
3266         6748.33436000
3267         6752.02588000
3268         6755.71847000
3269         6759.41211000
3270         6763.10681000
3271         6766.80257000
3272         6770.49938000
3273         6774.19726000
3274         6777.89619000
3275         6781.59619000
3276         6785.29724000
3277         6788.99935000
3278         6792.70252000
3279         6796.40674000
3280         6800.11203000
3281         6803.81837000
3282         6807.52578000
3283         6811.23424000
3284         6814.94376000
3285         6818.65435000
3286         6822.36599000
3287         6826.07868000
3288         6829.79244000
3289         6833.50726000
3290         6837.22314000
3291         6840.94007000
3292         6844.65807000
3293         6848.37712000
3294         6852.09724000
3295         6855.81841000
3296         6859.54064000
3297         6863.26393000
3298         6866.98829000
3299         6870.71370000
3300         6874.44017000
3301         6878.16770000
3302         6881.89629000
3303         6885.62594000
3304         6889.35665000
3305         6893.08842000
3306         6896.82125000
3307         6900.55513000
3308         6904.29008000
3309         6908.02609000
3310         6911.76316000
3311         6915.50129000
3312         6919.24048000
3313         6922.98073000
3314         6926.72203000
3315         6930.46440000
3316         6934.20783000
3317         6937.95232000
3318         6941.69787000
3319         6945.44448000
3320         6949.19215000
3321         6952.94088000
3322         6956.69067000
3323         6960.44152000
3324         6964.19343000
3325         6967.94641000
3326         6971.70044000
3327         6975.45553000
3328         6979.21169000
3329         6982.96890000
3330         6986.72718000
3331         6990.48651000
3332         6994.24691000
3333         6998.00837000
3334         7001.77089000
3335         7005.53446000
3336         7009.29911000
3337         7013.06481000
3338         7016.83157000
3339         7020.59939000
3340         7024.36828000
3341         7028.13822000
3342         7031.90923000
3343         7035.68130000
3344         7039.45442000
3345         7043.22861000
3346         7047.00387000
3347         7050.78018000
3348         7054.55755000
3349         7058.33599000
3350         7062.11548000
3351         7065.89604000
3352         7069.67766000
3353         7073.46034000
3354         7077.24409000
3355         7081.02889000
3356         7084.81476000
3357         7088.60169000
3358         7092.38968000
3359         7096.17873000
3360         7099.96884000
3361         7103.76002000
3362         7107.55225000
3363         7111.34555000
3364         7115.13991000
3365         7118.93534000
3366         7122.73182000
3367         7126.52937000
3368         7130.32798000
3369         7134.12765000
3370         7137.92838000
3371         7141.73018000
3372         7145.53304000
3373         7149.33696000
3374         7153.14194000
3375         7156.94798000
3376         7160.75509000
3377         7164.56326000
3378         7168.37249000
3379         7172.18279000
3380         7175.99415000
3381         7179.80657000
3382         7183.62005000
3383         7187.43459000
3384         7191.25020000
3385         7195.06687000
3386         7198.88461000
3387         7202.70340000
3388         7206.52326000
3389         7210.34418000
3390         7214.16617000
3391         7217.98922000
3392         7221.81333000
3393         7225.63850000
3394         7229.46474000
3395         7233.29204000
3396         7237.12040000
3397         7240.94983000
3398         7244.78032000
3399         7248.61187000
3400         7252.44449000
3401         7256.27817000
3402         7260.11291000
3403         7263.94872000
3404         7267.78559000
3405         7271.62352000
3406         7275.46252000
3407         7279.30258000
3408         7283.14370000
3409         7286.98589000
3410         7290.82914000
3411         7294.67345000
3412         7298.51883000
3413         7302.36528000
3414         7306.21278000
3415         7310.06135000
3416         7313.91099000
3417         7317.76169000
3418         7321.61345000
3419         7325.46627000
3420         7329.32016000
3421         7333.17512000
3422         7337.03114000
3423         7340.88822000
3424         7344.74636000
3425         7348.60558000
3426         7352.46585000
3427         7356.32719000
3428         7360.18959000
3429         7364.05306000
3430         7367.91760000
3431         7371.78319000
3432         7375.64985000
3433         7379.51758000
3434         7383.38637000
3435         7387.25623000
3436         7391.12715000
3437         7394.99913000
3438         7398.87218000
3439         7402.74629000
3440         7406.62147000
3441         7410.49772000
3442         7414.37502000
3443         7418.25340000
3444         7422.13284000
3445         7426.01334000
3446         7429.89491000
3447         7433.77754000
3448         7437.66124000
3449         7441.54600000
3450         7445.43183000
3451         7449.31873000
3452         7453.20669000
3453         7457.09571000
3454         7460.98580000
3455         7464.87696000
3456         7468.76918000
3457         7472.66246000
3458         7476.55681000
3459         7480.45223000
3460         7484.34871000
3461         7488.24626000
3462         7492.14488000
3463         7496.04455000
3464         7499.94530000
3465         7503.84711000
3466         7507.74999000
3467         7511.65393000
3468         7515.55894000
3469         7519.46501000
3470         7523.37215000
3471         7527.28036000
3472         7531.18963000
3473         7535.09997000
3474         7539.01137000
3475         7542.92384000
3476         7546.83738000
3477         7550.75198000
3478         7554.66765000
3479         7558.58438000
3480         7562.50218000
3481         7566.42105000
3482         7570.34098000
3483         7574.26198000
3484         7578.18405000
3485         7582.10718000
3486         7586.03138000
3487         7589.95665000
3488         7593.88298000
3489         7597.81038000
3490         7601.73885000
3491         7605.66838000
3492         7609.59898000
3493         7613.53065000
3494         7617.46338000
3495         7621.39718000
3496         7625.33204000
3497         7629.26798000
3498         7633.20498000
3499         7637.14305000
3500         7641.08218000
