   1            2.66501000
   2            4.35464000
   3            6.12708000
   4            7.91551000
   5            9.70989000
   6           11.50714000
   7           13.30601000
   8           15.10590000
   9           16.90648000
  10           18.70754000
  11           20.50897000
  12           22.31068000
  13           24.11262000
  14           25.91474000
  15           27.71703000
  16           29.51946000
  17           31.32200000
  18           33.12466000
  19           34.92741000
  20           36.73026000
  21           38.53319000
  22           40.33620000
  23           42.13928000
  24           43.94244000
  25           45.74566000
  26           47.54895000
  27           49.35230000
  28           51.15572000
  29           52.95919000
  30           54.76272000
  31           56.56631000
  32           58.36996000
  33           60.17366000
  34           61.97742000
  35           63.78123000
  36           65.58509000
  37           67.38900000
  38           69.19297000
  39           70.99699000
  40           72.80106000
  41           74.60518000
  42           76.40935000
  43           78.21357000
  44           80.01785000
  45           81.82217000
  46           83.62654000
  47           85.43096000
  48           87.23543000
  49           89.03994000
  50           90.84451000
  51           92.64912000
  52           94.45379000
  53           96.25850000
  54           98.06326000
  55           99.86807000
  56          101.67292000
  57          103.47782000
  58          105.28277000
  59          107.08777000
  60          108.89282000
  61          110.69791000
  62          112.50305000
  63          114.30824000
  64          116.11348000
  65          117.91876000
  66          119.72409000
  67          121.52947000
  68          123.33489000
  69          125.14037000
  70          126.94588000
  71          128.75145000
  72          130.55706000
  73          132.36272000
  74          134.16843000
  75          135.97418000
  76          137.77998000
  77          139.58583000
  78          141.39172000
  79          143.19766000
  80          145.00365000
  81          146.80968000
  82          148.61576000
  83          150.42189000
  84          152.22807000
  85          154.03429000
  86          155.84055000
  87          157.64687000
  88          159.45323000
  89          161.25963000
  90          163.06609000
  91          164.87259000
  92          166.67913000
  93          168.48573000
  94          170.29237000
  95          172.09905000
  96          173.90579000
  97          175.71257000
  98          177.51939000
  99          179.32626000
 100          181.13318000
 101          182.94015000
 102          184.74716000
 103          186.55422000
 104          188.36132000
 105          190.16847000
 106          191.97567000
 107          193.78292000
 108          195.59021000
 109          197.39755000
 110          199.20493000
 111          201.01236000
 112          202.81984000
 113          204.62737000
 114          206.43494000
 115          208.24256000
 116          210.05023000
 117          211.85794000
 118          213.66570000
 119          215.47351000
 120          217.28136000
 121          219.08927000
 122          220.89722000
 123          222.70521000
 124          224.51326000
 125          226.32136000
 126          228.12950000
 127          229.93769000
 128          231.74593000
 129          233.55422000
 130          235.36255000
 131          237.17094000
 132          238.97938000
 133          240.78786000
 134          242.59640000
 135          244.40498000
 136          246.21362000
 137          248.02231000
 138          249.83105000
 139          251.63984000
 140          253.44868000
 141          255.25758000
 142          257.06653000
 143          258.87553000
 144          260.68458000
 145          262.49370000
 146          264.30286000
 147          266.11208000
 148          267.92136000
 149          269.73069000
 150          271.54009000
 151          273.34954000
 152          275.15905000
 153          276.96862000
 154          278.77824000
 155          280.58794000
 156          282.39769000
 157          284.20750000
 158          286.01738000
 159          287.82733000
 160          289.63734000
 161          291.44742000
 162          293.25756000
 163          295.06778000
 164          296.87806000
 165          298.68842000
 166          300.49885000
 167          302.30935000
 168          304.11993000
 169          305.93059000
 170          307.74132000
 171          309.55213000
 172          311.36303000
 173          313.17400000
 174          314.98506000
 175          316.79621000
 176          318.60744000
 177          320.41877000
 178          322.23018000
 179          324.04169000
 180          325.85329000
 181          327.66498000
 182          329.47678000
 183          331.28867000
 184          333.10067000
 185          334.91277000
 186          336.72498000
 187          338.53730000
 188          340.34972000
 189          342.16227000
 190          343.97492000
 191          345.78770000
 192          347.60059000
 193          349.41361000
 194          351.22675000
 195          353.04002000
 196          354.85343000
 197          356.66696000
 198          358.48063000
 199          360.29444000
 200          362.10839000
 201          363.92249000
 202          365.73673000
 203          367.55112000
 204          369.36567000
 205          371.18037000
 206          372.99523000
 207          374.81026000
 208          376.62545000
 209          378.44081000
 210          380.25634000
 211          382.07205000
 212          383.88794000
 213          385.70401000
 214          387.52027000
 215          389.33671000
 216          391.15335000
 217          392.97019000
 218          394.78723000
 219          396.60447000
 220          398.42192000
 221          400.23958000
 222          402.05746000
 223          403.87556000
 224          405.69388000
 225          407.51243000
 226          409.33121000
 227          411.15022000
 228          412.96948000
 229          414.78898000
 230          416.60873000
 231          418.42873000
 232          420.24899000
 233          422.06951000
 234          423.89030000
 235          425.71135000
 236          427.53268000
 237          429.35429000
 238          431.17618000
 239          432.99836000
 240          434.82083000
 241          436.64360000
 242          438.46667000
 243          440.29005000
 244          442.11374000
 245          443.93775000
 246          445.76207000
 247          447.58672000
 248          449.41170000
 249          451.23702000
 250          453.06268000
 251          454.88868000
 252          456.71503000
 253          458.54174000
 254          460.36881000
 255          462.19624000
 256          464.02404000
 257          465.85222000
 258          467.68078000
 259          469.50972000
 260          471.33906000
 261          473.16879000
 262          474.99892000
 263          476.82946000
 264          478.66041000
 265          480.49178000
 266          482.32357000
 267          484.15579000
 268          485.98844000
 269          487.82153000
 270          489.65506000
 271          491.48904000
 272          493.32348000
 273          495.15837000
 274          496.99374000
 275          498.82957000
 276          500.66588000
 277          502.50267000
 278          504.33995000
 279          506.17773000
 280          508.01600000
 281          509.85477000
 282          511.69406000
 283          513.53386000
 284          515.37418000
 285          517.21503000
 286          519.05641000
 287          520.89833000
 288          522.74079000
 289          524.58380000
 290          526.42736000
 291          528.27149000
 292          530.11618000
 293          531.96145000
 294          533.80729000
 295          535.65371000
 296          537.50072000
 297          539.34833000
 298          541.19654000
 299          543.04535000
 300          544.89478000
 301          546.74482000
 302          548.59548000
 303          550.44678000
 304          552.29871000
 305          554.15127000
 306          556.00449000
 307          557.85835000
 308          559.71288000
 309          561.56806000
 310          563.42392000
 311          565.28045000
 312          567.13766000
 313          568.99555000
 314          570.85414000
 315          572.71342000
 316          574.57341000
 317          576.43411000
 318          578.29552000
 319          580.15765000
 320          582.02050000
 321          583.88409000
 322          585.74841000
 323          587.61348000
 324          589.47929000
 325          591.34586000
 326          593.21319000
 327          595.08129000
 328          596.95015000
 329          598.81980000
 330          600.69022000
 331          602.56143000
 332          604.43344000
 333          606.30624000
 334          608.17985000
 335          610.05427000
 336          611.92951000
 337          613.80557000
 338          615.68245000
 339          617.56017000
 340          619.43872000
 341          621.31812000
 342          623.19837000
 343          625.07947000
 344          626.96143000
 345          628.84426000
 346          630.72796000
 347          632.61253000
 348          634.49799000
 349          636.38433000
 350          638.27157000
 351          640.15970000
 352          642.04874000
 353          643.93869000
 354          645.82955000
 355          647.72133000
 356          649.61404000
 357          651.50767000
 358          653.40224000
 359          655.29776000
 360          657.19422000
 361          659.09163000
 362          660.98999000
 363          662.88932000
 364          664.78962000
 365          666.69089000
 366          668.59313000
 367          670.49636000
 368          672.40058000
 369          674.30579000
 370          676.21199000
 371          678.11921000
 372          680.02742000
 373          681.93666000
 374          683.84691000
 375          685.75818000
 376          687.67049000
 377          689.58382000
 378          691.49820000
 379          693.41362000
 380          695.33009000
 381          697.24761000
 382          699.16619000
 383          701.08583000
 384          703.00654000
 385          704.92833000
 386          706.85119000
 387          708.77513000
 388          710.70017000
 389          712.62629000
 390          714.55352000
 391          716.48184000
 392          718.41127000
 393          720.34182000
 394          722.27348000
 395          724.20626000
 396          726.14017000
 397          728.07520000
 398          730.01138000
 399          731.94869000
 400          733.88715000
 401          735.82675000
 402          737.76751000
 403          739.70943000
 404          741.65251000
 405          743.59676000
 406          745.54217000
 407          747.48877000
 408          749.43655000
 409          751.38551000
 410          753.33566000
 411          755.28700000
 412          757.23955000
 413          759.19329000
 414          761.14824000
 415          763.10441000
 416          765.06179000
 417          767.02039000
 418          768.98022000
 419          770.94127000
 420          772.90356000
 421          774.86708000
 422          776.83185000
 423          778.79786000
 424          780.76512000
 425          782.73364000
 426          784.70341000
 427          786.67445000
 428          788.64675000
 429          790.62032000
 430          792.59517000
 431          794.57130000
 432          796.54871000
 433          798.52740000
 434          800.50739000
 435          802.48867000
 436          804.47125000
 437          806.45514000
 438          808.44033000
 439          810.42683000
 440          812.41464000
 441          814.40378000
 442          816.39424000
 443          818.38602000
 444          820.37913000
 445          822.37358000
 446          824.36936000
 447          826.36648000
 448          828.36496000
 449          830.36477000
 450          832.36595000
 451          834.36847000
 452          836.37236000
 453          838.37761000
 454          840.38423000
 455          842.39222000
 456          844.40159000
 457          846.41233000
 458          848.42446000
 459          850.43797000
 460          852.45286000
 461          854.46916000
 462          856.48684000
 463          858.50593000
 464          860.52642000
 465          862.54832000
 466          864.57162000
 467          866.59634000
 468          868.62248000
 469          870.65004000
 470          872.67902000
 471          874.70943000
 472          876.74126000
 473          878.77454000
 474          880.80924000
 475          882.84539000
 476          884.88299000
 477          886.92203000
 478          888.96252000
 479          891.00446000
 480          893.04786000
 481          895.09272000
 482          897.13904000
 483          899.18683000
 484          901.23609000
 485          903.28682000
 486          905.33902000
 487          907.39271000
 488          909.44788000
 489          911.50453000
 490          913.56267000
 491          915.62230000
 492          917.68343000
 493          919.74605000
 494          921.81017000
 495          923.87580000
 496          925.94293000
 497          928.01157000
 498          930.08173000
 499          932.15339000
 500          934.22658000
 501          936.30129000
 502          938.37752000
 503          940.45528000
 504          942.53457000
 505          944.61539000
 506          946.69774000
 507          948.78163000
 508          950.86707000
 509          952.95405000
 510          955.04257000
 511          957.13264000
 512          959.22427000
 513          961.31745000
 514          963.41219000
 515          965.50848000
 516          967.60634000
 517          969.70577000
 518          971.80676000
 519          973.90933000
 520          976.01347000
 521          978.11918000
 522          980.22648000
 523          982.33535000
 524          984.44581000
 525          986.55785000
 526          988.67149000
 527          990.78671000
 528          992.90353000
 529          995.02195000
 530          997.14196000
 531          999.26358000
 532         1001.38680000
 533         1003.51163000
 534         1005.63807000
 535         1007.76612000
 536         1009.89578000
 537         1012.02706000
 538         1014.15996000
 539         1016.29448000
 540         1018.43062000
 541         1020.56839000
 542         1022.70778000
 543         1024.84881000
 544         1026.99147000
 545         1029.13577000
 546         1031.28170000
 547         1033.42927000
 548         1035.57849000
 549         1037.72935000
 550         1039.88186000
 551         1042.03601000
 552         1044.19182000
 553         1046.34928000
 554         1048.50840000
 555         1050.66917000
 556         1052.83160000
 557         1054.99570000
 558         1057.16146000
 559         1059.32889000
 560         1061.49799000
 561         1063.66875000
 562         1065.84120000
 563         1068.01531000
 564         1070.19110000
 565         1072.36858000
 566         1074.54773000
 567         1076.72857000
 568         1078.91109000
 569         1081.09530000
 570         1083.28120000
 571         1085.46880000
 572         1087.65808000
 573         1089.84906000
 574         1092.04174000
 575         1094.23612000
 576         1096.43220000
 577         1098.62999000
 578         1100.82948000
 579         1103.03068000
 580         1105.23358000
 581         1107.43820000
 582         1109.64454000
 583         1111.85259000
 584         1114.06235000
 585         1116.27383000
 586         1118.48704000
 587         1120.70197000
 588         1122.91862000
 589         1125.13700000
 590         1127.35711000
 591         1129.57895000
 592         1131.80252000
 593         1134.02782000
 594         1136.25486000
 595         1138.48364000
 596         1140.71416000
 597         1142.94642000
 598         1145.18042000
 599         1147.41616000
 600         1149.65366000
 601         1151.89290000
 602         1154.13389000
 603         1156.37663000
 604         1158.62112000
 605         1160.86737000
 606         1163.11538000
 607         1165.36515000
 608         1167.61667000
 609         1169.86996000
 610         1172.12501000
 611         1174.38182000
 612         1176.64041000
 613         1178.90076000
 614         1181.16288000
 615         1183.42677000
 616         1185.69243000
 617         1187.95987000
 618         1190.22909000
 619         1192.50008000
 620         1194.77286000
 621         1197.04741000
 622         1199.32375000
 623         1201.60187000
 624         1203.88178000
 625         1206.16348000
 626         1208.44696000
 627         1210.73224000
 628         1213.01930000
 629         1215.30816000
 630         1217.59882000
 631         1219.89127000
 632         1222.18552000
 633         1224.48157000
 634         1226.77942000
 635         1229.07907000
 636         1231.38053000
 637         1233.68379000
 638         1235.98886000
 639         1238.29574000
 640         1240.60442000
 641         1242.91492000
 642         1245.22723000
 643         1247.54135000
 644         1249.85729000
 645         1252.17505000
 646         1254.49462000
 647         1256.81601000
 648         1259.13922000
 649         1261.46426000
 650         1263.79112000
 651         1266.11980000
 652         1268.45031000
 653         1270.78265000
 654         1273.11682000
 655         1275.45281000
 656         1277.79064000
 657         1280.13030000
 658         1282.47180000
 659         1284.81513000
 660         1287.16030000
 661         1289.50730000
 662         1291.85615000
 663         1294.20683000
 664         1296.55936000
 665         1298.91373000
 666         1301.26994000
 667         1303.62800000
 668         1305.98791000
 669         1308.34967000
 670         1310.71327000
 671         1313.07873000
 672         1315.44603000
 673         1317.81519000
 674         1320.18621000
 675         1322.55908000
 676         1324.93380000
 677         1327.31038000
 678         1329.68883000
 679         1332.06913000
 680         1334.45129000
 681         1336.83532000
 682         1339.22121000
 683         1341.60897000
 684         1343.99859000
 685         1346.39007000
 686         1348.78343000
 687         1351.17866000
 688         1353.57575000
 689         1355.97472000
 690         1358.37556000
 691         1360.77827000
 692         1363.18286000
 693         1365.58933000
 694         1367.99767000
 695         1370.40789000
 696         1372.81999000
 697         1375.23397000
 698         1377.64983000
 699         1380.06757000
 700         1382.48720000
 701         1384.90871000
 702         1387.33211000
 703         1389.75739000
 704         1392.18457000
 705         1394.61363000
 706         1397.04458000
 707         1399.47742000
 708         1401.91215000
 709         1404.34878000
 710         1406.78730000
 711         1409.22772000
 712         1411.67003000
 713         1414.11423000
 714         1416.56034000
 715         1419.00835000
 716         1421.45825000
 717         1423.91006000
 718         1426.36376000
 719         1428.81938000
 720         1431.27689000
 721         1433.73631000
 722         1436.19763000
 723         1438.66087000
 724         1441.12600000
 725         1443.59305000
 726         1446.06201000
 727         1448.53288000
 728         1451.00566000
 729         1453.48035000
 730         1455.95695000
 731         1458.43547000
 732         1460.91590000
 733         1463.39825000
 734         1465.88252000
 735         1468.36871000
 736         1470.85681000
 737         1473.34683000
 738         1475.83877000
 739         1478.33264000
 740         1480.82842000
 741         1483.32613000
 742         1485.82577000
 743         1488.32733000
 744         1490.83081000
 745         1493.33622000
 746         1495.84356000
 747         1498.35283000
 748         1500.86402000
 749         1503.37715000
 750         1505.89220000
 751         1508.40919000
 752         1510.92811000
 753         1513.44896000
 754         1515.97175000
 755         1518.49647000
 756         1521.02313000
 757         1523.55173000
 758         1526.08226000
 759         1528.61473000
 760         1531.14914000
 761         1533.68549000
 762         1536.22378000
 763         1538.76401000
 764         1541.30618000
 765         1543.85030000
 766         1546.39636000
 767         1548.94436000
 768         1551.49431000
 769         1554.04621000
 770         1556.60005000
 771         1559.15584000
 772         1561.71358000
 773         1564.27327000
 774         1566.83490000
 775         1569.39849000
 776         1571.96403000
 777         1574.53152000
 778         1577.10097000
 779         1579.67237000
 780         1582.24572000
 781         1584.82102000
 782         1587.39829000
 783         1589.97751000
 784         1592.55868000
 785         1595.14182000
 786         1597.72691000
 787         1600.31396000
 788         1602.90298000
 789         1605.49395000
 790         1608.08688000
 791         1610.68178000
 792         1613.27864000
 793         1615.87747000
 794         1618.47825000
 795         1621.08101000
 796         1623.68572000
 797         1626.29241000
 798         1628.90106000
 799         1631.51168000
 800         1634.12427000
 801         1636.73882000
 802         1639.35535000
 803         1641.97384000
 804         1644.59431000
 805         1647.21675000
 806         1649.84116000
 807         1652.46755000
 808         1655.09590000
 809         1657.72624000
 810         1660.35854000
 811         1662.99282000
 812         1665.62908000
 813         1668.26732000
 814         1670.90753000
 815         1673.54972000
 816         1676.19389000
 817         1678.84004000
 818         1681.48817000
 819         1684.13828000
 820         1686.79037000
 821         1689.44444000
 822         1692.10050000
 823         1694.75853000
 824         1697.41856000
 825         1700.08056000
 826         1702.74455000
 827         1705.41053000
 828         1708.07849000
 829         1710.74844000
 830         1713.42037000
 831         1716.09430000
 832         1718.77021000
 833         1721.44811000
 834         1724.12800000
 835         1726.80988000
 836         1729.49375000
 837         1732.17961000
 838         1734.86747000
 839         1737.55731000
 840         1740.24915000
 841         1742.94298000
 842         1745.63881000
 843         1748.33663000
 844         1751.03645000
 845         1753.73826000
 846         1756.44207000
 847         1759.14788000
 848         1761.85568000
 849         1764.56548000
 850         1767.27728000
 851         1769.99108000
 852         1772.70688000
 853         1775.42468000
 854         1778.14448000
 855         1780.86628000
 856         1783.59008000
 857         1786.31589000
 858         1789.04369000
 859         1791.77351000
 860         1794.50532000
 861         1797.23914000
 862         1799.97496000
 863         1802.71279000
 864         1805.45263000
 865         1808.19447000
 866         1810.93832000
 867         1813.68417000
 868         1816.43204000
 869         1819.18191000
 870         1821.93379000
 871         1824.68768000
 872         1827.44358000
 873         1830.20150000
 874         1832.96142000
 875         1835.72335000
 876         1838.48730000
 877         1841.25326000
 878         1844.02123000
 879         1846.79121000
 880         1849.56321000
 881         1852.33722000
 882         1855.11325000
 883         1857.89129000
 884         1860.67135000
 885         1863.45343000
 886         1866.23752000
 887         1869.02363000
 888         1871.81175000
 889         1874.60190000
 890         1877.39406000
 891         1880.18824000
 892         1882.98445000
 893         1885.78267000
 894         1888.58291000
 895         1891.38517000
 896         1894.18946000
 897         1896.99577000
 898         1899.80409000
 899         1902.61445000
 900         1905.42682000
 901         1908.24122000
 902         1911.05764000
 903         1913.87609000
 904         1916.69656000
 905         1919.51906000
 906         1922.34358000
 907         1925.17013000
 908         1927.99871000
 909         1930.82931000
 910         1933.66194000
 911         1936.49660000
 912         1939.33329000
 913         1942.17200000
 914         1945.01275000
 915         1947.85552000
 916         1950.70033000
 917         1953.54716000
 918         1956.39603000
 919         1959.24693000
 920         1962.09986000
 921         1964.95482000
 922         1967.81181000
 923         1970.67084000
 924         1973.53190000
 925         1976.39499000
 926         1979.26012000
 927         1982.12729000
 928         1984.99648000
 929         1987.86772000
 930         1990.74099000
 931         1993.61629000
 932         1996.49364000
 933         1999.37302000
 934         2002.25443000
 935         2005.13789000
 936         2008.02338000
 937         2010.91091000
 938         2013.80048000
 939         2016.69209000
 940         2019.58574000
 941         2022.48143000
 942         2025.37916000
 943         2028.27894000
 944         2031.18075000
 945         2034.08460000
 946         2036.99050000
 947         2039.89844000
 948         2042.80842000
 949         2045.72045000
 950         2048.63451000
 951         2051.55063000
 952         2054.46878000
 953         2057.38898000
 954         2060.31123000
 955         2063.23552000
 956         2066.16186000
 957         2069.09024000
 958         2072.02067000
 959         2074.95315000
 960         2077.88768000
 961         2080.82425000
 962         2083.76287000
 963         2086.70354000
 964         2089.64625000
 965         2092.59102000
 966         2095.53783000
 967         2098.48670000
 968         2101.43761000
 969         2104.39058000
 970         2107.34559000
 971         2110.30266000
 972         2113.26178000
 973         2116.22295000
 974         2119.18617000
 975         2122.15145000
 976         2125.11877000
 977         2128.08815000
 978         2131.05959000
 979         2134.03308000
 980         2137.00862000
 981         2139.98621000
 982         2142.96587000
 983         2145.94757000
 984         2148.93134000
 985         2151.91715000
 986         2154.90503000
 987         2157.89496000
 988         2160.88695000
 989         2163.88099000
 990         2166.87709000
 991         2169.87525000
 992         2172.87547000
 993         2175.87775000
 994         2178.88208000
 995         2181.88848000
 996         2184.89693000
 997         2187.90744000
 998         2190.92002000
 999         2193.93465000
1000         2196.95134000
1001         2199.97010000
1002         2202.99092000
1003         2206.01379000
1004         2209.03873000
1005         2212.06574000
1006         2215.09480000
1007         2218.12593000
1008         2221.15912000
1009         2224.19437000
1010         2227.23169000
1011         2230.27107000
1012         2233.31252000
1013         2236.35603000
1014         2239.40161000
1015         2242.44925000
1016         2245.49896000
1017         2248.55073000
1018         2251.60457000
1019         2254.66047000
1020         2257.71845000
1021         2260.77849000
1022         2263.84059000
1023         2266.90477000
1024         2269.97101000
1025         2273.03932000
1026         2276.10970000
1027         2279.18215000
1028         2282.25666000
1029         2285.33325000
1030         2288.41190000
1031         2291.49263000
1032         2294.57543000
1033         2297.66029000
1034         2300.74723000
1035         2303.83624000
1036         2306.92732000
1037         2310.02047000
1038         2313.11569000
1039         2316.21299000
1040         2319.31236000
1041         2322.41380000
1042         2325.51731000
1043         2328.62290000
1044         2331.73056000
1045         2334.84029000
1046         2337.95210000
1047         2341.06599000
1048         2344.18194000
1049         2347.29998000
1050         2350.42009000
1051         2353.54227000
1052         2356.66653000
1053         2359.79286000
1054         2362.92127000
1055         2366.05176000
1056         2369.18433000
1057         2372.31897000
1058         2375.45569000
1059         2378.59449000
1060         2381.73536000
1061         2384.87831000
1062         2388.02335000
1063         2391.17046000
1064         2394.31965000
1065         2397.47091000
1066         2400.62426000
1067         2403.77969000
1068         2406.93720000
1069         2410.09678000
1070         2413.25845000
1071         2416.42220000
1072         2419.58803000
1073         2422.75594000
1074         2425.92593000
1075         2429.09801000
1076         2432.27216000
1077         2435.44840000
1078         2438.62672000
1079         2441.80713000
1080         2444.98961000
1081         2448.17418000
1082         2451.36084000
1083         2454.54957000
1084         2457.74039000
1085         2460.93330000
1086         2464.12829000
1087         2467.32536000
1088         2470.52452000
1089         2473.72577000
1090         2476.92909000
1091         2480.13451000
1092         2483.34201000
1093         2486.55160000
1094         2489.76327000
1095         2492.97703000
1096         2496.19288000
1097         2499.41081000
1098         2502.63084000
1099         2505.85295000
1100         2509.07714000
1101         2512.30343000
1102         2515.53180000
1103         2518.76226000
1104         2521.99481000
1105         2525.22945000
1106         2528.46618000
1107         2531.70500000
1108         2534.94591000
1109         2538.18890000
1110         2541.43399000
1111         2544.68117000
1112         2547.93044000
1113         2551.18180000
1114         2554.43525000
1115         2557.69079000
1116         2560.94842000
1117         2564.20815000
1118         2567.46996000
1119         2570.73387000
1120         2573.99987000
1121         2577.26797000
1122         2580.53816000
1123         2583.81043000
1124         2587.08481000
1125         2590.36127000
1126         2593.63983000
1127         2596.92049000
1128         2600.20324000
1129         2603.48808000
1130         2606.77502000
1131         2610.06405000
1132         2613.35517000
1133         2616.64840000
1134         2619.94371000
1135         2623.24113000
1136         2626.54063000
1137         2629.84224000
1138         2633.14594000
1139         2636.45174000
1140         2639.75963000
1141         2643.06962000
1142         2646.38171000
1143         2649.69590000
1144         2653.01218000
1145         2656.33056000
1146         2659.65104000
1147         2662.97362000
1148         2666.29829000
1149         2669.62507000
1150         2672.95394000
1151         2676.28491000
1152         2679.61798000
1153         2682.95316000
1154         2686.29043000
1155         2689.62980000
1156         2692.97127000
1157         2696.31484000
1158         2699.66051000
1159         2703.00828000
1160         2706.35815000
1161         2709.71012000
1162         2713.06420000
1163         2716.42037000
1164         2719.77865000
1165         2723.13903000
1166         2726.50151000
1167         2729.86610000
1168         2733.23278000
1169         2736.60157000
1170         2739.97246000
1171         2743.34546000
1172         2746.72055000
1173         2750.09776000
1174         2753.47706000
1175         2756.85847000
1176         2760.24198000
1177         2763.62760000
1178         2767.01532000
1179         2770.40515000
1180         2773.79708000
1181         2777.19111000
1182         2780.58725000
1183         2783.98550000
1184         2787.38585000
1185         2790.78831000
1186         2794.19287000
1187         2797.59954000
1188         2801.00832000
1189         2804.41920000
1190         2807.83219000
1191         2811.24728000
1192         2814.66449000
1193         2818.08380000
1194         2821.50521000
1195         2824.92874000
1196         2828.35437000
1197         2831.78211000
1198         2835.21196000
1199         2838.64392000
1200         2842.07799000
1201         2845.51416000
1202         2848.95245000
1203         2852.39284000
1204         2855.83534000
1205         2859.27995000
1206         2862.72667000
1207         2866.17550000
1208         2869.62645000
1209         2873.07950000
1210         2876.53466000
1211         2879.99193000
1212         2883.45131000
1213         2886.91281000
1214         2890.37641000
1215         2893.84213000
1216         2897.30996000
1217         2900.77990000
1218         2904.25195000
1219         2907.72611000
1220         2911.20239000
1221         2914.68077000
1222         2918.16127000
1223         2921.64389000
1224         2925.12861000
1225         2928.61545000
1226         2932.10440000
1227         2935.59547000
1228         2939.08865000
1229         2942.58394000
1230         2946.08135000
1231         2949.58087000
1232         2953.08250000
1233         2956.58625000
1234         2960.09212000
1235         2963.60010000
1236         2967.11019000
1237         2970.62240000
1238         2974.13672000
1239         2977.65316000
1240         2981.17172000
1241         2984.69239000
1242         2988.21518000
1243         2991.74008000
1244         2995.26710000
1245         2998.79624000
1246         3002.32749000
1247         3005.86086000
1248         3009.39634000
1249         3012.93395000
1250         3016.47367000
1251         3020.01551000
1252         3023.55946000
1253         3027.10554000
1254         3030.65373000
1255         3034.20404000
1256         3037.75647000
1257         3041.31101000
1258         3044.86768000
1259         3048.42646000
1260         3051.98737000
1261         3055.55039000
1262         3059.11553000
1263         3062.68279000
1264         3066.25217000
1265         3069.82367000
1266         3073.39729000
1267         3076.97304000
1268         3080.55090000
1269         3084.13088000
1270         3087.71298000
1271         3091.29720000
1272         3094.88355000
1273         3098.47201000
1274         3102.06260000
1275         3105.65530000
1276         3109.25013000
1277         3112.84708000
1278         3116.44615000
1279         3120.04735000
1280         3123.65067000
1281         3127.25610000
1282         3130.86367000
1283         3134.47335000
1284         3138.08516000
1285         3141.69909000
1286         3145.31514000
1287         3148.93332000
1288         3152.55362000
1289         3156.17604000
1290         3159.80059000
1291         3163.42726000
1292         3167.05605000
1293         3170.68697000
1294         3174.32001000
1295         3177.95518000
1296         3181.59248000
1297         3185.23189000
1298         3188.87344000
1299         3192.51710000
1300         3196.16290000
1301         3199.81081000
1302         3203.46086000
1303         3207.11303000
1304         3210.76732000
1305         3214.42374000
1306         3218.08229000
1307         3221.74297000
1308         3225.40577000
1309         3229.07069000
1310         3232.73775000
1311         3236.40693000
1312         3240.07824000
1313         3243.75167000
1314         3247.42724000
1315         3251.10493000
1316         3254.78474000
1317         3258.46669000
1318         3262.15076000
1319         3265.83697000
1320         3269.52530000
1321         3273.21575000
1322         3276.90834000
1323         3280.60306000
1324         3284.29990000
1325         3287.99888000
1326         3291.69998000
1327         3295.40321000
1328         3299.10857000
1329         3302.81606000
1330         3306.52568000
1331         3310.23744000
1332         3313.95132000
1333         3317.66733000
1334         3321.38547000
1335         3325.10574000
1336         3328.82814000
1337         3332.55268000
1338         3336.27934000
1339         3340.00814000
1340         3343.73906000
1341         3347.47212000
1342         3351.20731000
1343         3354.94463000
1344         3358.68408000
1345         3362.42567000
1346         3366.16938000
1347         3369.91523000
1348         3373.66321000
1349         3377.41333000
1350         3381.16557000
1351         3384.91995000
1352         3388.67646000
1353         3392.43511000
1354         3396.19589000
1355         3399.95880000
1356         3403.72384000
1357         3407.49102000
1358         3411.26033000
1359         3415.03178000
1360         3418.80536000
1361         3422.58107000
1362         3426.35892000
1363         3430.13890000
1364         3433.92102000
1365         3437.70527000
1366         3441.49166000
1367         3445.28018000
1368         3449.07083000
1369         3452.86363000
1370         3456.65855000
1371         3460.45562000
1372         3464.25481000
1373         3468.05615000
1374         3471.85962000
1375         3475.66522000
1376         3479.47297000
1377         3483.28285000
1378         3487.09486000
1379         3490.90901000
1380         3494.72530000
1381         3498.54373000
1382         3502.36429000
1383         3506.18699000
1384         3510.01182000
1385         3513.83880000
1386         3517.66791000
1387         3521.49916000
1388         3525.33255000
1389         3529.16807000
1390         3533.00573000
1391         3536.84554000
1392         3540.68748000
1393         3544.53155000
1394         3548.37777000
1395         3552.22613000
1396         3556.07662000
1397         3559.92925000
1398         3563.78403000
1399         3567.64094000
1400         3571.49999000
1401         3575.36118000
1402         3579.22451000
1403         3583.08998000
1404         3586.95759000
1405         3590.82734000
1406         3594.69923000
1407         3598.57326000
1408         3602.44943000
1409         3606.32774000
1410         3610.20819000
1411         3614.09079000
1412         3617.97552000
1413         3621.86240000
1414         3625.75141000
1415         3629.64257000
1416         3633.53587000
1417         3637.43131000
1418         3641.32889000
1419         3645.22861000
1420         3649.13048000
1421         3653.03449000
1422         3656.94064000
1423         3660.84893000
1424         3664.75937000
1425         3668.67195000
1426         3672.58667000
1427         3676.50353000
1428         3680.42254000
1429         3684.34369000
1430         3688.26698000
1431         3692.19242000
1432         3696.12000000
1433         3700.04972000
1434         3703.98159000
1435         3707.91560000
1436         3711.85175000
1437         3715.79005000
1438         3719.73049000
1439         3723.67308000
1440         3727.61781000
1441         3731.56469000
1442         3735.51371000
1443         3739.46488000
1444         3743.41819000
1445         3747.37365000
1446         3751.33125000
1447         3755.29100000
1448         3759.25289000
1449         3763.21693000
1450         3767.18311000
1451         3771.15144000
1452         3775.12192000
1453         3779.09454000
1454         3783.06931000
1455         3787.04622000
1456         3791.02529000
1457         3795.00649000
1458         3798.98985000
1459         3802.97535000
1460         3806.96300000
1461         3810.95279000
1462         3814.94474000
1463         3818.93883000
1464         3822.93506000
1465         3826.93345000
1466         3830.93398000
1467         3834.93666000
1468         3838.94149000
1469         3842.94847000
1470         3846.95759000
1471         3850.96887000
1472         3854.98229000
1473         3858.99786000
1474         3863.01558000
1475         3867.03544000
1476         3871.05746000
1477         3875.08163000
1478         3879.10794000
1479         3883.13640000
1480         3887.16702000
1481         3891.19978000
1482         3895.23469000
1483         3899.27176000
1484         3903.31097000
1485         3907.35233000
1486         3911.39584000
1487         3915.44150000
1488         3919.48932000
1489         3923.53928000
1490         3927.59139000
1491         3931.64566000
1492         3935.70207000
1493         3939.76064000
1494         3943.82136000
1495         3947.88422000
1496         3951.94924000
1497         3956.01642000
1498         3960.08574000
1499         3964.15721000
1500         3968.23084000
1501         3972.30662000
1502         3976.38455000
1503         3980.46463000
1504         3984.54686000
1505         3988.63125000
1506         3992.71779000
1507         3996.80648000
1508         4000.89732000
1509         4004.99032000
1510         4009.08547000
1511         4013.18277000
1512         4017.28223000
1513         4021.38384000
1514         4025.48760000
1515         4029.59352000
1516         4033.70159000
1517         4037.81181000
1518         4041.92419000
1519         4046.03872000
1520         4050.15540000
1521         4054.27424000
1522         4058.39524000
1523         4062.51838000
1524         4066.64369000
1525         4070.77114000
1526         4074.90076000
1527         4079.03252000
1528         4083.16644000
1529         4087.30252000
1530         4091.44075000
1531         4095.58114000
1532         4099.72368000
1533         4103.86838000
1534         4108.01524000
1535         4112.16425000
1536         4116.31541000
1537         4120.46873000
1538         4124.62421000
1539         4128.78185000
1540         4132.94164000
1541         4137.10358000
1542         4141.26769000
1543         4145.43395000
1544         4149.60236000
1545         4153.77294000
1546         4157.94567000
1547         4162.12056000
1548         4166.29760000
1549         4170.47680000
1550         4174.65816000
1551         4178.84168000
1552         4183.02736000
1553         4187.21519000
1554         4191.40518000
1555         4195.59733000
1556         4199.79164000
1557         4203.98810000
1558         4208.18673000
1559         4212.38751000
1560         4216.59045000
1561         4220.79555000
1562         4225.00281000
1563         4229.21222000
1564         4233.42380000
1565         4237.63753000
1566         4241.85343000
1567         4246.07148000
1568         4250.29170000
1569         4254.51407000
1570         4258.73860000
1571         4262.96529000
1572         4267.19414000
1573         4271.42516000
1574         4275.65833000
1575         4279.89366000
1576         4284.13115000
1577         4288.37081000
1578         4292.61262000
1579         4296.85659000
1580         4301.10273000
1581         4305.35103000
1582         4309.60148000
1583         4313.85410000
1584         4318.10888000
1585         4322.36582000
1586         4326.62492000
1587         4330.88619000
1588         4335.14961000
1589         4339.41520000
1590         4343.68295000
1591         4347.95286000
1592         4352.22493000
1593         4356.49916000
1594         4360.77556000
1595         4365.05412000
1596         4369.33484000
1597         4373.61773000
1598         4377.90277000
1599         4382.18998000
1600         4386.47936000
1601         4390.77089000
1602         4395.06459000
1603         4399.36045000
1604         4403.65848000
1605         4407.95867000
1606         4412.26102000
1607         4416.56554000
1608         4420.87222000
1609         4425.18106000
1610         4429.49207000
1611         4433.80524000
1612         4438.12058000
1613         4442.43808000
1614         4446.75774000
1615         4451.07957000
1616         4455.40357000
1617         4459.72973000
1618         4464.05805000
1619         4468.38854000
1620         4472.72119000
1621         4477.05601000
1622         4481.39300000
1623         4485.73214000
1624         4490.07346000
1625         4494.41694000
1626         4498.76259000
1627         4503.11040000
1628         4507.46038000
1629         4511.81252000
1630         4516.16683000
1631         4520.52331000
1632         4524.88195000
1633         4529.24276000
1634         4533.60573000
1635         4537.97087000
1636         4542.33818000
1637         4546.70766000
1638         4551.07930000
1639         4555.45311000
1640         4559.82909000
1641         4564.20723000
1642         4568.58754000
1643         4572.97002000
1644         4577.35467000
1645         4581.74148000
1646         4586.13046000
1647         4590.52161000
1648         4594.91493000
1649         4599.31041000
1650         4603.70807000
1651         4608.10789000
1652         4612.50988000
1653         4616.91404000
1654         4621.32037000
1655         4625.72886000
1656         4630.13953000
1657         4634.55236000
1658         4638.96736000
1659         4643.38453000
1660         4647.80388000
1661         4652.22539000
1662         4656.64907000
1663         4661.07492000
1664         4665.50293000
1665         4669.93312000
1666         4674.36548000
1667         4678.80001000
1668         4683.23671000
1669         4687.67558000
1670         4692.11661000
1671         4696.55982000
1672         4701.00520000
1673         4705.45275000
1674         4709.90247000
1675         4714.35437000
1676         4718.80843000
1677         4723.26466000
1678         4727.72306000
1679         4732.18364000
1680         4736.64639000
1681         4741.11130000
1682         4745.57839000
1683         4750.04766000
1684         4754.51909000
1685         4758.99269000
1686         4763.46847000
1687         4767.94642000
1688         4772.42654000
1689         4776.90883000
1690         4781.39329000
1691         4785.87993000
1692         4790.36874000
1693         4794.85972000
1694         4799.35288000
1695         4803.84820000
1696         4808.34570000
1697         4812.84538000
1698         4817.34722000
1699         4821.85124000
1700         4826.35744000
1701         4830.86580000
1702         4835.37634000
1703         4839.88905000
1704         4844.40394000
1705         4848.92100000
1706         4853.44023000
1707         4857.96164000
1708         4862.48523000
1709         4867.01098000
1710         4871.53891000
1711         4876.06902000
1712         4880.60130000
1713         4885.13575000
1714         4889.67238000
1715         4894.21118000
1716         4898.75216000
1717         4903.29532000
1718         4907.84064000
1719         4912.38815000
1720         4916.93783000
1721         4921.48968000
1722         4926.04371000
1723         4930.59991000
1724         4935.15830000
1725         4939.71885000
1726         4944.28158000
1727         4948.84649000
1728         4953.41358000
1729         4957.98284000
1730         4962.55427000
1731         4967.12789000
1732         4971.70368000
1733         4976.28164000
1734         4980.86179000
1735         4985.44410000
1736         4990.02860000
1737         4994.61527000
1738         4999.20412000
1739         5003.79515000
1740         5008.38836000
1741         5012.98374000
1742         5017.58130000
1743         5022.18103000
1744         5026.78295000
1745         5031.38704000
1746         5035.99331000
1747         5040.60176000
1748         5045.21238000
1749         5049.82519000
1750         5054.44017000
1751         5059.05733000
1752         5063.67667000
1753         5068.29819000
1754         5072.92188000
1755         5077.54776000
1756         5082.17581000
1757         5086.80604000
1758         5091.43845000
1759         5096.07304000
1760         5100.70981000
1761         5105.34876000
1762         5109.98989000
1763         5114.63320000
1764         5119.27868000
1765         5123.92635000
1766         5128.57620000
1767         5133.22822000
1768         5137.88243000
1769         5142.53882000
1770         5147.19738000
1771         5151.85813000
1772         5156.52106000
1773         5161.18616000
1774         5165.85345000
1775         5170.52292000
1776         5175.19457000
1777         5179.86840000
1778         5184.54441000
1779         5189.22260000
1780         5193.90297000
1781         5198.58553000
1782         5203.27026000
1783         5207.95718000
1784         5212.64628000
1785         5217.33756000
1786         5222.03102000
1787         5226.72667000
1788         5231.42449000
1789         5236.12450000
1790         5240.82669000
1791         5245.53106000
1792         5250.23761000
1793         5254.94635000
1794         5259.65727000
1795         5264.37037000
1796         5269.08565000
1797         5273.80312000
1798         5278.52277000
1799         5283.24460000
1800         5287.96862000
1801         5292.69481000
1802         5297.42320000
1803         5302.15376000
1804         5306.88651000
1805         5311.62144000
1806         5316.35856000
1807         5321.09785000
1808         5325.83934000
1809         5330.58300000
1810         5335.32885000
1811         5340.07689000
1812         5344.82711000
1813         5349.57951000
1814         5354.33410000
1815         5359.09087000
1816         5363.84983000
1817         5368.61097000
1818         5373.37429000
1819         5378.13980000
1820         5382.90750000
1821         5387.67738000
1822         5392.44945000
1823         5397.22370000
1824         5402.00013000
1825         5406.77875000
1826         5411.55956000
1827         5416.34255000
1828         5421.12773000
1829         5425.91510000
1830         5430.70464000
1831         5435.49638000
1832         5440.29030000
1833         5445.08641000
1834         5449.88470000
1835         5454.68518000
1836         5459.48785000
1837         5464.29270000
1838         5469.09974000
1839         5473.90897000
1840         5478.72038000
1841         5483.53398000
1842         5488.34977000
1843         5493.16775000
1844         5497.98791000
1845         5502.81026000
1846         5507.63479000
1847         5512.46152000
1848         5517.29043000
1849         5522.12153000
1850         5526.95481000
1851         5531.79029000
1852         5536.62795000
1853         5541.46780000
1854         5546.30984000
1855         5551.15406000
1856         5556.00048000
1857         5560.84908000
1858         5565.69987000
1859         5570.55285000
1860         5575.40802000
1861         5580.26538000
1862         5585.12493000
1863         5589.98666000
1864         5594.85059000
1865         5599.71670000
1866         5604.58500000
1867         5609.45549000
1868         5614.32818000
1869         5619.20305000
1870         5624.08011000
1871         5628.95936000
1872         5633.84080000
1873         5638.72443000
1874         5643.61025000
1875         5648.49826000
1876         5653.38846000
1877         5658.28085000
1878         5663.17543000
1879         5668.07220000
1880         5672.97116000
1881         5677.87231000
1882         5682.77566000
1883         5687.68119000
1884         5692.58891000
1885         5697.49883000
1886         5702.41093000
1887         5707.32523000
1888         5712.24172000
1889         5717.16040000
1890         5722.08127000
1891         5727.00434000
1892         5731.92959000
1893         5736.85704000
1894         5741.78668000
1895         5746.71851000
1896         5751.65253000
1897         5756.58874000
1898         5761.52715000
1899         5766.46775000
1900         5771.41054000
1901         5776.35552000
1902         5781.30270000
1903         5786.25207000
1904         5791.20363000
1905         5796.15738000
1906         5801.11333000
1907         5806.07147000
1908         5811.03180000
1909         5815.99433000
1910         5820.95905000
1911         5825.92596000
1912         5830.89507000
1913         5835.86637000
1914         5840.83986000
1915         5845.81555000
1916         5850.79343000
1917         5855.77350000
1918         5860.75577000
1919         5865.74023000
1920         5870.72689000
1921         5875.71574000
1922         5880.70679000
1923         5885.70003000
1924         5890.69546000
1925         5895.69309000
1926         5900.69292000
1927         5905.69493000
1928         5910.69915000
1929         5915.70556000
1930         5920.71416000
1931         5925.72496000
1932         5930.73795000
1933         5935.75314000
1934         5940.77053000
1935         5945.79011000
1936         5950.81189000
1937         5955.83586000
1938         5960.86203000
1939         5965.89039000
1940         5970.92095000
1941         5975.95370000
1942         5980.98866000
1943         5986.02581000
1944         5991.06515000
1945         5996.10669000
1946         6001.15043000
1947         6006.19636000
1948         6011.24449000
1949         6016.29482000
1950         6021.34735000
1951         6026.40207000
1952         6031.45899000
1953         6036.51810000
1954         6041.57941000
1955         6046.64292000
1956         6051.70863000
1957         6056.77654000
1958         6061.84664000
1959         6066.91894000
1960         6071.99344000
1961         6077.07014000
1962         6082.14903000
1963         6087.23012000
1964         6092.31341000
1965         6097.39890000
1966         6102.48659000
1967         6107.57647000
1968         6112.66856000
1969         6117.76284000
1970         6122.85932000
1971         6127.95800000
1972         6133.05888000
1973         6138.16196000
1974         6143.26724000
1975         6148.37471000
1976         6153.48439000
1977         6158.59626000
1978         6163.71034000
1979         6168.82661000
1980         6173.94508000
1981         6179.06576000
1982         6184.18863000
1983         6189.31370000
1984         6194.44097000
1985         6199.57045000
1986         6204.70212000
1987         6209.83599000
1988         6214.97206000
1989         6220.11034000
1990         6225.25081000
1991         6230.39349000
1992         6235.53836000
1993         6240.68544000
1994         6245.83472000
1995         6250.98619000
1996         6256.13987000
1997         6261.29575000
1998         6266.45383000
1999         6271.61411000
2000         6276.77660000
2001         6281.94128000
2002         6287.10817000
2003         6292.27726000
2004         6297.44855000
2005         6302.62204000
2006         6307.79773000
2007         6312.97563000
2008         6318.15573000
2009         6323.33803000
2010         6328.52253000
2011         6333.70924000
2012         6338.89814000
2013         6344.08925000
2014         6349.28256000
2015         6354.47808000
2016         6359.67580000
2017         6364.87572000
2018         6370.07784000
2019         6375.28217000
2020         6380.48870000
2021         6385.69743000
2022         6390.90837000
2023         6396.12151000
2024         6401.33685000
2025         6406.55440000
2026         6411.77415000
2027         6416.99610000
2028         6422.22026000
2029         6427.44662000
2030         6432.67519000
2031         6437.90596000
2032         6443.13893000
2033         6448.37411000
2034         6453.61150000
2035         6458.85108000
2036         6464.09288000
2037         6469.33687000
2038         6474.58308000
2039         6479.83148000
2040         6485.08209000
2041         6490.33491000
2042         6495.58993000
2043         6500.84716000
2044         6506.10659000
2045         6511.36823000
2046         6516.63207000
2047         6521.89812000
2048         6527.16637000
2049         6532.43683000
2050         6537.70950000
2051         6542.98437000
2052         6548.26145000
2053         6553.54073000
2054         6558.82222000
2055         6564.10592000
2056         6569.39182000
2057         6574.67993000
2058         6579.97024000
2059         6585.26276000
2060         6590.55749000
2061         6595.85443000
2062         6601.15357000
2063         6606.45492000
2064         6611.75847000
2065         6617.06424000
2066         6622.37221000
2067         6627.68238000
2068         6632.99477000
2069         6638.30936000
2070         6643.62616000
2071         6648.94517000
2072         6654.26638000
2073         6659.58981000
2074         6664.91544000
2075         6670.24328000
2076         6675.57332000
2077         6680.90558000
2078         6686.24004000
2079         6691.57671000
2080         6696.91559000
2081         6702.25668000
2082         6707.59998000
2083         6712.94549000
2084         6718.29320000
2085         6723.64312000
2086         6728.99526000
2087         6734.34960000
2088         6739.70615000
2089         6745.06491000
2090         6750.42588000
2091         6755.78906000
2092         6761.15445000
2093         6766.52204000
2094         6771.89185000
2095         6777.26387000
2096         6782.63809000
2097         6788.01453000
2098         6793.39318000
2099         6798.77404000
2100         6804.15710000
2101         6809.54238000
2102         6814.92987000
2103         6820.31957000
2104         6825.71147000
2105         6831.10559000
2106         6836.50192000
2107         6841.90046000
2108         6847.30122000
2109         6852.70418000
2110         6858.10935000
2111         6863.51674000
2112         6868.92633000
2113         6874.33814000
2114         6879.75216000
2115         6885.16839000
2116         6890.58683000
2117         6896.00748000
2118         6901.43035000
2119         6906.85543000
2120         6912.28272000
2121         6917.71222000
2122         6923.14393000
2123         6928.57785000
2124         6934.01399000
2125         6939.45234000
2126         6944.89290000
2127         6950.33568000
2128         6955.78067000
2129         6961.22787000
2130         6966.67728000
2131         6972.12890000
2132         6977.58274000
2133         6983.03879000
2134         6988.49706000
2135         6993.95754000
2136         6999.42023000
2137         7004.88513000
2138         7010.35225000
2139         7015.82158000
2140         7021.29313000
2141         7026.76689000
2142         7032.24286000
2143         7037.72105000
2144         7043.20145000
2145         7048.68406000
2146         7054.16889000
2147         7059.65593000
2148         7065.14519000
2149         7070.63666000
2150         7076.13035000
2151         7081.62625000
2152         7087.12437000
2153         7092.62470000
2154         7098.12724000
2155         7103.63200000
2156         7109.13898000
2157         7114.64817000
2158         7120.15957000
2159         7125.67319000
2160         7131.18903000
2161         7136.70708000
2162         7142.22735000
2163         7147.74983000
2164         7153.27453000
2165         7158.80145000
2166         7164.33058000
2167         7169.86192000
2168         7175.39548000
2169         7180.93126000
2170         7186.46926000
2171         7192.00947000
2172         7197.55190000
2173         7203.09654000
2174         7208.64340000
2175         7214.19248000
2176         7219.74377000
2177         7225.29728000
2178         7230.85301000
2179         7236.41095000
2180         7241.97112000
2181         7247.53349000
2182         7253.09809000
2183         7258.66490000
2184         7264.23394000
2185         7269.80518000
2186         7275.37865000
2187         7280.95433000
2188         7286.53224000
2189         7292.11235000
2190         7297.69469000
2191         7303.27925000
2192         7308.86602000
2193         7314.45501000
2194         7320.04622000
2195         7325.63965000
2196         7331.23530000
2197         7336.83316000
2198         7342.43325000
2199         7348.03555000
2200         7353.64007000
2201         7359.24681000
2202         7364.85577000
2203         7370.46695000
2204         7376.08035000
2205         7381.69596000
2206         7387.31380000
2207         7392.93386000
2208         7398.55613000
2209         7404.18062000
2210         7409.80734000
2211         7415.43627000
2212         7421.06743000
2213         7426.70080000
2214         7432.33639000
2215         7437.97421000
2216         7443.61424000
2217         7449.25650000
2218         7454.90097000
2219         7460.54767000
2220         7466.19658000
2221         7471.84772000
2222         7477.50107000
2223         7483.15665000
2224         7488.81445000
2225         7494.47447000
2226         7500.13671000
2227         7505.80117000
2228         7511.46785000
2229         7517.13676000
2230         7522.80788000
2231         7528.48123000
2232         7534.15680000
2233         7539.83459000
2234         7545.51460000
2235         7551.19683000
2236         7556.88129000
2237         7562.56797000
2238         7568.25687000
2239         7573.94799000
2240         7579.64133000
2241         7585.33690000
2242         7591.03469000
2243         7596.73470000
2244         7602.43693000
2245         7608.14139000
2246         7613.84806000
2247         7619.55697000
2248         7625.26809000
2249         7630.98144000
2250         7636.69701000
2251         7642.41480000
2252         7648.13482000
2253         7653.85706000
2254         7659.58152000
2255         7665.30821000
2256         7671.03712000
2257         7676.76826000
2258         7682.50161000
2259         7688.23720000
2260         7693.97500000
2261         7699.71503000
2262         7705.45729000
2263         7711.20176000
2264         7716.94847000
2265         7722.69739000
2266         7728.44854000
2267         7734.20192000
2268         7739.95752000
2269         7745.71535000
2270         7751.47540000
2271         7757.23767000
2272         7763.00217000
2273         7768.76889000
2274         7774.53784000
2275         7780.30902000
2276         7786.08242000
2277         7791.85804000
2278         7797.63590000
2279         7803.41597000
2280         7809.19827000
2281         7814.98280000
2282         7820.76956000
2283         7826.55853000
2284         7832.34974000
2285         7838.14317000
2286         7843.93883000
2287         7849.73671000
2288         7855.53682000
2289         7861.33916000
2290         7867.14372000
2291         7872.95051000
2292         7878.75953000
2293         7884.57077000
2294         7890.38424000
2295         7896.19994000
2296         7902.01786000
2297         7907.83801000
2298         7913.66039000
2299         7919.48499000
2300         7925.31183000
2301         7931.14088000
2302         7936.97217000
2303         7942.80569000
2304         7948.64143000
2305         7954.47940000
2306         7960.31960000
2307         7966.16202000
2308         7972.00668000
2309         7977.85356000
2310         7983.70267000
2311         7989.55401000
2312         7995.40757000
2313         8001.26337000
2314         8007.12139000
2315         8012.98164000
2316         8018.84412000
2317         8024.70883000
2318         8030.57577000
2319         8036.44494000
2320         8042.31633000
2321         8048.18996000
2322         8054.06581000
2323         8059.94390000
2324         8065.82421000
2325         8071.70675000
2326         8077.59152000
2327         8083.47852000
2328         8089.36775000
2329         8095.25922000
2330         8101.15291000
2331         8107.04883000
2332         8112.94698000
2333         8118.84736000
2334         8124.74997000
2335         8130.65481000
2336         8136.56188000
2337         8142.47118000
2338         8148.38271000
2339         8154.29648000
2340         8160.21247000
2341         8166.13070000
2342         8172.05115000
2343         8177.97384000
2344         8183.89875000
2345         8189.82590000
2346         8195.75528000
2347         8201.68689000
2348         8207.62073000
2349         8213.55681000
2350         8219.49511000
2351         8225.43565000
2352         8231.37842000
2353         8237.32342000
2354         8243.27065000
2355         8249.22011000
2356         8255.17181000
2357         8261.12574000
2358         8267.08190000
2359         8273.04029000
2360         8279.00091000
2361         8284.96377000
2362         8290.92886000
2363         8296.89618000
2364         8302.86574000
2365         8308.83753000
2366         8314.81155000
2367         8320.78780000
2368         8326.76629000
2369         8332.74701000
2370         8338.72996000
2371         8344.71515000
2372         8350.70257000
2373         8356.69222000
2374         8362.68411000
2375         8368.67823000
2376         8374.67458000
2377         8380.67317000
2378         8386.67399000
2379         8392.67705000
2380         8398.68233000
2381         8404.68986000
2382         8410.69962000
2383         8416.71161000
2384         8422.72584000
2385         8428.74230000
2386         8434.76099000
2387         8440.78192000
2388         8446.80509000
2389         8452.83049000
2390         8458.85812000
2391         8464.88799000
2392         8470.92010000
2393         8476.95443000
2394         8482.99101000
2395         8489.02982000
2396         8495.07087000
2397         8501.11415000
2398         8507.15966000
2399         8513.20742000
2400         8519.25740000
2401         8525.30963000
2402         8531.36409000
2403         8537.42078000
2404         8543.47971000
2405         8549.54088000
2406         8555.60429000
2407         8561.66993000
2408         8567.73780000
2409         8573.80792000
2410         8579.88027000
2411         8585.95485000
2412         8592.03167000
2413         8598.11073000
2414         8604.19203000
2415         8610.27556000
2416         8616.36134000
2417         8622.44934000
2418         8628.53959000
2419         8634.63207000
2420         8640.72679000
2421         8646.82375000
2422         8652.92294000
2423         8659.02437000
2424         8665.12804000
2425         8671.23395000
2426         8677.34210000
2427         8683.45248000
2428         8689.56510000
2429         8695.67996000
2430         8701.79706000
2431         8707.91640000
2432         8714.03797000
2433         8720.16179000
2434         8726.28784000
2435         8732.41613000
2436         8738.54666000
2437         8744.67943000
2438         8750.81443000
2439         8756.95168000
2440         8763.09116000
2441         8769.23289000
2442         8775.37685000
2443         8781.52305000
2444         8787.67150000
2445         8793.82218000
2446         8799.97510000
2447         8806.13026000
2448         8812.28766000
2449         8818.44730000
2450         8824.60918000
2451         8830.77330000
2452         8836.93966000
2453         8843.10826000
2454         8849.27910000
2455         8855.45218000
2456         8861.62750000
2457         8867.80506000
2458         8873.98486000
2459         8880.16691000
2460         8886.35119000
2461         8892.53772000
2462         8898.72648000
2463         8904.91749000
2464         8911.11073000
2465         8917.30622000
2466         8923.50395000
2467         8929.70392000
2468         8935.90613000
2469         8942.11059000
2470         8948.31728000
2471         8954.52622000
2472         8960.73740000
2473         8966.95082000
2474         8973.16648000
2475         8979.38439000
2476         8985.60453000
2477         8991.82692000
2478         8998.05155000
2479         9004.27842000
2480         9010.50754000
2481         9016.73890000
2482         9022.97250000
2483         9029.20834000
2484         9035.44643000
2485         9041.68675000
2486         9047.92933000
2487         9054.17414000
2488         9060.42120000
2489         9066.67050000
2490         9072.92204000
2491         9079.17583000
2492         9085.43186000
2493         9091.69013000
2494         9097.95065000
2495         9104.21341000
2496         9110.47842000
2497         9116.74566000
2498         9123.01516000
2499         9129.28689000
2500         9135.56087000
2501         9141.83710000
2502         9148.11557000
2503         9154.39628000
2504         9160.67924000
2505         9166.96444000
2506         9173.25188000
2507         9179.54158000
2508         9185.83351000
2509         9192.12769000
2510         9198.42412000
2511         9204.72279000
2512         9211.02370000
2513         9217.32686000
2514         9223.63227000
2515         9229.93992000
2516         9236.24982000
2517         9242.56196000
2518         9248.87635000
2519         9255.19298000
2520         9261.51186000
2521         9267.83298000
2522         9274.15635000
2523         9280.48197000
2524         9286.80983000
2525         9293.13994000
2526         9299.47229000
2527         9305.80689000
2528         9312.14374000
2529         9318.48284000
2530         9324.82418000
2531         9331.16776000
2532         9337.51360000
2533         9343.86168000
2534         9350.21200000
2535         9356.56458000
2536         9362.91940000
2537         9369.27647000
2538         9375.63578000
2539         9381.99735000
2540         9388.36116000
2541         9394.72721000
2542         9401.09552000
2543         9407.46607000
2544         9413.83887000
2545         9420.21392000
2546         9426.59122000
2547         9432.97076000
2548         9439.35255000
2549         9445.73659000
2550         9452.12288000
2551         9458.51142000
2552         9464.90220000
2553         9471.29524000
2554         9477.69052000
2555         9484.08805000
2556         9490.48783000
2557         9496.88985000
2558         9503.29413000
2559         9509.70066000
2560         9516.10943000
2561         9522.52046000
2562         9528.93373000
2563         9535.34925000
2564         9541.76702000
2565         9548.18704000
2566         9554.60931000
2567         9561.03383000
2568         9567.46060000
2569         9573.88962000
2570         9580.32089000
2571         9586.75441000
2572         9593.19018000
2573         9599.62820000
2574         9606.06847000
2575         9612.51099000
2576         9618.95576000
2577         9625.40278000
2578         9631.85205000
2579         9638.30357000
2580         9644.75735000
2581         9651.21337000
2582         9657.67164000
2583         9664.13217000
2584         9670.59494000
2585         9677.05997000
2586         9683.52725000
2587         9689.99678000
2588         9696.46856000
2589         9702.94259000
2590         9709.41887000
2591         9715.89741000
2592         9722.37820000
2593         9728.86123000
2594         9735.34653000
2595         9741.83407000
2596         9748.32386000
2597         9754.81591000
2598         9761.31021000
2599         9767.80676000
2600         9774.30556000
2601         9780.80662000
2602         9787.30992000
2603         9793.81548000
2604         9800.32330000
2605         9806.83336000
2606         9813.34568000
2607         9819.86025000
2608         9826.37708000
2609         9832.89616000
2610         9839.41749000
2611         9845.94107000
2612         9852.46691000
2613         9858.99500000
2614         9865.52534000
2615         9872.05794000
2616         9878.59279000
2617         9885.12990000
2618         9891.66926000
2619         9898.21087000
2620         9904.75474000
2621         9911.30086000
2622         9917.84923000
2623         9924.39986000
2624         9930.95274000
2625         9937.50788000
2626         9944.06527000
2627         9950.62492000
2628         9957.18682000
2629         9963.75098000
2630         9970.31739000
2631         9976.88606000
2632         9983.45698000
2633         9990.03015000
2634         9996.60558000
2635        10003.18327000
2636        10009.76321000
2637        10016.34541000
2638        10022.92986000
2639        10029.51657000
2640        10036.10553000
2641        10042.69675000
2642        10049.29023000
2643        10055.88596000
2644        10062.48394000
2645        10069.08419000
2646        10075.68668000
2647        10082.29144000
2648        10088.89845000
2649        10095.50772000
2650        10102.11924000
2651        10108.73302000
2652        10115.34906000
2653        10121.96735000
2654        10128.58790000
2655        10135.21071000
2656        10141.83578000
2657        10148.46310000
2658        10155.09268000
2659        10161.72451000
2660        10168.35861000
2661        10174.99496000
2662        10181.63356000
2663        10188.27443000
2664        10194.91755000
2665        10201.56293000
2666        10208.21057000
2667        10214.86047000
2668        10221.51262000
2669        10228.16703000
2670        10234.82370000
2671        10241.48263000
2672        10248.14382000
2673        10254.80726000
2674        10261.47297000
2675        10268.14093000
2676        10274.81115000
2677        10281.48363000
2678        10288.15837000
2679        10294.83536000
2680        10301.51462000
2681        10308.19613000
2682        10314.87991000
2683        10321.56594000
2684        10328.25423000
2685        10334.94478000
2686        10341.63759000
2687        10348.33266000
2688        10355.02999000
2689        10361.72958000
2690        10368.43143000
2691        10375.13554000
2692        10381.84191000
2693        10388.55054000
2694        10395.26143000
2695        10401.97458000
2696        10408.68999000
2697        10415.40766000
2698        10422.12759000
2699        10428.84978000
2700        10435.57423000
2701        10442.30094000
2702        10449.02991000
2703        10455.76114000
2704        10462.49464000
2705        10469.23039000
2706        10475.96841000
2707        10482.70869000
2708        10489.45123000
2709        10496.19603000
2710        10502.94309000
2711        10509.69241000
2712        10516.44399000
2713        10523.19784000
2714        10529.95395000
2715        10536.71231000
2716        10543.47295000
2717        10550.23584000
2718        10557.00099000
2719        10563.76841000
2720        10570.53809000
2721        10577.31003000
2722        10584.08424000
2723        10590.86070000
2724        10597.63943000
2725        10604.42042000
2726        10611.20368000
2727        10617.98919000
2728        10624.77697000
2729        10631.56702000
2730        10638.35932000
2731        10645.15389000
2732        10651.95072000
2733        10658.74982000
2734        10665.55118000
2735        10672.35480000
2736        10679.16068000
2737        10685.96883000
2738        10692.77925000
2739        10699.59192000
2740        10706.40686000
2741        10713.22407000
2742        10720.04354000
2743        10726.86527000
2744        10733.68926000
2745        10740.51552000
2746        10747.34405000
2747        10754.17484000
2748        10761.00789000
2749        10767.84321000
2750        10774.68080000
2751        10781.52064000
2752        10788.36276000
2753        10795.20713000
2754        10802.05378000
2755        10808.90268000
2756        10815.75386000
2757        10822.60729000
2758        10829.46300000
2759        10836.32097000
2760        10843.18120000
2761        10850.04370000
2762        10856.90847000
2763        10863.77550000
2764        10870.64480000
2765        10877.51636000
2766        10884.39019000
2767        10891.26628000
2768        10898.14464000
2769        10905.02527000
2770        10911.90816000
2771        10918.79332000
2772        10925.68075000
2773        10932.57044000
2774        10939.46240000
2775        10946.35663000
2776        10953.25312000
2777        10960.15188000
2778        10967.05291000
2779        10973.95620000
2780        10980.86176000
2781        10987.76959000
2782        10994.67969000
2783        11001.59205000
2784        11008.50668000
2785        11015.42358000
2786        11022.34274000
2787        11029.26418000
2788        11036.18788000
2789        11043.11385000
2790        11050.04208000
2791        11056.97259000
2792        11063.90536000
2793        11070.84040000
2794        11077.77771000
2795        11084.71729000
2796        11091.65913000
2797        11098.60325000
2798        11105.54963000
2799        11112.49828000
2800        11119.44920000
2801        11126.40239000
2802        11133.35785000
2803        11140.31558000
2804        11147.27557000
2805        11154.23784000
2806        11161.20237000
2807        11168.16918000
2808        11175.13825000
2809        11182.10959000
2810        11189.08321000
2811        11196.05909000
2812        11203.03724000
2813        11210.01766000
2814        11217.00035000
2815        11223.98531000
2816        11230.97255000
2817        11237.96205000
2818        11244.95382000
2819        11251.94786000
2820        11258.94417000
2821        11265.94276000
2822        11272.94361000
2823        11279.94674000
2824        11286.95213000
2825        11293.95980000
2826        11300.96973000
2827        11307.98194000
2828        11314.99642000
2829        11322.01317000
2830        11329.03219000
2831        11336.05348000
2832        11343.07705000
2833        11350.10288000
2834        11357.13099000
2835        11364.16137000
2836        11371.19402000
2837        11378.22894000
2838        11385.26613000
2839        11392.30560000
2840        11399.34733000
2841        11406.39134000
2842        11413.43763000
2843        11420.48618000
2844        11427.53701000
2845        11434.59011000
2846        11441.64548000
2847        11448.70312000
2848        11455.76304000
2849        11462.82523000
2850        11469.88969000
2851        11476.95643000
2852        11484.02543000
2853        11491.09671000
2854        11498.17027000
2855        11505.24610000
2856        11512.32420000
2857        11519.40457000
2858        11526.48722000
2859        11533.57214000
2860        11540.65934000
2861        11547.74881000
2862        11554.84055000
2863        11561.93457000
2864        11569.03086000
2865        11576.12942000
2866        11583.23026000
2867        11590.33337000
2868        11597.43876000
2869        11604.54642000
2870        11611.65636000
2871        11618.76857000
2872        11625.88305000
2873        11632.99981000
2874        11640.11885000
2875        11647.24016000
2876        11654.36374000
2877        11661.48960000
2878        11668.61774000
2879        11675.74815000
2880        11682.88083000
2881        11690.01580000
2882        11697.15303000
2883        11704.29254000
2884        11711.43433000
2885        11718.57839000
2886        11725.72473000
2887        11732.87335000
2888        11740.02424000
2889        11747.17741000
2890        11754.33285000
2891        11761.49057000
2892        11768.65056000
2893        11775.81283000
2894        11782.97738000
2895        11790.14421000
2896        11797.31331000
2897        11804.48469000
2898        11811.65834000
2899        11818.83427000
2900        11826.01248000
2901        11833.19297000
2902        11840.37573000
2903        11847.56077000
2904        11854.74809000
2905        11861.93768000
2906        11869.12955000
2907        11876.32370000
2908        11883.52013000
2909        11890.71883000
2910        11897.91982000
2911        11905.12308000
2912        11912.32861000
2913        11919.53643000
2914        11926.74652000
2915        11933.95890000
2916        11941.17355000
2917        11948.39047000
2918        11955.60968000
2919        11962.83117000
2920        11970.05493000
2921        11977.28097000
2922        11984.50930000
2923        11991.73990000
2924        11998.97278000
2925        12006.20793000
2926        12013.44537000
2927        12020.68509000
2928        12027.92708000
2929        12035.17136000
2930        12042.41791000
2931        12049.66675000
2932        12056.91786000
2933        12064.17125000
2934        12071.42692000
2935        12078.68488000
2936        12085.94511000
2937        12093.20762000
2938        12100.47241000
2939        12107.73948000
2940        12115.00884000
2941        12122.28047000
2942        12129.55438000
2943        12136.83058000
2944        12144.10905000
2945        12151.38980000
2946        12158.67284000
2947        12165.95816000
2948        12173.24575000
2949        12180.53563000
2950        12187.82779000
2951        12195.12223000
2952        12202.41895000
2953        12209.71795000
2954        12217.01924000
2955        12224.32280000
2956        12231.62865000
2957        12238.93678000
2958        12246.24719000
2959        12253.55988000
2960        12260.87485000
2961        12268.19211000
2962        12275.51164000
2963        12282.83346000
2964        12290.15756000
2965        12297.48395000
2966        12304.81261000
2967        12312.14356000
2968        12319.47679000
2969        12326.81231000
2970        12334.15010000
2971        12341.49018000
2972        12348.83254000
2973        12356.17719000
2974        12363.52411000
2975        12370.87332000
2976        12378.22482000
2977        12385.57859000
2978        12392.93465000
2979        12400.29300000
2980        12407.65362000
2981        12415.01653000
2982        12422.38173000
2983        12429.74921000
2984        12437.11897000
2985        12444.49101000
2986        12451.86534000
2987        12459.24196000
2988        12466.62085000
2989        12474.00203000
2990        12481.38550000
2991        12488.77125000
2992        12496.15929000
2993        12503.54960000
2994        12510.94221000
2995        12518.33710000
2996        12525.73427000
2997        12533.13373000
2998        12540.53547000
2999        12547.93950000
3000        12555.34581000
3001        12562.75441000
3002        12570.16529000
3003        12577.57846000
3004        12584.99392000
3005        12592.41166000
3006        12599.83168000
3007        12607.25399000
3008        12614.67859000
3009        12622.10547000
3010        12629.53464000
3011        12636.96609000
3012        12644.39983000
3013        12651.83586000
3014        12659.27417000
3015        12666.71477000
3016        12674.15766000
3017        12681.60283000
3018        12689.05029000
3019        12696.50003000
3020        12703.95206000
3021        12711.40638000
3022        12718.86299000
3023        12726.32188000
3024        12733.78306000
3025        12741.24653000
3026        12748.71228000
3027        12756.18032000
3028        12763.65065000
3029        12771.12326000
3030        12778.59817000
3031        12786.07536000
3032        12793.55484000
3033        12801.03660000
3034        12808.52066000
3035        12816.00700000
3036        12823.49563000
3037        12830.98655000
3038        12838.47975000
3039        12845.97525000
3040        12853.47303000
3041        12860.97310000
3042        12868.47546000
3043        12875.98011000
3044        12883.48705000
3045        12890.99627000
3046        12898.50779000
3047        12906.02159000
3048        12913.53769000
3049        12921.05607000
3050        12928.57674000
3051        12936.09970000
3052        12943.62495000
3053        12951.15249000
3054        12958.68231000
3055        12966.21443000
3056        12973.74884000
3057        12981.28554000
3058        12988.82452000
3059        12996.36580000
3060        13003.90937000
3061        13011.45522000
3062        13019.00337000
3063        13026.55381000
3064        13034.10654000
3065        13041.66155000
3066        13049.21886000
3067        13056.77846000
3068        13064.34035000
3069        13071.90453000
3070        13079.47100000
3071        13087.03976000
3072        13094.61082000
3073        13102.18416000
3074        13109.75980000
3075        13117.33772000
3076        13124.91794000
3077        13132.50045000
3078        13140.08525000
3079        13147.67234000
3080        13155.26172000
3081        13162.85340000
3082        13170.44736000
3083        13178.04362000
3084        13185.64217000
3085        13193.24302000
3086        13200.84615000
3087        13208.45158000
3088        13216.05930000
3089        13223.66931000
3090        13231.28161000
3091        13238.89621000
3092        13246.51310000
3093        13254.13228000
3094        13261.75375000
3095        13269.37752000
3096        13277.00358000
3097        13284.63193000
3098        13292.26258000
3099        13299.89552000
3100        13307.53075000
3101        13315.16827000
3102        13322.80809000
3103        13330.45021000
3104        13338.09461000
3105        13345.74131000
3106        13353.39030000
3107        13361.04159000
3108        13368.69517000
3109        13376.35105000
3110        13384.00922000
3111        13391.66968000
3112        13399.33244000
3113        13406.99749000
3114        13414.66483000
3115        13422.33447000
3116        13430.00641000
3117        13437.68064000
3118        13445.35716000
3119        13453.03598000
3120        13460.71710000
3121        13468.40050000
3122        13476.08621000
3123        13483.77421000
3124        13491.46450000
3125        13499.15709000
3126        13506.85197000
3127        13514.54915000
3128        13522.24863000
3129        13529.95040000
3130        13537.65447000
3131        13545.36083000
3132        13553.06949000
3133        13560.78044000
3134        13568.49369000
3135        13576.20924000
3136        13583.92708000
3137        13591.64722000
3138        13599.36966000
3139        13607.09439000
3140        13614.82141000
3141        13622.55074000
3142        13630.28236000
3143        13638.01628000
3144        13645.75249000
3145        13653.49100000
3146        13661.23181000
3147        13668.97492000
3148        13676.72032000
3149        13684.46802000
3150        13692.21802000
3151        13699.97031000
3152        13707.72490000
3153        13715.48179000
3154        13723.24098000
3155        13731.00246000
3156        13738.76625000
3157        13746.53233000
3158        13754.30071000
3159        13762.07138000
3160        13769.84436000
3161        13777.61963000
3162        13785.39720000
3163        13793.17707000
3164        13800.95924000
3165        13808.74370000
3166        13816.53047000
3167        13824.31953000
3168        13832.11089000
3169        13839.90455000
3170        13847.70051000
3171        13855.49877000
3172        13863.29933000
3173        13871.10219000
3174        13878.90734000
3175        13886.71480000
3176        13894.52455000
3177        13902.33661000
3178        13910.15096000
3179        13917.96762000
3180        13925.78657000
3181        13933.60782000
3182        13941.43138000
3183        13949.25723000
3184        13957.08538000
3185        13964.91584000
3186        13972.74859000
3187        13980.58364000
3188        13988.42100000
3189        13996.26065000
3190        14004.10261000
3191        14011.94687000
3192        14019.79342000
3193        14027.64228000
3194        14035.49344000
3195        14043.34690000
3196        14051.20266000
3197        14059.06072000
3198        14066.92108000
3199        14074.78374000
3200        14082.64871000
3201        14090.51598000
3202        14098.38554000
3203        14106.25741000
3204        14114.13159000
3205        14122.00806000
3206        14129.88683000
3207        14137.76791000
3208        14145.65129000
3209        14153.53697000
3210        14161.42495000
3211        14169.31524000
3212        14177.20783000
3213        14185.10272000
3214        14192.99991000
3215        14200.89940000
3216        14208.80120000
3217        14216.70530000
3218        14224.61171000
3219        14232.52041000
3220        14240.43142000
3221        14248.34473000
3222        14256.26035000
3223        14264.17827000
3224        14272.09849000
3225        14280.02102000
3226        14287.94585000
3227        14295.87298000
3228        14303.80241000
3229        14311.73415000
3230        14319.66820000
3231        14327.60454000
3232        14335.54320000
3233        14343.48415000
3234        14351.42741000
3235        14359.37297000
3236        14367.32084000
3237        14375.27101000
3238        14383.22349000
3239        14391.17827000
3240        14399.13536000
3241        14407.09475000
3242        14415.05644000
3243        14423.02044000
3244        14430.98675000
3245        14438.95536000
3246        14446.92628000
3247        14454.89950000
3248        14462.87502000
3249        14470.85285000
3250        14478.83299000
3251        14486.81543000
3252        14494.80018000
3253        14502.78723000
3254        14510.77659000
3255        14518.76826000
3256        14526.76223000
3257        14534.75850000
3258        14542.75709000
3259        14550.75797000
3260        14558.76117000
3261        14566.76667000
3262        14574.77448000
3263        14582.78459000
3264        14590.79701000
3265        14598.81174000
3266        14606.82878000
3267        14614.84812000
3268        14622.86976000
3269        14630.89372000
3270        14638.91998000
3271        14646.94855000
3272        14654.97943000
3273        14663.01261000
3274        14671.04810000
3275        14679.08590000
3276        14687.12600000
3277        14695.16842000
3278        14703.21314000
3279        14711.26017000
3280        14719.30950000
3281        14727.36115000
3282        14735.41510000
3283        14743.47136000
3284        14751.52993000
3285        14759.59081000
3286        14767.65399000
3287        14775.71949000
3288        14783.78729000
3289        14791.85740000
3290        14799.92982000
3291        14808.00455000
3292        14816.08159000
3293        14824.16093000
3294        14832.24259000
3295        14840.32655000
3296        14848.41283000
3297        14856.50141000
3298        14864.59230000
3299        14872.68550000
3300        14880.78101000
3301        14888.87883000
3302        14896.97896000
3303        14905.08140000
3304        14913.18615000
3305        14921.29321000
3306        14929.40258000
3307        14937.51426000
3308        14945.62825000
3309        14953.74455000
3310        14961.86316000
3311        14969.98408000
3312        14978.10731000
3313        14986.23285000
3314        14994.36070000
3315        15002.49087000
3316        15010.62334000
3317        15018.75813000
3318        15026.89522000
3319        15035.03463000
3320        15043.17634000
3321        15051.32037000
3322        15059.46671000
3323        15067.61536000
3324        15075.76633000
3325        15083.91960000
3326        15092.07519000
3327        15100.23308000
3328        15108.39329000
3329        15116.55581000
3330        15124.72065000
3331        15132.88779000
3332        15141.05725000
3333        15149.22902000
3334        15157.40310000
3335        15165.57949000
3336        15173.75820000
3337        15181.93922000
3338        15190.12255000
3339        15198.30819000
3340        15206.49615000
3341        15214.68642000
3342        15222.87900000
3343        15231.07390000
3344        15239.27111000
3345        15247.47063000
3346        15255.67246000
3347        15263.87661000
3348        15272.08307000
3349        15280.29185000
3350        15288.50293000
3351        15296.71634000
3352        15304.93205000
3353        15313.15008000
3354        15321.37042000
3355        15329.59308000
3356        15337.81805000
3357        15346.04534000
3358        15354.27494000
3359        15362.50685000
3360        15370.74108000
3361        15378.97762000
3362        15387.21648000
3363        15395.45765000
3364        15403.70114000
3365        15411.94694000
3366        15420.19505000
3367        15428.44549000
3368        15436.69823000
3369        15444.95329000
3370        15453.21067000
3371        15461.47036000
3372        15469.73237000
3373        15477.99669000
3374        15486.26333000
3375        15494.53228000
3376        15502.80355000
3377        15511.07713000
3378        15519.35303000
3379        15527.63125000
3380        15535.91178000
3381        15544.19463000
3382        15552.47979000
3383        15560.76727000
3384        15569.05707000
3385        15577.34918000
3386        15585.64361000
3387        15593.94036000
3388        15602.23942000
3389        15610.54080000
3390        15618.84450000
3391        15627.15051000
3392        15635.45884000
3393        15643.76949000
3394        15652.08245000
3395        15660.39774000
3396        15668.71534000
3397        15677.03525000
3398        15685.35749000
3399        15693.68204000
3400        15702.00891000
3401        15710.33809000
3402        15718.66960000
3403        15727.00342000
3404        15735.33956000
3405        15743.67802000
3406        15752.01879000
3407        15760.36189000
3408        15768.70730000
3409        15777.05503000
3410        15785.40508000
3411        15793.75745000
3412        15802.11213000
3413        15810.46914000
3414        15818.82846000
3415        15827.19010000
3416        15835.55406000
3417        15843.92035000
3418        15852.28894000
3419        15860.65986000
3420        15869.03310000
3421        15877.40866000
3422        15885.78653000
3423        15894.16673000
3424        15902.54925000
3425        15910.93408000
3426        15919.32124000
3427        15927.71071000
3428        15936.10251000
3429        15944.49662000
3430        15952.89305000
3431        15961.29181000
3432        15969.69288000
3433        15978.09628000
3434        15986.50199000
3435        15994.91003000
3436        16003.32039000
3437        16011.73306000
3438        16020.14806000
3439        16028.56538000
3440        16036.98502000
3441        16045.40698000
3442        16053.83126000
3443        16062.25786000
3444        16070.68679000
3445        16079.11803000
3446        16087.55160000
3447        16095.98748000
3448        16104.42569000
3449        16112.86622000
3450        16121.30908000
3451        16129.75425000
3452        16138.20175000
3453        16146.65156000
3454        16155.10370000
3455        16163.55816000
3456        16172.01495000
3457        16180.47405000
3458        16188.93548000
3459        16197.39923000
3460        16205.86531000
3461        16214.33370000
3462        16222.80442000
3463        16231.27746000
3464        16239.75283000
3465        16248.23051000
3466        16256.71052000
3467        16265.19286000
3468        16273.67751000
3469        16282.16449000
3470        16290.65379000
3471        16299.14542000
3472        16307.63937000
3473        16316.13564000
3474        16324.63424000
3475        16333.13516000
3476        16341.63840000
3477        16350.14397000
3478        16358.65186000
3479        16367.16208000
3480        16375.67461000
3481        16384.18948000
3482        16392.70667000
3483        16401.22618000
3484        16409.74802000
3485        16418.27218000
3486        16426.79866000
3487        16435.32747000
3488        16443.85861000
3489        16452.39207000
3490        16460.92785000
3491        16469.46596000
3492        16478.00640000
3493        16486.54916000
3494        16495.09425000
3495        16503.64166000
3496        16512.19139000
3497        16520.74345000
3498        16529.29784000
3499        16537.85455000
3500        16546.41359000
