   1           10.19112000
   2           19.67137000
   3           29.16174000
   4           38.65458000
   5           48.14840000
   6           57.64273000
   7           67.13734000
   8           76.63214000
   9           86.12706000
  10           95.62213000
  11          105.11722000
  12          114.61240000
  13          124.10761000
  14          133.60289000
  15          143.09819000
  16          152.59355000
  17          162.08891000
  18          171.58434000
  19          181.07981000
  20          190.57530000
  21          200.07088000
  22          209.56651000
  23          219.06230000
  24          228.55822000
  25          238.05448000
  26          247.55109000
  27          257.04836000
  28          266.54639000
  29          276.04551000
  30          285.54607000
  31          295.04855000
  32          304.55337000
  33          314.06113000
  34          323.57251000
  35          333.08832000
  36          342.60926000
  37          352.13659000
  38          361.67116000
  39          371.21397000
  40          380.76650000
  41          390.32985000
  42          399.90552000
  43          409.49489000
  44          419.09959000
  45          428.72107000
  46          438.36111000
  47          448.02128000
  48          457.70353000
  49          467.40938000
  50          477.14093000
  51          486.89978000
  52          496.68809000
  53          506.50748000
  54          516.36018000
  55          526.24790000
  56          536.17275000
  57          546.13653000
  58          556.14133000
  59          566.18915000
  60          576.28168000
  61          586.42126000
  62          596.60948000
  63          606.84865000
  64          617.14031000
  65          627.48666000
  66          637.88958000
  67          648.35082000
  68          658.87241000
  69          669.45609000
  70          680.10388000
  71          690.81777000
  72          701.59917000
  73          712.45017000
  74          723.37261000
  75          734.36813000
  76          745.43864000
  77          756.58588000
  78          767.81179000
  79          779.11781000
  80          790.50600000
  81          801.97781000
  82          813.53529000
  83          825.17986000
  84          836.91361000
  85          848.73789000
  86          860.65475000
  87          872.66571000
  88          884.77254000
  89          896.97679000
  90          909.28051000
  91          921.68524000
  92          934.19257000
  93          946.80459000
  94          959.52269000
  95          972.34873000
  96          985.28449000
  97          998.33183000
  98         1011.49210000
  99         1024.76750000
 100         1038.15950000
 101         1051.67010000
 102         1065.30090000
 103         1079.05390000
 104         1092.93080000
 105         1106.93350000
 106         1121.06350000
 107         1135.32320000
 108         1149.71400000
 109         1164.23800000
 110         1178.89720000
 111         1193.69300000
 112         1208.62830000
 113         1223.70410000
 114         1238.92260000
 115         1254.28590000
 116         1269.79620000
 117         1285.45500000
 118         1301.26500000
 119         1317.22760000
 120         1333.34500000
 121         1349.61990000
 122         1366.05350000
 123         1382.64870000
 124         1399.40700000
 125         1416.33120000
 126         1433.42340000
 127         1450.68520000
 128         1468.11940000
 129         1485.72820000
 130         1503.51360000
 131         1521.47850000
 132         1539.62480000
 133         1557.95500000
 134         1576.47100000
 135         1595.17610000
 136         1614.07190000
 137         1633.16170000
 138         1652.44720000
 139         1671.93140000
 140         1691.61650000
 141         1711.50510000
 142         1731.60050000
 143         1751.90420000
 144         1772.41960000
 145         1793.14920000
 146         1814.09570000
 147         1835.26180000
 148         1856.65000000
 149         1878.26360000
 150         1900.10510000
 151         1922.17760000
 152         1944.48390000
 153         1967.02640000
 154         1989.80850000
 155         2012.83350000
 156         2036.10400000
 157         2059.62290000
 158         2083.39320000
 159         2107.41850000
 160         2131.70170000
 161         2156.24580000
 162         2181.05380000
 163         2206.12960000
 164         2231.47580000
 165         2257.09640000
 166         2282.99400000
 167         2309.17260000
 168         2335.63490000
 169         2362.38470000
 170         2389.42510000
 171         2416.76110000
 172         2444.39460000
 173         2472.32920000
 174         2500.56970000
 175         2529.11850000
 176         2557.98030000
 177         2587.15780000
 178         2616.65560000
 179         2646.47740000
 180         2676.62710000
 181         2707.10800000
 182         2737.92460000
 183         2769.08010000
 184         2800.58000000
 185         2832.42650000
 186         2864.62510000
 187         2897.17940000
 188         2930.09310000
 189         2963.37160000
 190         2997.01780000
 191         3031.03730000
 192         3065.43310000
 193         3100.21060000
 194         3135.37370000
 195         3170.92770000
 196         3206.87610000
 197         3243.22410000
 198         3279.97510000
 199         3317.13580000
 200         3354.70880000
 201         3392.70140000
 202         3431.11570000
 203         3469.95820000
 204         3509.23310000
 205         3548.94610000
 206         3589.10130000
 207         3629.70390000
 208         3670.76000000
 209         3712.27390000
 210         3754.25020000
 211         3796.69510000
 212         3839.61380000
 213         3883.01170000
 214         3926.89420000
 215         3971.26560000
 216         4016.13320000
 217         4061.50210000
 218         4107.37750000
 219         4153.76450000
 220         4200.67070000
 221         4248.09990000
 222         4296.05900000
 223         4344.55540000
 224         4393.59230000
 225         4443.17640000
 226         4493.31480000
 227         4544.01370000
 228         4595.27840000
 229         4647.11490000
 230         4699.53160000
 231         4752.53260000
 232         4806.12550000
 233         4860.31740000
 234         4915.11340000
 235         4970.52220000
 236         5026.54850000
 237         5083.19930000
 238         5140.48350000
 239         5198.40630000
 240         5256.97410000
 241         5316.19560000
 242         5376.07760000
 243         5436.62660000
 244         5497.85060000
 245         5559.75590000
 246         5622.35140000
 247         5685.64270000
 248         5749.64040000
 249         5814.34960000
 250         5879.77880000
 251         5945.93560000
 252         6012.82790000
 253         6080.46410000
 254         6148.85160000
 255         6217.99880000
 256         6287.91460000
 257         6358.60680000
 258         6430.08200000
 259         6502.35180000
 260         6575.42270000
 261         6649.30390000
 262         6724.00330000
 263         6799.53300000
 264         6875.89570000
 265         6953.10510000
 266         7031.16890000
 267         7110.09620000
 268         7189.89700000
 269         7270.57970000
 270         7352.15310000
 271         7434.62740000
 272         7518.01290000
 273         7602.31850000
 274         7687.55350000
 275         7773.72860000
 276         7860.85280000
 277         7948.93860000
 278         8037.99270000
 279         8128.02540000
 280         8219.05140000
 281         8311.07620000
 282         8404.11410000
 283         8498.17220000
 284         8593.26500000
 285         8689.39920000
 286         8786.59000000
 287         8884.84400000
 288         8984.17600000
 289         9084.59520000
 290         9186.11570000
 291         9288.74550000
 292         9392.49770000
 293         9497.38410000
 294         9603.41670000
 295         9710.60640000
 296         9818.96510000
 297         9928.50680000
 298        10039.24200000
 299        10151.18400000
 300        10264.34400000
 301        10378.73700000
 302        10494.37200000
 303        10611.26800000
 304        10729.43200000
 305        10848.87900000
 306        10969.62300000
 307        11091.67600000
 308        11215.05200000
 309        11339.76500000
 310        11465.82700000
 311        11593.25500000
 312        11722.06100000
 313        11852.25900000
 314        11983.86400000
 315        12116.88800000
 316        12251.34900000
 317        12387.26000000
 318        12524.63500000
 319        12663.49100000
 320        12803.84200000
 321        12945.69900000
 322        13089.08400000
 323        13234.01200000
 324        13380.49200000
 325        13528.54600000
 326        13678.18700000
 327        13829.43300000
 328        13982.29700000
 329        14136.80000000
 330        14292.95400000
 331        14450.78100000
 332        14610.29000000
 333        14771.50500000
 334        14934.43800000
 335        15099.10900000
 336        15265.53600000
 337        15433.73700000
 338        15603.72500000
 339        15775.52600000
 340        15949.14900000
 341        16124.61800000
 342        16301.95000000
 343        16481.16200000
 344        16662.27800000
 345        16845.31000000
 346        17030.28100000
 347        17217.20800000
 348        17406.11600000
 349        17597.01500000
 350        17789.93300000
 351        17984.88500000
 352        18181.89500000
 353        18380.98100000
 354        18582.16500000
 355        18785.46300000
 356        18990.90500000
 357        19198.50500000
 358        19408.28300000
 359        19620.26900000
 360        19834.47200000
 361        20050.92700000
 362        20269.64400000
 363        20490.65700000
 364        20713.97600000
 365        20939.63400000
 366        21167.64600000
 367        21398.04300000
 368        21630.84200000
 369        21866.07100000
 370        22103.74600000
 371        22343.90100000
 372        22586.55000000
 373        22831.72700000
 374        23079.45100000
 375        23329.74400000
 376        23582.63900000
 377        23838.14800000
 378        24096.31200000
 379        24357.14600000
 380        24620.68200000
 381        24886.94000000
 382        25155.95600000
 383        25427.74300000
 384        25702.34000000
 385        25979.76100000
 386        26260.04600000
 387        26543.21800000
 388        26829.30500000
 389        27118.32700000
 390        27410.32800000
 391        27705.32700000
 392        28003.34900000
 393        28304.43100000
 394        28608.59300000
 395        28915.87100000
 396        29226.28900000
 397        29539.89100000
 398        29856.69200000
 399        30176.72700000
 400        30500.03000000
 401        30826.63200000
 402        31156.55700000
 403        31489.84500000
 404        31826.52000000
 405        32166.62000000
 406        32510.17600000
 407        32857.21900000
 408        33207.78900000
 409        33561.90300000
 410        33919.62000000
 411        34280.94200000
 412        34645.93000000
 413        35014.60100000
 414        35387.00800000
 415        35763.16000000
 416        36143.11900000
 417        36526.90200000
 418        36914.55500000
 419        37306.10700000
 420        37701.59800000
 421        38101.06100000
 422        38504.54600000
 423        38912.07000000
 424        39323.68900000
 425        39739.44000000
 426        40159.34600000
 427        40583.45200000
 428        41011.80700000
 429        41444.44200000
 430        41881.39200000
 431        42322.71400000
 432        42768.42200000
 433        43218.57800000
 434        43673.21700000
 435        44132.39200000
 436        44596.11900000
 437        45064.45900000
 438        45537.45000000
 439        46015.14300000
 440        46497.55900000
 441        46984.76400000
 442        47476.78500000
 443        47973.67300000
 444        48475.48100000
 445        48982.24600000
 446        49494.02100000
 447        50010.82900000
 448        50532.74300000
 449        51059.78700000
 450        51592.03000000
 451        52129.50600000
 452        52672.26300000
 453        53220.34700000
 454        53773.82600000
 455        54332.71600000
 456        54897.09800000
 457        55466.99800000
 458        56042.48500000
 459        56623.59500000
 460        57210.38500000
 461        57802.91700000
 462        58401.21400000
 463        59005.34800000
 464        59615.37000000
 465        60231.34900000
 466        60853.30500000
 467        61481.31300000
 468        62115.41500000
 469        62755.69300000
 470        63402.16400000
 471        64054.92200000
 472        64713.99100000
 473        65379.44500000
 474        66051.33600000
 475        66729.71800000
 476        67414.66400000
 477        68106.21900000
 478        68804.43300000
 479        69509.39600000
 480        70221.13400000
 481        70939.73600000
 482        71665.23700000
 483        72397.71500000
 484        73137.24100000
 485        73883.85500000
 486        74637.63200000
 487        75398.61600000
 488        76166.91900000
 489        76942.56200000
 490        77725.62000000
 491        78516.17500000
 492        79314.24600000
 493        80119.96600000
 494        80933.34100000
 495        81754.49200000
 496        82583.45000000
 497        83420.30600000
 498        84265.10900000
 499        85117.94200000
 500        85978.87300000
 501        86847.97000000
 502        87725.31000000
 503        88610.95800000
 504        89504.99300000
 505        90407.48700000
 506        91318.50200000
 507        92238.15000000
 508        93166.44200000
 509        94103.52000000
 510        95049.43900000
 511        96004.24100000
 512        96968.04100000
 513        97940.91000000
 514        98922.92100000
 515        99914.15200000
 516       100914.70000000
 517       101924.61000000
 518       102944.00000000
 519       103972.93000000
 520       105011.51000000
 521       106059.79000000
 522       107117.85000000
 523       108185.81000000
 524       109263.74000000
 525       110351.73000000
 526       111449.85000000
 527       112558.19000000
 528       113676.84000000
 529       114805.90000000
 530       115945.43000000
 531       117095.57000000
 532       118256.38000000
 533       119427.95000000
 534       120610.36000000
 535       121803.74000000
 536       123008.14000000
 537       124223.70000000
 538       125450.49000000
 539       126688.59000000
 540       127938.12000000
 541       129199.18000000
 542       130471.85000000
 543       131756.23000000
 544       133052.44000000
 545       134360.55000000
 546       135680.70000000
 547       137012.95000000
 548       138357.43000000
 549       139714.23000000
 550       141083.48000000
 551       142465.23000000
 552       143859.65000000
 553       145266.81000000
 554       146686.83000000
 555       148119.80000000
 556       149565.86000000
 557       151025.08000000
 558       152497.63000000
 559       153983.55000000
 560       155482.99000000
 561       156996.08000000
 562       158522.87000000
 563       160063.57000000
 564       161618.21000000
 565       163186.98000000
 566       164769.91000000
 567       166367.22000000
 568       167978.93000000
 569       169605.24000000
 570       171246.23000000
 571       172902.05000000
 572       174572.78000000
 573       176258.58000000
 574       177959.57000000
 575       179675.87000000
 576       181407.62000000
 577       183154.91000000
 578       184917.91000000
 579       186696.73000000
 580       188491.54000000
 581       190302.37000000
 582       192129.47000000
 583       193972.87000000
 584       195832.85000000
 585       197709.38000000
 586       199602.69000000
 587       201512.91000000
 588       203440.19000000
 589       205384.60000000
 590       207346.34000000
 591       209325.57000000
 592       211322.38000000
 593       213336.97000000
 594       215369.44000000
 595       217419.96000000
 596       219488.62000000
 597       221575.71000000
 598       223681.19000000
 599       225805.34000000
 600       227948.30000000
 601       230110.22000000
 602       232291.17000000
 603       234491.44000000
 604       236711.08000000
 605       238950.35000000
 606       241209.27000000
 607       243488.13000000
 608       245787.01000000
 609       248106.10000000
 610       250445.61000000
 611       252805.60000000
 612       255186.30000000
 613       257587.88000000
 614       260010.50000000
 615       262454.35000000
 616       264919.54000000
 617       267406.32000000
 618       269914.86000000
 619       272445.25000000
 620       274997.71000000
 621       277572.43000000
 622       280169.61000000
 623       282789.39000000
 624       285432.00000000
 625       288097.52000000
 626       290786.29000000
 627       293498.37000000
 628       296233.96000000
 629       298993.31000000
 630       301776.53000000
 631       304583.88000000
 632       307415.52000000
 633       310271.68000000
 634       313152.49000000
 635       316058.21000000
 636       318988.96000000
 637       321945.06000000
 638       324926.53000000
 639       327933.79000000
 640       330966.85000000
 641       334026.09000000
 642       337111.51000000
 643       340223.54000000
 644       343362.26000000
 645       346527.88000000
 646       349720.66000000
 647       352940.77000000
 648       356188.47000000
 649       359463.96000000
 650       362767.45000000
 651       366099.13000000
 652       369459.27000000
 653       372848.11000000
 654       376265.89000000
 655       379712.68000000
 656       383188.91000000
 657       386694.66000000
 658       390230.29000000
 659       393795.95000000
 660       397391.85000000
 661       401018.35000000
 662       404675.52000000
 663       408363.74000000
 664       412083.17000000
 665       415834.16000000
 666       419616.73000000
 667       423431.38000000
 668       427278.26000000
 669       431157.57000000
 670       435069.62000000
 671       439014.68000000
 672       442992.94000000
 673       447004.77000000
 674       451050.28000000
 675       455129.88000000
 676       459243.69000000
 677       463392.04000000
 678       467575.32000000
 679       471793.53000000
 680       476047.20000000
 681       480336.46000000
 682       484661.67000000
 683       489022.94000000
 684       493420.76000000
 685       497855.29000000
 686       502326.92000000
 687       506835.66000000
 688       511382.21000000
 689       515966.45000000
 690       520589.06000000
 691       525249.93000000
 692       529949.68000000
 693       534688.52000000
 694       539466.59000000
 695       544284.40000000
 696       549142.11000000
 697       554040.14000000
 698       558978.73000000
 699       563958.24000000
 700       568978.77000000
 701       574040.97000000
 702       579144.91000000
 703       584291.06000000
 704       589479.64000000
 705       594710.91000000
 706       599985.37000000
 707       605303.35000000
 708       610664.97000000
 709       616070.80000000
 710       621520.98000000
 711       627015.87000000
 712       632555.95000000
 713       638141.38000000
 714       643772.75000000
 715       649450.14000000
 716       655174.07000000
 717       660944.69000000
 718       666762.66000000
 719       672628.09000000
 720       678541.47000000
 721       684503.05000000
 722       690513.38000000
 723       696572.45000000
 724       702681.18000000
 725       708839.29000000
 726       715047.68000000
 727       721306.66000000
 728       727616.37000000
 729       733977.33000000
 730       740389.82000000
 731       746854.44000000
 732       753371.38000000
 733       759941.07000000
 734       766563.86000000
 735       773240.35000000
 736       779970.83000000
 737       786755.56000000
 738       793595.18000000
 739       800489.87000000
 740       807440.24000000
 741       814446.54000000
 742       821509.35000000
 743       828628.94000000
 744       835805.91000000
 745       843040.36000000
 746       850333.09000000
 747       857684.00000000
 748       865094.34000000
 749       872563.76000000
 750       880093.28000000
 751       887682.90000000
 752       895333.36000000
 753       903044.90000000
 754       910818.17000000
 755       918653.53000000
 756       926551.31000000
 757       934512.27000000
 758       942536.59000000
 759       950624.78000000
 760       958777.44000000
 761       966995.14000000
 762       975277.86000000
 763       983626.74000000
 764       992041.53000000
 765      1000523.40000000
 766      1009072.50000000
 767      1017689.40000000
 768      1026374.30000000
 769      1035128.50000000
 770      1043951.20000000
 771      1052844.40000000
 772      1061807.30000000
 773      1070841.50000000
 774      1079946.70000000
 775      1089123.80000000
 776      1098373.20000000
 777      1107695.70000000
 778      1117091.30000000
 779      1126560.90000000
 780      1136105.20000000
 781      1145724.30000000
 782      1155418.90000000
 783      1165189.50000000
 784      1175037.00000000
 785      1184961.50000000
 786      1194964.10000000
 787      1205044.60000000
 788      1215204.40000000
 789      1225443.50000000
 790      1235762.50000000
 791      1246162.00000000
 792      1256642.90000000
 793      1267205.40000000
 794      1277850.50000000
 795      1288578.40000000
 796      1299389.80000000
 797      1310285.30000000
 798      1321265.50000000
 799      1332331.30000000
 800      1343482.80000000
 801      1354721.00000000
 802      1366046.50000000
 803      1377459.50000000
 804      1388961.40000000
 805      1400551.90000000
 806      1412232.40000000
 807      1424003.20000000
 808      1435864.90000000
 809      1447818.50000000
 810      1459863.90000000
 811      1472002.80000000
 812      1484235.00000000
 813      1496561.60000000
 814      1508983.00000000
 815      1521500.30000000
 816      1534113.70000000
 817      1546824.10000000
 818      1559631.90000000
 819      1572538.50000000
 820      1585543.90000000
 821      1598649.10000000
 822      1611854.90000000
 823      1625161.60000000
 824      1638570.30000000
 825      1652081.60000000
 826      1665696.30000000
 827      1679415.00000000
 828      1693238.40000000
 829      1707167.50000000
 830      1721202.90000000
 831      1735345.10000000
 832      1749595.20000000
 833      1763953.80000000
 834      1778421.50000000
 835      1792999.60000000
 836      1807688.40000000
 837      1822488.60000000
 838      1837401.30000000
 839      1852427.00000000
 840      1867566.90000000
 841      1882821.30000000
 842      1898191.70000000
 843      1913678.20000000
 844      1929281.80000000
 845      1945003.40000000
 846      1960843.90000000
 847      1976803.60000000
 848      1992884.60000000
 849      2009086.00000000
 850      2025410.30000000
 851      2041857.20000000
 852      2058428.20000000
 853      2075123.70000000
 854      2091944.70000000
 855      2108892.20000000
 856      2125967.30000000
 857      2143170.10000000
 858      2160502.50000000
 859      2177964.40000000
 860      2195557.60000000
 861      2213282.50000000
 862      2231140.00000000
 863      2249131.70000000
 864      2267256.80000000
 865      2285518.20000000
 866      2303915.40000000
 867      2322450.40000000
 868      2341123.50000000
 869      2359936.00000000
 870      2378888.20000000
 871      2397982.00000000
 872      2417217.50000000
 873      2436596.80000000
 874      2456119.40000000
 875      2475787.90000000
 876      2495601.20000000
 877      2515562.80000000
 878      2535672.10000000
 879      2555930.20000000
 880      2576338.40000000
 881      2596898.20000000
 882      2617609.40000000
 883      2638473.90000000
 884      2659492.70000000
 885      2680667.00000000
 886      2701997.70000000
 887      2723485.50000000
 888      2745131.60000000
 889      2766938.10000000
 890      2788904.70000000
 891      2811032.40000000
 892      2833324.00000000
 893      2855779.10000000
 894      2878399.20000000
 895      2901185.10000000
 896      2924138.60000000
 897      2947260.60000000
 898      2970552.00000000
 899      2994013.80000000
 900      3017647.40000000
 901      3041454.70000000
 902      3065435.80000000
 903      3089591.90000000
 904      3113925.20000000
 905      3138435.90000000
 906      3163125.00000000
 907      3187994.40000000
 908      3213046.10000000
 909      3238279.20000000
 910      3263696.40000000
 911      3289298.70000000
 912      3315087.60000000
 913      3341063.20000000
 914      3367228.30000000
 915      3393583.00000000
 916      3420129.00000000
 917      3446867.20000000
 918      3473800.30000000
 919      3500927.80000000
 920      3528251.30000000
 921      3555773.80000000
 922      3583494.60000000
 923      3611415.40000000
 924      3639538.40000000
 925      3667865.10000000
 926      3696395.50000000
 927      3725131.30000000
 928      3754075.00000000
 929      3783227.40000000
 930      3812588.80000000
 931      3842163.20000000
 932      3871948.60000000
 933      3901948.90000000
 934      3932164.40000000
 935      3962596.90000000
 936      3993247.80000000
 937      4024119.40000000
 938      4055211.00000000
 939      4086526.60000000
 940      4118065.70000000
 941      4149831.40000000
 942      4181822.90000000
 943      4214044.50000000
 944      4246495.40000000
 945      4279178.40000000
 946      4312095.30000000
 947      4345245.60000000
 948      4378633.50000000
 949      4412258.90000000
 950      4446123.70000000
 951      4480228.10000000
 952      4514578.00000000
 953      4549169.70000000
 954      4584008.20000000
 955      4619094.60000000
 956      4654429.50000000
 957      4690014.00000000
 958      4725853.00000000
 959      4761943.80000000
 960      4798292.20000000
 961      4834895.90000000
 962      4871760.60000000
 963      4908885.00000000
 964      4946271.60000000
 965      4983921.80000000
 966      5021839.40000000
 967      5060022.30000000
 968      5098476.20000000
 969      5137200.40000000
 970      5176197.30000000
 971      5215469.90000000
 972      5255016.70000000
 973      5294843.20000000
 974      5334949.60000000
 975      5375337.70000000
 976      5416007.70000000
 977      5456965.30000000
 978      5498208.50000000
 979      5539743.00000000
 980      5581566.80000000
 981      5623682.20000000
 982      5666094.70000000
 983      5708802.60000000
 984      5751809.70000000
 985      5795116.60000000
 986      5838725.90000000
 987      5882640.30000000
 988      5926860.70000000
 989      5971389.70000000
 990      6016228.20000000
 991      6061378.90000000
 992      6106844.60000000
 993      6152625.80000000
 994      6198726.70000000
 995      6245146.60000000
 996      6291889.60000000
 997      6338957.70000000
 998      6386351.00000000
 999      6434073.50000000
1000      6482126.30000000
1001      6530513.10000000
1002      6579233.60000000
1003      6628291.20000000
1004      6677690.10000000
1005      6727428.30000000
1006      6777510.10000000
1007      6827939.20000000
1008      6878714.80000000
1009      6929841.40000000
1010      6981320.30000000
1011      7033154.60000000
1012      7085346.00000000
1013      7137893.60000000
1014      7190807.10000000
1015      7244080.60000000
1016      7297723.10000000
1017      7351731.20000000
1018      7406112.90000000
1019      7460865.40000000
1020      7515994.10000000
1021      7571501.40000000
1022      7627388.10000000
1023      7683657.50000000
1024      7740311.70000000
1025      7797355.20000000
1026      7854786.90000000
1027      7912610.90000000
1028      7970829.80000000
1029      8029446.80000000
1030      8088462.80000000
1031      8147881.90000000
1032      8207705.10000000
1033      8267935.70000000
1034      8328577.00000000
1035      8389630.80000000
1036      8451099.10000000
1037      8512985.80000000
1038      8575291.20000000
1039      8638022.20000000
1040      8701176.20000000
1041      8764761.10000000
1042      8828774.30000000
1043      8893223.70000000
1044      8958108.00000000
1045      9023432.90000000
1046      9089198.10000000
1047      9155409.50000000
1048      9222066.60000000
1049      9289173.70000000
1050      9356735.00000000
1051      9424751.80000000
1052      9493228.60000000
1053      9562163.00000000
1054      9631566.70000000
1055      9701432.70000000
1056      9771772.70000000
1057      9842582.80000000
1058      9913871.90000000
1059      9985637.00000000
1060     10057888.00000000
1061     10130620.00000000
1062     10203843.00000000
1063     10277555.00000000
1064     10351761.00000000
1065     10426464.00000000
1066     10501668.00000000
1067     10577373.00000000
1068     10653587.00000000
1069     10730308.00000000
1070     10807543.00000000
1071     10885294.00000000
1072     10963563.00000000
1073     11042356.00000000
1074     11121671.00000000
1075     11201517.00000000
1076     11281895.00000000
1077     11362808.00000000
1078     11444257.00000000
1079     11526250.00000000
1080     11608786.00000000
1081     11691874.00000000
1082     11775509.00000000
1083     11859703.00000000
1084     11944452.00000000
1085     12029767.00000000
1086     12115643.00000000
1087     12202088.00000000
1088     12289109.00000000
1089     12376703.00000000
1090     12464877.00000000
1091     12553632.00000000
1092     12642975.00000000
1093     12732909.00000000
1094     12823434.00000000
1095     12914558.00000000
1096     13006279.00000000
1097     13098611.00000000
1098     13191544.00000000
1099     13285097.00000000
1100     13379258.00000000
1101     13474043.00000000
1102     13569444.00000000
1103     13665482.00000000
1104     13762144.00000000
1105     13859441.00000000
1106     13957377.00000000
1107     14055954.00000000
1108     14155179.00000000
1109     14255053.00000000
1110     14355580.00000000
1111     14456764.00000000
1112     14558611.00000000
1113     14661124.00000000
1114     14764309.00000000
1115     14868162.00000000
1116     14972699.00000000
1117     15077910.00000000
1118     15183815.00000000
1119     15290406.00000000
1120     15397693.00000000
1121     15505677.00000000
1122     15614365.00000000
1123     15723758.00000000
1124     15833867.00000000
1125     15944686.00000000
1126     16056227.00000000
1127     16168489.00000000
1128     16281483.00000000
1129     16395207.00000000
1130     16509670.00000000
1131     16624876.00000000
1132     16740824.00000000
1133     16857527.00000000
1134     16974980.00000000
1135     17093196.00000000
1136     17212172.00000000
1137     17331921.00000000
1138     17452439.00000000
1139     17573738.00000000
1140     17695816.00000000
1141     17818683.00000000
1142     17942340.00000000
1143     18066797.00000000
1144     18192049.00000000
1145     18318112.00000000
1146     18444983.00000000
1147     18572671.00000000
1148     18701179.00000000
1149     18830511.00000000
1150     18960673.00000000
1151     19091671.00000000
1152     19223505.00000000
1153     19356188.00000000
1154     19489719.00000000
1155     19624107.00000000
1156     19759354.00000000
1157     19895465.00000000
1158     20032449.00000000
1159     20170301.00000000
1160     20309044.00000000
1161     20448660.00000000
1162     20589177.00000000
1163     20730583.00000000
1164     20872894.00000000
1165     21016114.00000000
1166     21160239.00000000
1167     21305289.00000000
1168     21451254.00000000
1169     21598153.00000000
1170     21745984.00000000
1171     21894752.00000000
1172     22044468.00000000
1173     22195130.00000000
1174     22346750.00000000
1175     22499328.00000000
1176     22652876.00000000
1177     22807396.00000000
1178     22962895.00000000
1179     23119378.00000000
1180     23276851.00000000
1181     23435315.00000000
1182     23594783.00000000
1183     23755258.00000000
1184     23916746.00000000
1185     24079250.00000000
1186     24242786.00000000
1187     24407346.00000000
1188     24572947.00000000
1189     24739586.00000000
1190     24907278.00000000
1191     25076023.00000000
1192     25245828.00000000
1193     25416704.00000000
1194     25588647.00000000
1195     25761676.00000000
1196     25935784.00000000
1197     26110993.00000000
1198     26287293.00000000
1199     26464704.00000000
1200     26643219.00000000
1201     26822854.00000000
1202     27003616.00000000
1203     27185507.00000000
1204     27368534.00000000
1205     27552706.00000000
1206     27738025.00000000
1207     27924508.00000000
1208     28112148.00000000
1209     28300962.00000000
1210     28490948.00000000
1211     28682122.00000000
1212     28874484.00000000
1213     29068052.00000000
1214     29262819.00000000
1215     29458793.00000000
1216     29655987.00000000
1217     29854408.00000000
1218     30054064.00000000
1219     30254948.00000000
1220     30457094.00000000
1221     30660476.00000000
1222     30865134.00000000
1223     31071051.00000000
1224     31278244.00000000
1225     31486723.00000000
1226     31696493.00000000
1227     31907554.00000000
1228     32119924.00000000
1229     32333605.00000000
1230     32548608.00000000
1231     32764933.00000000
1232     32982592.00000000
1233     33201601.00000000
1234     33421949.00000000
1235     33643662.00000000
1236     33866742.00000000
1237     34091187.00000000
1238     34317014.00000000
1239     34544236.00000000
1240     34772847.00000000
1241     35002872.00000000
1242     35234300.00000000
1243     35467153.00000000
1244     35701427.00000000
1245     35937149.00000000
1246     36174307.00000000
1247     36412923.00000000
1248     36653000.00000000
1249     36894544.00000000
1250     37137565.00000000
1251     37382071.00000000
1252     37628076.00000000
1253     37875580.00000000
1254     38124598.00000000
1255     38375132.00000000
1256     38627195.00000000
1257     38880798.00000000
1258     39135940.00000000
1259     39392645.00000000
1260     39650900.00000000
1261     39910740.00000000
1262     40172159.00000000
1263     40435162.00000000
1264     40699767.00000000
1265     40965987.00000000
1266     41233805.00000000
1267     41503263.00000000
1268     41774352.00000000
1269     42047081.00000000
1270     42321466.00000000
1271     42597511.00000000
1272     42875226.00000000
1273     43154629.00000000
1274     43435711.00000000
1275     43718500.00000000
1276     44003003.00000000
1277     44289216.00000000
1278     44577161.00000000
1279     44866848.00000000
1280     45158274.00000000
1281     45451462.00000000
1282     45746416.00000000
1283     46043140.00000000
1284     46341670.00000000
1285     46641973.00000000
1286     46944102.00000000
1287     47248040.00000000
1288     47553802.00000000
1289     47861399.00000000
1290     48170860.00000000
1291     48482158.00000000
1292     48795336.00000000
1293     49110385.00000000
1294     49427329.00000000
1295     49746172.00000000
1296     50066916.00000000
1297     50389584.00000000
1298     50714187.00000000
1299     51040727.00000000
1300     51369215.00000000
1301     51699686.00000000
1302     52032102.00000000
1303     52366523.00000000
1304     52702926.00000000
1305     53041349.00000000
1306     53381776.00000000
1307     53724241.00000000
1308     54068736.00000000
1309     54415295.00000000
1310     54763907.00000000
1311     55114597.00000000
1312     55467364.00000000
1313     55822239.00000000
1314     56179201.00000000
1315     56538313.00000000
1316     56899543.00000000
1317     57262906.00000000
1318     57628432.00000000
1319     57996130.00000000
1320     58365991.00000000
1321     58738052.00000000
1322     59112319.00000000
1323     59488782.00000000
1324     59867490.00000000
1325     60248435.00000000
1326     60631627.00000000
1327     61017071.00000000
1328     61404806.00000000
1329     61794812.00000000
1330     62187138.00000000
1331     62581762.00000000
1332     62978717.00000000
1333     63378009.00000000
1334     63779656.00000000
1335     64183656.00000000
1336     64590031.00000000
1337     64998812.00000000
1338     65409973.00000000
1339     65823566.00000000
1340     66239575.00000000
1341     66658031.00000000
1342     67078936.00000000
1343     67502325.00000000
1344     67928179.00000000
1345     68356538.00000000
1346     68787400.00000000
1347     69220782.00000000
1348     69656701.00000000
1349     70095179.00000000
1350     70536204.00000000
1351     70979810.00000000
1352     71426006.00000000
1353     71874813.00000000
1354     72326231.00000000
1355     72780289.00000000
1356     73236981.00000000
1357     73696340.00000000
1358     74158386.00000000
1359     74623105.00000000
1360     75090539.00000000
1361     75560698.00000000
1362     76033566.00000000
1363     76509192.00000000
1364     76987595.00000000
1365     77468768.00000000
1366     77952729.00000000
1367     78439515.00000000
1368     78929098.00000000
1369     79421531.00000000
1370     79916805.00000000
1371     80414965.00000000
1372     80915990.00000000
1373     81419932.00000000
1374     81926770.00000000
1375     82436548.00000000
1376     82949280.00000000
1377     83464966.00000000
1378     83983616.00000000
1379     84505272.00000000
1380     85029942.00000000
1381     85557611.00000000
1382     86088367.00000000
1383     86622142.00000000
1384     87159015.00000000
1385     87698945.00000000
1386     88242014.00000000
1387     88788179.00000000
1388     89337510.00000000
1389     89889970.00000000
1390     90445629.00000000
1391     91004443.00000000
1392     91566499.00000000
1393     92131757.00000000
1394     92700268.00000000
1395     93272024.00000000
1396     93847067.00000000
1397     94425391.00000000
1398     95007035.00000000
1399     95592015.00000000
1400     96180319.00000000
1401     96771991.00000000
1402     97367036.00000000
1403     97965507.00000000
1404     98567365.00000000
1405     99172672.00000000
1406     99781416.00000000
1407    100393640.00000000
1408    101009350.00000000
1409    101628570.00000000
1410    102251310.00000000
1411    102877600.00000000
1412    103507450.00000000
1413    104140880.00000000
1414    104777930.00000000
1415    105418560.00000000
1416    106062860.00000000
1417    106710800.00000000
1418    107362420.00000000
1419    108017730.00000000
1420    108676760.00000000
1421    109339520.00000000
1422    110006040.00000000
1423    110676330.00000000
1424    111350420.00000000
1425    112028310.00000000
1426    112710040.00000000
1427    113395630.00000000
1428    114085070.00000000
1429    114778420.00000000
1430    115475700.00000000
1431    116176890.00000000
1432    116882040.00000000
1433    117591160.00000000
1434    118304270.00000000
1435    119021410.00000000
1436    119742590.00000000
1437    120467830.00000000
1438    121197150.00000000
1439    121930540.00000000
1440    122668080.00000000
1441    123409770.00000000
1442    124155580.00000000
1443    124905630.00000000
1444    125659860.00000000
1445    126418330.00000000
1446    127181030.00000000
1447    127948040.00000000
1448    128719310.00000000
1449    129494930.00000000
1450    130274870.00000000
1451    131059170.00000000
1452    131847890.00000000
1453    132640970.00000000
1454    133438510.00000000
1455    134240490.00000000
1456    135046980.00000000
1457    135857900.00000000
1458    136673410.00000000
1459    137493430.00000000
1460    138318030.00000000
1461    139147220.00000000
1462    139981030.00000000
1463    140819490.00000000
1464    141662600.00000000
1465    142510410.00000000
1466    143362930.00000000
1467    144220190.00000000
1468    145082190.00000000
1469    145949000.00000000
1470    146820610.00000000
1471    147697050.00000000
1472    148578360.00000000
1473    149464560.00000000
1474    150355650.00000000
1475    151251660.00000000
1476    152152660.00000000
1477    153058660.00000000
1478    153969620.00000000
1479    154885650.00000000
1480    155806730.00000000
1481    156732930.00000000
1482    157664160.00000000
1483    158600620.00000000
1484    159542230.00000000
1485    160488990.00000000
1486    161441000.00000000
1487    162398240.00000000
1488    163360790.00000000
1489    164328570.00000000
1490    165301710.00000000
1491    166280210.00000000
1492    167264100.00000000
1493    168253360.00000000
1494    169248090.00000000
1495    170248280.00000000
1496    171253970.00000000
1497    172265110.00000000
1498    173281860.00000000
1499    174304160.00000000
1500    175332090.00000000
1501    176365620.00000000
1502    177404820.00000000
1503    178449720.00000000
1504    179500290.00000000
1505    180556660.00000000
1506    181618780.00000000
1507    182686720.00000000
1508    183760450.00000000
1509    184840070.00000000
1510    185925600.00000000
1511    187017040.00000000
1512    188114420.00000000
1513    189217750.00000000
1514    190327160.00000000
1515    191442580.00000000
1516    192564050.00000000
1517    193691660.00000000
1518    194825400.00000000
1519    195965290.00000000
1520    197111350.00000000
1521    198263660.00000000
1522    199422260.00000000
1523    200587090.00000000
1524    201758260.00000000
1525    202935780.00000000
1526    204119730.00000000
1527    205310030.00000000
1528    206506810.00000000
1529    207710050.00000000
1530    208919860.00000000
1531    210136140.00000000
1532    211359030.00000000
1533    212588530.00000000
1534    213824710.00000000
1535    215067540.00000000
1536    216317050.00000000
1537    217573370.00000000
1538    218836400.00000000
1539    220106240.00000000
1540    221382930.00000000
1541    222666560.00000000
1542    223957050.00000000
1543    225254500.00000000
1544    226558890.00000000
1545    227870380.00000000
1546    229188900.00000000
1547    230514480.00000000
1548    231847140.00000000
1549    233187060.00000000
1550    234534110.00000000
1551    235888380.00000000
1552    237249960.00000000
1553    238618790.00000000
1554    239994990.00000000
1555    241378520.00000000
1556    242769520.00000000
1557    244167920.00000000
1558    245573850.00000000
1559    246987260.00000000
1560    248408260.00000000
1561    249836780.00000000
1562    251273030.00000000
1563    252716870.00000000
1564    254168510.00000000
1565    255627780.00000000
1566    257094880.00000000
1567    258569850.00000000
1568    260052640.00000000
1569    261543330.00000000
1570    263041910.00000000
1571    264548550.00000000
1572    266063190.00000000
1573    267585840.00000000
1574    269116600.00000000
1575    270655510.00000000
1576    272202620.00000000
1577    273757890.00000000
1578    275321450.00000000
1579    276893300.00000000
1580    278473480.00000000
1581    280062040.00000000
1582    281658990.00000000
1583    283264450.00000000
1584    284878420.00000000
1585    286500890.00000000
1586    288131930.00000000
1587    289771610.00000000
1588    291420040.00000000
1589    293077090.00000000
1590    294742900.00000000
1591    296417520.00000000
1592    298101010.00000000
1593    299793310.00000000
1594    301494600.00000000
1595    303204810.00000000
1596    304924060.00000000
1597    306652370.00000000
1598    308389790.00000000
1599    310136320.00000000
1600    311892070.00000000
1601    313657070.00000000
1602    315431310.00000000
1603    317214870.00000000
1604    319007810.00000000
1605    320810190.00000000
1606    322622020.00000000
1607    324443360.00000000
1608    326274210.00000000
1609    328114700.00000000
1610    329964740.00000000
1611    331824650.00000000
1612    333694140.00000000
1613    335573500.00000000
1614    337462640.00000000
1615    339361750.00000000
1616    341270660.00000000
1617    343189640.00000000
1618    345118650.00000000
1619    347057700.00000000
1620    349006890.00000000
1621    350966170.00000000
1622    352935790.00000000
1623    354915590.00000000
1624    356905750.00000000
1625    358906200.00000000
1626    360917180.00000000
1627    362938580.00000000
1628    364970510.00000000
1629    367012970.00000000
1630    369066090.00000000
1631    371129870.00000000
1632    373204360.00000000
1633    375289650.00000000
1634    377385770.00000000
1635    379492710.00000000
1636    381610580.00000000
1637    383739520.00000000
1638    385879430.00000000
1639    388030420.00000000
1640    390192540.00000000
1641    392365880.00000000
1642    394550510.00000000
1643    396746370.00000000
1644    398953530.00000000
1645    401172260.00000000
1646    403402340.00000000
1647    405643980.00000000
1648    407897070.00000000
1649    410161980.00000000
1650    412438470.00000000
1651    414726740.00000000
1652    417026800.00000000
1653    419338670.00000000
1654    421662490.00000000
1655    423998220.00000000
1656    426346070.00000000
1657    428705900.00000000
1658    431077860.00000000
1659    433462040.00000000
1660    435858540.00000000
1661    438267280.00000000
1662    440688390.00000000
1663    443121880.00000000
1664    445567950.00000000
1665    448026580.00000000
1666    450497780.00000000
1667    452981510.00000000
1668    455478150.00000000
1669    457987540.00000000
1670    460509700.00000000
1671    463044760.00000000
1672    465592860.00000000
1673    468153950.00000000
1674    470728110.00000000
1675    473315460.00000000
1676    475916000.00000000
1677    478529860.00000000
1678    481156950.00000000
1679    483797580.00000000
1680    486451580.00000000
1681    489119080.00000000
1682    491800230.00000000
1683    494495030.00000000
1684    497203570.00000000
1685    499925910.00000000
1686    502662020.00000000
1687    505412060.00000000
1688    508176150.00000000
1689    510954230.00000000
1690    513746440.00000000
1691    516552750.00000000
1692    519373400.00000000
1693    522208290.00000000
1694    525057640.00000000
1695    527921290.00000000
1696    530799540.00000000
1697    533692420.00000000
1698    536599890.00000000
1699    539522180.00000000
1700    542459140.00000000
1701    545410910.00000000
1702    548377750.00000000
1703    551359540.00000000
1704    554356360.00000000
1705    557368290.00000000
1706    560395420.00000000
1707    563437950.00000000
1708    566495670.00000000
1709    569568890.00000000
1710    572657560.00000000
1711    575761840.00000000
1712    578881730.00000000
1713    582017310.00000000
1714    585168690.00000000
1715    588335950.00000000
1716    591519110.00000000
1717    594718270.00000000
1718    597933530.00000000
1719    601164990.00000000
1720    604412480.00000000
1721    607676380.00000000
1722    610956730.00000000
1723    614253550.00000000
1724    617566840.00000000
1725    620896640.00000000
1726    624243300.00000000
1727    627606480.00000000
1728    630986710.00000000
1729    634383730.00000000
1730    637797880.00000000
1731    641228970.00000000
1732    644677320.00000000
1733    648142770.00000000
1734    651625620.00000000
1735    655125890.00000000
1736    658643510.00000000
1737    662178760.00000000
1738    665731690.00000000
1739    669302360.00000000
1740    672890500.00000000
1741    676496880.00000000
1742    680121100.00000000
1743    683763360.00000000
1744    687423700.00000000
1745    691102380.00000000
1746    694799090.00000000
1747    698514330.00000000
1748    702248080.00000000
1749    706000340.00000000
1750    709771230.00000000
1751    713560770.00000000
1752    717369240.00000000
1753    721196530.00000000
1754    725042830.00000000
1755    728908050.00000000
1756    732792490.00000000
1757    736696190.00000000
1758    740619320.00000000
1759    744561660.00000000
1760    748523670.00000000
1761    752505130.00000000
1762    756506220.00000000
1763    760527170.00000000
1764    764568040.00000000
1765    768628890.00000000
1766    772709690.00000000
1767    776810510.00000000
1768    780931700.00000000
1769    785073270.00000000
1770    789235130.00000000
1771    793417560.00000000
1772    797620430.00000000
1773    801844170.00000000
1774    806088550.00000000
1775    810353950.00000000
1776    814640130.00000000
1777    818947570.00000000
1778    823276120.00000000
1779    827625890.00000000
1780    831996990.00000000
1781    836389710.00000000
1782    840803730.00000000
1783    845239480.00000000
1784    849696970.00000000
1785    854176580.00000000
1786    858677870.00000000
1787    863201190.00000000
1788    867746710.00000000
1789    872314310.00000000
1790    876904450.00000000
1791    881516930.00000000
1792    886152220.00000000
1793    890809700.00000000
1794    895490210.00000000
1795    900193440.00000000
1796    904919870.00000000
1797    909669150.00000000
1798    914441690.00000000
1799    919237240.00000000
1800    924056420.00000000
1801    928899070.00000000
1802    933765370.00000000
1803    938655180.00000000
1804    943568790.00000000
1805    948506400.00000000
1806    953467870.00000000
1807    958453710.00000000
1808    963463570.00000000
1809    968497800.00000000
1810    973556420.00000000
1811    978639720.00000000
1812    983747550.00000000
1813    988880330.00000000
1814    994037830.00000000
1815    999220550.00000000
1816   1004428000.00000000
1817   1009660900.00000000
1818   1014919000.00000000
1819   1020202800.00000000
1820   1025512200.00000000
1821   1030846900.00000000
1822   1036207600.00000000
1823   1041594200.00000000
1824   1047006900.00000000
1825   1052445600.00000000
1826   1057910600.00000000
1827   1063401800.00000000
1828   1068919800.00000000
1829   1074464100.00000000
1830   1080035400.00000000
1831   1085633400.00000000
1832   1091258300.00000000
1833   1096910400.00000000
1834   1102589700.00000000
1835   1108296300.00000000
1836   1114030300.00000000
1837   1119792000.00000000
1838   1125581200.00000000
1839   1131398300.00000000
1840   1137243300.00000000
1841   1143116600.00000000
1842   1149017800.00000000
1843   1154947400.00000000
1844   1160905300.00000000
1845   1166892000.00000000
1846   1172907200.00000000
1847   1178951400.00000000
1848   1185024400.00000000
1849   1191126400.00000000
1850   1197257800.00000000
1851   1203418400.00000000
1852   1209608500.00000000
1853   1215828100.00000000
1854   1222077700.00000000
1855   1228356900.00000000
1856   1234666000.00000000
1857   1241005300.00000000
1858   1247375100.00000000
1859   1253774800.00000000
1860   1260205400.00000000
1861   1266666300.00000000
1862   1273158400.00000000
1863   1279681100.00000000
1864   1286235100.00000000
1865   1292820200.00000000
1866   1299436600.00000000
1867   1306084200.00000000
1868   1312763600.00000000
1869   1319474900.00000000
1870   1326218100.00000000
1871   1332993300.00000000
1872   1339800400.00000000
1873   1346640100.00000000
1874   1353512000.00000000
1875   1360416600.00000000
1876   1367353900.00000000
1877   1374324200.00000000
1878   1381327500.00000000
1879   1388363700.00000000
1880   1395433400.00000000
1881   1402536800.00000000
1882   1409673400.00000000
1883   1416844000.00000000
1884   1424048200.00000000
1885   1431286800.00000000
1886   1438559400.00000000
1887   1445866300.00000000
1888   1453207900.00000000
1889   1460583900.00000000
1890   1467994900.00000000
1891   1475440600.00000000
1892   1482921600.00000000
1893   1490437600.00000000
1894   1497989200.00000000
1895   1505576200.00000000
1896   1513199300.00000000
1897   1520857800.00000000
1898   1528552400.00000000
1899   1536283300.00000000
1900   1544050800.00000000
1901   1551854300.00000000
1902   1559694700.00000000
1903   1567571900.00000000
1904   1575486200.00000000
1905   1583437400.00000000
1906   1591425800.00000000
1907   1599451900.00000000
1908   1607515800.00000000
1909   1615617100.00000000
1910   1623756300.00000000
1911   1631933700.00000000
1912   1640149400.00000000
1913   1648403800.00000000
1914   1656696300.00000000
1915   1665028100.00000000
1916   1673398400.00000000
1917   1681807800.00000000
1918   1690256800.00000000
1919   1698745100.00000000
1920   1707273300.00000000
1921   1715840700.00000000
1922   1724448300.00000000
1923   1733096100.00000000
1924   1741784200.00000000
1925   1750512700.00000000
1926   1759282200.00000000
1927   1768092100.00000000
1928   1776942900.00000000
1929   1785835100.00000000
1930   1794768600.00000000
1931   1803743600.00000000
1932   1812760600.00000000
1933   1821818900.00000000
1934   1830920000.00000000
1935   1840062800.00000000
1936   1849248200.00000000
1937   1858476200.00000000
1938   1867746800.00000000
1939   1877060900.00000000
1940   1886417900.00000000
1941   1895817800.00000000
1942   1905261700.00000000
1943   1914749400.00000000
1944   1924280700.00000000
1945   1933856200.00000000
1946   1943476100.00000000
1947   1953140600.00000000
1948   1962849100.00000000
1949   1972603100.00000000
1950   1982402000.00000000
1951   1992245900.00000000
1952   2002135300.00000000
1953   2012070600.00000000
1954   2022051500.00000000
1955   2032078200.00000000
1956   2042151300.00000000
1957   2052271100.00000000
1958   2062437300.00000000
1959   2072650100.00000000
1960   2082910200.00000000
1961   2093216800.00000000
1962   2103571600.00000000
1963   2113973600.00000000
1964   2124423500.00000000
1965   2134921500.00000000
1966   2145467800.00000000
1967   2156062100.00000000
1968   2166705400.00000000
1969   2177397300.00000000
1970   2188138700.00000000
1971   2198928700.00000000
1972   2209768500.00000000
1973   2220658100.00000000
1974   2231597000.00000000
1975   2242586500.00000000
1976   2253625700.00000000
1977   2264716300.00000000
1978   2275856800.00000000
1979   2287048800.00000000
1980   2298291200.00000000
1981   2309585700.00000000
1982   2320931500.00000000
1983   2332329100.00000000
1984   2343778700.00000000
1985   2355280700.00000000
1986   2366835000.00000000
1987   2378441800.00000000
1988   2390101600.00000000
1989   2401814800.00000000
1990   2413581300.00000000
1991   2425401300.00000000
1992   2437275000.00000000
1993   2449202900.00000000
1994   2461184600.00000000
1995   2473220800.00000000
1996   2485312500.00000000
1997   2497458300.00000000
1998   2509659500.00000000
1999   2521916200.00000000
2000   2534228700.00000000
2001   2546596400.00000000
2002   2559020900.00000000
2003   2571501100.00000000
2004   2584038900.00000000
2005   2596632800.00000000
2006   2609283600.00000000
2007   2621991700.00000000
2008   2634757900.00000000
2009   2647581100.00000000
2010   2660462200.00000000
2011   2673402400.00000000
2012   2686400700.00000000
2013   2699458100.00000000
2014   2712573500.00000000
2015   2725748400.00000000
2016   2738983600.00000000
2017   2752277800.00000000
2018   2765632100.00000000
2019   2779046900.00000000
2020   2792522000.00000000
2021   2806057600.00000000
2022   2819654400.00000000
2023   2833312400.00000000
2024   2847031900.00000000
2025   2860812800.00000000
2026   2874656100.00000000
2027   2888562000.00000000
2028   2902529300.00000000
2029   2916559900.00000000
2030   2930653800.00000000
2031   2944810800.00000000
2032   2959031200.00000000
2033   2973315600.00000000
2034   2987664300.00000000
2035   3002076500.00000000
2036   3016554600.00000000
2037   3031096500.00000000
2038   3045704100.00000000
2039   3060377400.00000000
2040   3075115700.00000000
2041   3089920400.00000000
2042   3104790300.00000000
2043   3119728300.00000000
2044   3134732200.00000000
2045   3149803600.00000000
2046   3164941400.00000000
2047   3180147900.00000000
2048   3195422100.00000000
2049   3210763700.00000000
2050   3226174600.00000000
2051   3241654000.00000000
2052   3257202500.00000000
2053   3272820000.00000000
2054   3288507600.00000000
2055   3304264800.00000000
2056   3320091700.00000000
2057   3335989400.00000000
2058   3351958000.00000000
2059   3367997300.00000000
2060   3384108600.00000000
2061   3400291000.00000000
2062   3416545400.00000000
2063   3432871400.00000000
2064   3449270800.00000000
2065   3465742400.00000000
2066   3482287800.00000000
2067   3498906300.00000000
2068   3515598400.00000000
2069   3532364600.00000000
2070   3549205200.00000000
2071   3566119900.00000000
2072   3583109700.00000000
2073   3600175300.00000000
2074   3617315900.00000000
2075   3634532800.00000000
2076   3651825400.00000000
2077   3669194600.00000000
2078   3686640100.00000000
2079   3704163200.00000000
2080   3721763600.00000000
2081   3739442100.00000000
2082   3757198200.00000000
2083   3775032600.00000000
2084   3792945500.00000000
2085   3810937600.00000000
2086   3829009100.00000000
2087   3847160700.00000000
2088   3865391700.00000000
2089   3883702900.00000000
2090   3902095700.00000000
2091   3920568600.00000000
2092   3939122700.00000000
2093   3957758200.00000000
2094   3976476400.00000000
2095   3995275900.00000000
2096   4014158700.00000000
2097   4033124700.00000000
2098   4052173400.00000000
2099   4071305600.00000000
2100   4090521800.00000000
2101   4109822800.00000000
2102   4129208400.00000000
2103   4148678200.00000000
2104   4168234600.00000000
2105   4187876000.00000000
2106   4207603200.00000000
2107   4227417000.00000000
2108   4247317200.00000000
2109   4267304400.00000000
2110   4287379200.00000000
2111   4307542500.00000000
2112   4327793000.00000000
2113   4348132100.00000000
2114   4368560500.00000000
2115   4389077100.00000000
2116   4409683700.00000000
2117   4430381100.00000000
2118   4451167300.00000000
2119   4472045200.00000000
2120   4493014000.00000000
2121   4514074000.00000000
2122   4535226300.00000000
2123   4556469200.00000000
2124   4577806200.00000000
2125   4599235000.00000000
2126   4620758000.00000000
2127   4642373400.00000000
2128   4664084000.00000000
2129   4685887800.00000000
2130   4707787400.00000000
2131   4729780800.00000000
2132   4751870600.00000000
2133   4774055800.00000000
2134   4796337800.00000000
2135   4818716400.00000000
2136   4841192400.00000000
2137   4863765400.00000000
2138   4886435200.00000000
2139   4909205300.00000000
2140   4932072500.00000000
2141   4955038600.00000000
2142   4978104700.00000000
2143   5001271000.00000000
2144   5024536700.00000000
2145   5047903200.00000000
2146   5071369400.00000000
2147   5094938800.00000000
2148   5118609400.00000000
2149   5142382300.00000000
2150   5166257000.00000000
2151   5190236500.00000000
2152   5214318400.00000000
2153   5238504500.00000000
2154   5262793400.00000000
2155   5287188700.00000000
2156   5311688400.00000000
2157   5336293300.00000000
2158   5361005600.00000000
2159   5385822000.00000000
2160   5410746900.00000000
2161   5435778200.00000000
2162   5460917300.00000000
2163   5486164400.00000000
2164   5511520100.00000000
2165   5536984100.00000000
2166   5562558500.00000000
2167   5588241700.00000000
2168   5614036100.00000000
2169   5639940000.00000000
2170   5665956300.00000000
2171   5692082900.00000000
2172   5718321900.00000000
2173   5744673900.00000000
2174   5771138200.00000000
2175   5797715900.00000000
2176   5824407100.00000000
2177   5851213200.00000000
2178   5878132900.00000000
2179   5905168400.00000000
2180   5932319100.00000000
2181   5959586100.00000000
2182   5986969400.00000000
2183   6014469500.00000000
2184   6042087200.00000000
2185   6069823300.00000000
2186   6097676400.00000000
2187   6125649000.00000000
2188   6153740400.00000000
2189   6181953100.00000000
2190   6210285600.00000000
2191   6238737400.00000000
2192   6267311400.00000000
2193   6296006500.00000000
2194   6324823700.00000000
2195   6353763000.00000000
2196   6382825800.00000000
2197   6412012800.00000000
2198   6441323900.00000000
2199   6470759100.00000000
2200   6500319000.00000000
2201   6530004500.00000000
2202   6559816400.00000000
2203   6589753900.00000000
2204   6619818600.00000000
2205   6650011600.00000000
2206   6680332500.00000000
2207   6710781900.00000000
2208   6741359100.00000000
2209   6772067500.00000000
2210   6802905100.00000000
2211   6833872000.00000000
2212   6864970900.00000000
2213   6896202400.00000000
2214   6927563800.00000000
2215   6959060100.00000000
2216   6990688500.00000000
2217   7022450000.00000000
2218   7054345400.00000000
2219   7086375600.00000000
2220   7118541400.00000000
2221   7150842900.00000000
2222   7183280200.00000000
2223   7215854800.00000000
2224   7248567400.00000000
2225   7281416500.00000000
2226   7314403800.00000000
2227   7347530100.00000000
2228   7380796500.00000000
2229   7414202100.00000000
2230   7447749000.00000000
2231   7481436100.00000000
2232   7515266000.00000000
2233   7549237500.00000000
2234   7583351900.00000000
2235   7617608900.00000000
2236   7652010200.00000000
2237   7686554600.00000000
2238   7721246100.00000000
2239   7756082300.00000000
2240   7791064000.00000000
2241   7826193700.00000000
2242   7861468400.00000000
2243   7896893700.00000000
2244   7932464100.00000000
2245   7968185200.00000000
2246   8004055800.00000000
2247   8040078000.00000000
2248   8076247600.00000000
2249   8112571100.00000000
2250   8149045400.00000000
2251   8185672900.00000000
2252   8222451800.00000000
2253   8259383700.00000000
2254   8296471000.00000000
2255   8333714100.00000000
2256   8371111600.00000000
2257   8408664400.00000000
2258   8446374600.00000000
2259   8484242600.00000000
2260   8522268400.00000000
2261   8560449900.00000000
2262   8598792200.00000000
2263   8637294300.00000000
2264   8675957200.00000000
2265   8714779300.00000000
2266   8753764700.00000000
2267   8792910400.00000000
2268   8832220500.00000000
2269   8871692200.00000000
2270   8911328600.00000000
2271   8951128800.00000000
2272   8991095800.00000000
2273   9031227900.00000000
2274   9071527300.00000000
2275   9111992800.00000000
2276   9152625800.00000000
2277   9193428400.00000000
2278   9234400000.00000000
2279   9275539700.00000000
2280   9316849500.00000000
2281   9358331500.00000000
2282   9399984800.00000000
2283   9441811300.00000000
2284   9483809200.00000000
2285   9525982300.00000000
2286   9568329700.00000000
2287   9610851200.00000000
2288   9653546500.00000000
2289   9696419800.00000000
2290   9739472800.00000000
2291   9782699000.00000000
2292   9826106100.00000000
2293   9869692600.00000000
2294   9913457500.00000000
2295   9957402600.00000000
2296  10001529000.00000000
2297  10045836000.00000000
2298  10090328000.00000000
2299  10135001000.00000000
2300  10179858000.00000000
2301  10224900000.00000000
2302  10270128000.00000000
2303  10315542000.00000000
2304  10361141000.00000000
2305  10406928000.00000000
2306  10452902000.00000000
2307  10499067000.00000000
2308  10545419000.00000000
2309  10591965000.00000000
2310  10638699000.00000000
2311  10685626000.00000000
2312  10732743000.00000000
2313  10780056000.00000000
2314  10827562000.00000000
2315  10875260000.00000000
2316  10923156000.00000000
2317  10971248000.00000000
2318  11019534000.00000000
2319  11068021000.00000000
2320  11116705000.00000000
2321  11165589000.00000000
2322  11214671000.00000000
2323  11263954000.00000000
2324  11313439000.00000000
2325  11363124000.00000000
2326  11413014000.00000000
2327  11463105000.00000000
2328  11513405000.00000000
2329  11563905000.00000000
2330  11614614000.00000000
2331  11665528000.00000000
2332  11716652000.00000000
2333  11767980000.00000000
2334  11819520000.00000000
2335  11871268000.00000000
2336  11923230000.00000000
2337  11975401000.00000000
2338  12027784000.00000000
2339  12080380000.00000000
2340  12133191000.00000000
2341  12186216000.00000000
2342  12239454000.00000000
2343  12292910000.00000000
2344  12346584000.00000000
2345  12400475000.00000000
2346  12454583000.00000000
2347  12508914000.00000000
2348  12563462000.00000000
2349  12618233000.00000000
2350  12673224000.00000000
2351  12728441000.00000000
2352  12783876000.00000000
2353  12839539000.00000000
2354  12895427000.00000000
2355  12951542000.00000000
2356  13007883000.00000000
2357  13064452000.00000000
2358  13121249000.00000000
2359  13178276000.00000000
2360  13235535000.00000000
2361  13293020000.00000000
2362  13350740000.00000000
2363  13408695000.00000000
2364  13466883000.00000000
2365  13525302000.00000000
2366  13583962000.00000000
2367  13642855000.00000000
2368  13701987000.00000000
2369  13761355000.00000000
2370  13820963000.00000000
2371  13880811000.00000000
2372  13940900000.00000000
2373  14001231000.00000000
2374  14061806000.00000000
2375  14122624000.00000000
2376  14183683000.00000000
2377  14244991000.00000000
2378  14306543000.00000000
2379  14368346000.00000000
2380  14430391000.00000000
2381  14492689000.00000000
2382  14555237000.00000000
2383  14618036000.00000000
2384  14681084000.00000000
2385  14744390000.00000000
2386  14807945000.00000000
2387  14871757000.00000000
2388  14935824000.00000000
2389  15000146000.00000000
2390  15064725000.00000000
2391  15129564000.00000000
2392  15194663000.00000000
2393  15260021000.00000000
2394  15325643000.00000000
2395  15391524000.00000000
2396  15457669000.00000000
2397  15524079000.00000000
2398  15590754000.00000000
2399  15657695000.00000000
2400  15724901000.00000000
2401  15792378000.00000000
2402  15860123000.00000000
2403  15928137000.00000000
2404  15996424000.00000000
2405  16064981000.00000000
2406  16133814000.00000000
2407  16202919000.00000000
2408  16272299000.00000000
2409  16341955000.00000000
2410  16411889000.00000000
2411  16482100000.00000000
2412  16552592000.00000000
2413  16623364000.00000000
2414  16694414000.00000000
2415  16765751000.00000000
2416  16837367000.00000000
2417  16909271000.00000000
2418  16981460000.00000000
2419  17053931000.00000000
2420  17126690000.00000000
2421  17199744000.00000000
2422  17273080000.00000000
2423  17346712000.00000000
2424  17420635000.00000000
2425  17494848000.00000000
2426  17569357000.00000000
2427  17644158000.00000000
2428  17719261000.00000000
2429  17794654000.00000000
2430  17870350000.00000000
2431  17946341000.00000000
2432  18022637000.00000000
2433  18099231000.00000000
2434  18176132000.00000000
2435  18253331000.00000000
2436  18330839000.00000000
2437  18408649000.00000000
2438  18486768000.00000000
2439  18565195000.00000000
2440  18643931000.00000000
2441  18722979000.00000000
2442  18802337000.00000000
2443  18882009000.00000000
2444  18961994000.00000000
2445  19042294000.00000000
2446  19122908000.00000000
2447  19203841000.00000000
2448  19285091000.00000000
2449  19366660000.00000000
2450  19448551000.00000000
2451  19530764000.00000000
2452  19613301000.00000000
2453  19696161000.00000000
2454  19779347000.00000000
2455  19862857000.00000000
2456  19946697000.00000000
2457  20030867000.00000000
2458  20115366000.00000000
2459  20200194000.00000000
2460  20285357000.00000000
2461  20370851000.00000000
2462  20456682000.00000000
2463  20542849000.00000000
2464  20629355000.00000000
2465  20716194000.00000000
2466  20803378000.00000000
2467  20890902000.00000000
2468  20978767000.00000000
2469  21066976000.00000000
2470  21155528000.00000000
2471  21244426000.00000000
2472  21333677000.00000000
2473  21423268000.00000000
2474  21513213000.00000000
2475  21603513000.00000000
2476  21694161000.00000000
2477  21785162000.00000000
2478  21876517000.00000000
2479  21968231000.00000000
2480  22060295000.00000000
2481  22152725000.00000000
2482  22245513000.00000000
2483  22338664000.00000000
2484  22432176000.00000000
2485  22526049000.00000000
2486  22620292000.00000000
2487  22714898000.00000000
2488  22809871000.00000000
2489  22905217000.00000000
2490  23000932000.00000000
2491  23097018000.00000000
2492  23193477000.00000000
2493  23290310000.00000000
2494  23387518000.00000000
2495  23485104000.00000000
2496  23583070000.00000000
2497  23681412000.00000000
2498  23780141000.00000000
2499  23879247000.00000000
2500  23978740000.00000000
2501  24078611000.00000000
2502  24178880000.00000000
2503  24279527000.00000000
2504  24380572000.00000000
2505  24481999000.00000000
2506  24583826000.00000000
2507  24686042000.00000000
2508  24788656000.00000000
2509  24891667000.00000000
2510  24995073000.00000000
2511  25098883000.00000000
2512  25203082000.00000000
2513  25307690000.00000000
2514  25412700000.00000000
2515  25518122000.00000000
2516  25623944000.00000000
2517  25730179000.00000000
2518  25836816000.00000000
2519  25943869000.00000000
2520  26051329000.00000000
2521  26159212000.00000000
2522  26267501000.00000000
2523  26376208000.00000000
2524  26485335000.00000000
2525  26594882000.00000000
2526  26704851000.00000000
2527  26815240000.00000000
2528  26926055000.00000000
2529  27037296000.00000000
2530  27148964000.00000000
2531  27261059000.00000000
2532  27373586000.00000000
2533  27486540000.00000000
2534  27599931000.00000000
2535  27713752000.00000000
2536  27828019000.00000000
2537  27942716000.00000000
2538  28057854000.00000000
2539  28173435000.00000000
2540  28289459000.00000000
2541  28405926000.00000000
2542  28522833000.00000000
2543  28640197000.00000000
2544  28758003000.00000000
2545  28876260000.00000000
2546  28994966000.00000000
2547  29114133000.00000000
2548  29233749000.00000000
2549  29353826000.00000000
2550  29474360000.00000000
2551  29595353000.00000000
2552  29716809000.00000000
2553  29838730000.00000000
2554  29961108000.00000000
2555  30083961000.00000000
2556  30207277000.00000000
2557  30331065000.00000000
2558  30455321000.00000000
2559  30580054000.00000000
2560  30705266000.00000000
2561  30830946000.00000000
2562  30957109000.00000000
2563  31083748000.00000000
2564  31210873000.00000000
2565  31338480000.00000000
2566  31466569000.00000000
2567  31595141000.00000000
2568  31724211000.00000000
2569  31853763000.00000000
2570  31983812000.00000000
2571  32114351000.00000000
2572  32245390000.00000000
2573  32376920000.00000000
2574  32508952000.00000000
2575  32641485000.00000000
2576  32774517000.00000000
2577  32908059000.00000000
2578  33042093000.00000000
2579  33176650000.00000000
2580  33311706000.00000000
2581  33447278000.00000000
2582  33583360000.00000000
2583  33719963000.00000000
2584  33857070000.00000000
2585  33994707000.00000000
2586  34132854000.00000000
2587  34271534000.00000000
2588  34410730000.00000000
2589  34550447000.00000000
2590  34690702000.00000000
2591  34831484000.00000000
2592  34972794000.00000000
2593  35114632000.00000000
2594  35257014000.00000000
2595  35399926000.00000000
2596  35543381000.00000000
2597  35687372000.00000000
2598  35831910000.00000000
2599  35976986000.00000000
2600  36122612000.00000000
2601  36268779000.00000000
2602  36415506000.00000000
2603  36562780000.00000000
2604  36710602000.00000000
2605  36858988000.00000000
2606  37007930000.00000000
2607  37157427000.00000000
2608  37307487000.00000000
2609  37458113000.00000000
2610  37609305000.00000000
2611  37761062000.00000000
2612  37913381000.00000000
2613  38066277000.00000000
2614  38219744000.00000000
2615  38373795000.00000000
2616  38528411000.00000000
2617  38683619000.00000000
2618  38839395000.00000000
2619  38995758000.00000000
2620  39152706000.00000000
2621  39310248000.00000000
2622  39468368000.00000000
2623  39627090000.00000000
2624  39786391000.00000000
2625  39946305000.00000000
2626  40106803000.00000000
2627  40267902000.00000000
2628  40429604000.00000000
2629  40591913000.00000000
2630  40754827000.00000000
2631  40918340000.00000000
2632  41082478000.00000000
2633  41247218000.00000000
2634  41412571000.00000000
2635  41578539000.00000000
2636  41745127000.00000000
2637  41912333000.00000000
2638  42080169000.00000000
2639  42248624000.00000000
2640  42417708000.00000000
2641  42587417000.00000000
2642  42757760000.00000000
2643  42928742000.00000000
2644  43100350000.00000000
2645  43272601000.00000000
2646  43445490000.00000000
2647  43619021000.00000000
2648  43793190000.00000000
2649  43968015000.00000000
2650  44143478000.00000000
2651  44319601000.00000000
2652  44496378000.00000000
2653  44673803000.00000000
2654  44851887000.00000000
2655  45030636000.00000000
2656  45210041000.00000000
2657  45390114000.00000000
2658  45570854000.00000000
2659  45752265000.00000000
2660  45934343000.00000000
2661  46117085000.00000000
2662  46300518000.00000000
2663  46484619000.00000000
2664  46669417000.00000000
2665  46854881000.00000000
2666  47041035000.00000000
2667  47227879000.00000000
2668  47415415000.00000000
2669  47603630000.00000000
2670  47792548000.00000000
2671  47982164000.00000000
2672  48172472000.00000000
2673  48363483000.00000000
2674  48555200000.00000000
2675  48747625000.00000000
2676  48940763000.00000000
2677  49134611000.00000000
2678  49329160000.00000000
2679  49524441000.00000000
2680  49720427000.00000000
2681  49917145000.00000000
2682  50114576000.00000000
2683  50312745000.00000000
2684  50511620000.00000000
2685  50711247000.00000000
2686  50911593000.00000000
2687  51112692000.00000000
2688  51314514000.00000000
2689  51517087000.00000000
2690  51720393000.00000000
2691  51924452000.00000000
2692  52129261000.00000000
2693  52334818000.00000000
2694  52541125000.00000000
2695  52748190000.00000000
2696  52956005000.00000000
2697  53164588000.00000000
2698  53373943000.00000000
2699  53584051000.00000000
2700  53794936000.00000000
2701  54006585000.00000000
2702  54219015000.00000000
2703  54432217000.00000000
2704  54646202000.00000000
2705  54860961000.00000000
2706  55076518000.00000000
2707  55292849000.00000000
2708  55509967000.00000000
2709  55727881000.00000000
2710  55946604000.00000000
2711  56166113000.00000000
2712  56386422000.00000000
2713  56607540000.00000000
2714  56829457000.00000000
2715  57052194000.00000000
2716  57275733000.00000000
2717  57500077000.00000000
2718  57725249000.00000000
2719  57951243000.00000000
2720  58178047000.00000000
2721  58405688000.00000000
2722  58634150000.00000000
2723  58863443000.00000000
2724  59093567000.00000000
2725  59324538000.00000000
2726  59556335000.00000000
2727  59788981000.00000000
2728  60022482000.00000000
2729  60256818000.00000000
2730  60492002000.00000000
2731  60728042000.00000000
2732  60964936000.00000000
2733  61202697000.00000000
2734  61441303000.00000000
2735  61680778000.00000000
2736  61921136000.00000000
2737  62162350000.00000000
2738  62404444000.00000000
2739  62647410000.00000000
2740  62891254000.00000000
2741  63135992000.00000000
2742  63381608000.00000000
2743  63628106000.00000000
2744  63875503000.00000000
2745  64123793000.00000000
2746  64372968000.00000000
2747  64623049000.00000000
2748  64874032000.00000000
2749  65125936000.00000000
2750  65378728000.00000000
2751  65632441000.00000000
2752  65887075000.00000000
2753  66142623000.00000000
2754  66399087000.00000000
2755  66656481000.00000000
2756  66914795000.00000000
2757  67174043000.00000000
2758  67434226000.00000000
2759  67695338000.00000000
2760  67957412000.00000000
2761  68220398000.00000000
2762  68484348000.00000000
2763  68749246000.00000000
2764  69015102000.00000000
2765  69281902000.00000000
2766  69549665000.00000000
2767  69818383000.00000000
2768  70088077000.00000000
2769  70358733000.00000000
2770  70630361000.00000000
2771  70902959000.00000000
2772  71176535000.00000000
2773  71451096000.00000000
2774  71726643000.00000000
2775  72003174000.00000000
2776  72280705000.00000000
2777  72559221000.00000000
2778  72838738000.00000000
2779  73119258000.00000000
2780  73400770000.00000000
2781  73683296000.00000000
2782  73966834000.00000000
2783  74251391000.00000000
2784  74536956000.00000000
2785  74823539000.00000000
2786  75111146000.00000000
2787  75399795000.00000000
2788  75689455000.00000000
2789  75980170000.00000000
2790  76271914000.00000000
2791  76564704000.00000000
2792  76858530000.00000000
2793  77153406000.00000000
2794  77449334000.00000000
2795  77746319000.00000000
2796  78044366000.00000000
2797  78343460000.00000000
2798  78643632000.00000000
2799  78944864000.00000000
2800  79247172000.00000000
2801  79550548000.00000000
2802  79855018000.00000000
2803  80160561000.00000000
2804  80467200000.00000000
2805  80774915000.00000000
2806  81083743000.00000000
2807  81393648000.00000000
2808  81704667000.00000000
2809  82016776000.00000000
2810  82330014000.00000000
2811  82644358000.00000000
2812  82959800000.00000000
2813  83276384000.00000000
2814  83594067000.00000000
2815  83912893000.00000000
2816  84232844000.00000000
2817  84553934000.00000000
2818  84876155000.00000000
2819  85199520000.00000000
2820  85524020000.00000000
2821  85849683000.00000000
2822  86176489000.00000000
2823  86504466000.00000000
2824  86833580000.00000000
2825  87163875000.00000000
2826  87495322000.00000000
2827  87827960000.00000000
2828  88161767000.00000000
2829  88496740000.00000000
2830  88832913000.00000000
2831  89170255000.00000000
2832  89508807000.00000000
2833  89848547000.00000000
2834  90189478000.00000000
2835  90531610000.00000000
2836  90874964000.00000000
2837  91219509000.00000000
2838  91565294000.00000000
2839  91912262000.00000000
2840  92260469000.00000000
2841  92609890000.00000000
2842  92960572000.00000000
2843  93312451000.00000000
2844  93665596000.00000000
2845  94019978000.00000000
2846  94375590000.00000000
2847  94732474000.00000000
2848  95090594000.00000000
2849  95449978000.00000000
2850  95810629000.00000000
2851  96172544000.00000000
2852  96535724000.00000000
2853  96900185000.00000000
2854  97265911000.00000000
2855  97632928000.00000000
2856  98001237000.00000000
2857  98370846000.00000000
2858  98741725000.00000000
2859  99113923000.00000000
2860  99487421000.00000000
2861  99862235000.00000000
2862 100238350000.00000000
2863 100615780000.00000000
2864 100994540000.00000000
2865 101374610000.00000000
2866 101756020000.00000000
2867 102138740000.00000000
2868 102522830000.00000000
2869 102908260000.00000000
2870 103295020000.00000000
2871 103683120000.00000000
2872 104072630000.00000000
2873 104463440000.00000000
2874 104855640000.00000000
2875 105249200000.00000000
2876 105644160000.00000000
2877 106040470000.00000000
2878 106438160000.00000000
2879 106837250000.00000000
2880 107237720000.00000000
2881 107639580000.00000000
2882 108042850000.00000000
2883 108447530000.00000000
2884 108853610000.00000000
2885 109261100000.00000000
2886 109670000000.00000000
2887 110080350000.00000000
2888 110492090000.00000000
2889 110905290000.00000000
2890 111319910000.00000000
2891 111735990000.00000000
2892 112153490000.00000000
2893 112572460000.00000000
2894 112992880000.00000000
2895 113414740000.00000000
2896 113838090000.00000000
2897 114262880000.00000000
2898 114689180000.00000000
2899 115116930000.00000000
2900 115546180000.00000000
2901 115976900000.00000000
2902 116409120000.00000000
2903 116842840000.00000000
2904 117278060000.00000000
2905 117714770000.00000000
2906 118153030000.00000000
2907 118592780000.00000000
2908 119034050000.00000000
2909 119476820000.00000000
2910 119921170000.00000000
2911 120367040000.00000000
2912 120814440000.00000000
2913 121263400000.00000000
2914 121713900000.00000000
2915 122165960000.00000000
2916 122619580000.00000000
2917 123074760000.00000000
2918 123531500000.00000000
2919 123989840000.00000000
2920 124449730000.00000000
2921 124911240000.00000000
2922 125374320000.00000000
2923 125839000000.00000000
2924 126305270000.00000000
2925 126773150000.00000000
2926 127242640000.00000000
2927 127713760000.00000000
2928 128186490000.00000000
2929 128660850000.00000000
2930 129136860000.00000000
2931 129614480000.00000000
2932 130093750000.00000000
2933 130574670000.00000000
2934 131057240000.00000000
2935 131541450000.00000000
2936 132027340000.00000000
2937 132514890000.00000000
2938 133004100000.00000000
2939 133495010000.00000000
2940 133987600000.00000000
2941 134481890000.00000000
2942 134977850000.00000000
2943 135475530000.00000000
2944 135974910000.00000000
2945 136476020000.00000000
2946 136978810000.00000000
2947 137483340000.00000000
2948 137989580000.00000000
2949 138497580000.00000000
2950 139007270000.00000000
2951 139518770000.00000000
2952 140031980000.00000000
2953 140546940000.00000000
2954 141063650000.00000000
2955 141582140000.00000000
2956 142102400000.00000000
2957 142624450000.00000000
2958 143148270000.00000000
2959 143673890000.00000000
2960 144201290000.00000000
2961 144730510000.00000000
2962 145261520000.00000000
2963 145794330000.00000000
2964 146328960000.00000000
2965 146865420000.00000000
2966 147403730000.00000000
2967 147943840000.00000000
2968 148485790000.00000000
2969 149029580000.00000000
2970 149575230000.00000000
2971 150122730000.00000000
2972 150672110000.00000000
2973 151223330000.00000000
2974 151776460000.00000000
2975 152331460000.00000000
2976 152888350000.00000000
2977 153447110000.00000000
2978 154007780000.00000000
2979 154570350000.00000000
2980 155134850000.00000000
2981 155701260000.00000000
2982 156269570000.00000000
2983 156839820000.00000000
2984 157411990000.00000000
2985 157986120000.00000000
2986 158562170000.00000000
2987 159140190000.00000000
2988 159720170000.00000000
2989 160302100000.00000000
2990 160886030000.00000000
2991 161471910000.00000000
2992 162059780000.00000000
2993 162649650000.00000000
2994 163241490000.00000000
2995 163835350000.00000000
2996 164431210000.00000000
2997 165029100000.00000000
2998 165628980000.00000000
2999 166230900000.00000000
3000 166834850000.00000000
3001 167440840000.00000000
3002 168048900000.00000000
3003 168658970000.00000000
3004 169271130000.00000000
3005 169885360000.00000000
3006 170501640000.00000000
3007 171119990000.00000000
3008 171740450000.00000000
3009 172362980000.00000000
3010 172987610000.00000000
3011 173614350000.00000000
3012 174243210000.00000000
3013 174874180000.00000000
3014 175507240000.00000000
3015 176142480000.00000000
3016 176779800000.00000000
3017 177419320000.00000000
3018 178060940000.00000000
3019 178704760000.00000000
3020 179350730000.00000000
3021 179998870000.00000000
3022 180649180000.00000000
3023 181301680000.00000000
3024 181956350000.00000000
3025 182613250000.00000000
3026 183272320000.00000000
3027 183933620000.00000000
3028 184597140000.00000000
3029 185262860000.00000000
3030 185930840000.00000000
3031 186601040000.00000000
3032 187273490000.00000000
3033 187948190000.00000000
3034 188625180000.00000000
3035 189304380000.00000000
3036 189985900000.00000000
3037 190669690000.00000000
3038 191355740000.00000000
3039 192044100000.00000000
3040 192734770000.00000000
3041 193427750000.00000000
3042 194123030000.00000000
3043 194820620000.00000000
3044 195520570000.00000000
3045 196222820000.00000000
3046 196927440000.00000000
3047 197634430000.00000000
3048 198343740000.00000000
3049 199055440000.00000000
3050 199769490000.00000000
3051 200485980000.00000000
3052 201204790000.00000000
3053 201926040000.00000000
3054 202649660000.00000000
3055 203375720000.00000000
3056 204104160000.00000000
3057 204835050000.00000000
3058 205568350000.00000000
3059 206304150000.00000000
3060 207042300000.00000000
3061 207782990000.00000000
3062 208526060000.00000000
3063 209271670000.00000000
3064 210019740000.00000000
3065 210770280000.00000000
3066 211523330000.00000000
3067 212278900000.00000000
3068 213036940000.00000000
3069 213797480000.00000000
3070 214560610000.00000000
3071 215326180000.00000000
3072 216094380000.00000000
3073 216865050000.00000000
3074 217638360000.00000000
3075 218414160000.00000000
3076 219192540000.00000000
3077 219973480000.00000000
3078 220757050000.00000000
3079 221543180000.00000000
3080 222331930000.00000000
3081 223123330000.00000000
3082 223917310000.00000000
3083 224713920000.00000000
3084 225513140000.00000000
3085 226315010000.00000000
3086 227119520000.00000000
3087 227926720000.00000000
3088 228736550000.00000000
3089 229549090000.00000000
3090 230364320000.00000000
3091 231182220000.00000000
3092 232002770000.00000000
3093 232826080000.00000000
3094 233652090000.00000000
3095 234480830000.00000000
3096 235312290000.00000000
3097 236146520000.00000000
3098 236983490000.00000000
3099 237823190000.00000000
3100 238665680000.00000000
3101 239510930000.00000000
3102 240358960000.00000000
3103 241209770000.00000000
3104 242063420000.00000000
3105 242919830000.00000000
3106 243779100000.00000000
3107 244641170000.00000000
3108 245506090000.00000000
3109 246373760000.00000000
3110 247244380000.00000000
3111 248117800000.00000000
3112 248994140000.00000000
3113 249873330000.00000000
3114 250755460000.00000000
3115 251640430000.00000000
3116 252528280000.00000000
3117 253419100000.00000000
3118 254312780000.00000000
3119 255209420000.00000000
3120 256108980000.00000000
3121 257011560000.00000000
3122 257916990000.00000000
3123 258825430000.00000000
3124 259736850000.00000000
3125 260651210000.00000000
3126 261568580000.00000000
3127 262489000000.00000000
3128 263412390000.00000000
3129 264338840000.00000000
3130 265268260000.00000000
3131 266200700000.00000000
3132 267136260000.00000000
3133 268074810000.00000000
3134 269016500000.00000000
3135 269961190000.00000000
3136 270909020000.00000000
3137 271859900000.00000000
3138 272813920000.00000000
3139 273771010000.00000000
3140 274731220000.00000000
3141 275694590000.00000000
3142 276661050000.00000000
3143 277630660000.00000000
3144 278603520000.00000000
3145 279579440000.00000000
3146 280558610000.00000000
3147 281540950000.00000000
3148 282526460000.00000000
3149 283515200000.00000000
3150 284507110000.00000000
3151 285502310000.00000000
3152 286500740000.00000000
3153 287502380000.00000000
3154 288507270000.00000000
3155 289515460000.00000000
3156 290526890000.00000000
3157 291541620000.00000000
3158 292559620000.00000000
3159 293580930000.00000000
3160 294605570000.00000000
3161 295633530000.00000000
3162 296664790000.00000000
3163 297699460000.00000000
3164 298737440000.00000000
3165 299778790000.00000000
3166 300823530000.00000000
3167 301871650000.00000000
3168 302923150000.00000000
3169 303978040000.00000000
3170 305036350000.00000000
3171 306098070000.00000000
3172 307163250000.00000000
3173 308231870000.00000000
3174 309303950000.00000000
3175 310379490000.00000000
3176 311458490000.00000000
3177 312540970000.00000000
3178 313626960000.00000000
3179 314716450000.00000000
3180 315809480000.00000000
3181 316906080000.00000000
3182 318006180000.00000000
3183 319109800000.00000000
3184 320216960000.00000000
3185 321327750000.00000000
3186 322442040000.00000000
3187 323559990000.00000000
3188 324681510000.00000000
3189 325806700000.00000000
3190 326935440000.00000000
3191 328067860000.00000000
3192 329203890000.00000000
3193 330343540000.00000000
3194 331486910000.00000000
3195 332633990000.00000000
3196 333784660000.00000000
3197 334939140000.00000000
3198 336097340000.00000000
3199 337259170000.00000000
3200 338424780000.00000000
3201 339594080000.00000000
3202 340767210000.00000000
3203 341944040000.00000000
3204 343124690000.00000000
3205 344309080000.00000000
3206 345497330000.00000000
3207 346689360000.00000000
3208 347885250000.00000000
3209 349084940000.00000000
3210 350288430000.00000000
3211 351495770000.00000000
3212 352707040000.00000000
3213 353922180000.00000000
3214 355141230000.00000000
3215 356364190000.00000000
3216 357590990000.00000000
3217 358821790000.00000000
3218 360056440000.00000000
3219 361295090000.00000000
3220 362537650000.00000000
3221 363784310000.00000000
3222 365034860000.00000000
3223 366289400000.00000000
3224 367547950000.00000000
3225 368810530000.00000000
3226 370077130000.00000000
3227 371347780000.00000000
3228 372622420000.00000000
3229 373901270000.00000000
3230 375184090000.00000000
3231 376471040000.00000000
3232 377762080000.00000000
3233 379057180000.00000000
3234 380356480000.00000000
3235 381659910000.00000000
3236 382967530000.00000000
3237 384279260000.00000000
3238 385595190000.00000000
3239 386915250000.00000000
3240 388239520000.00000000
3241 389568080000.00000000
3242 390900830000.00000000
3243 392237740000.00000000
3244 393579030000.00000000
3245 394924480000.00000000
3246 396274180000.00000000
3247 397628220000.00000000
3248 398986520000.00000000
3249 400349210000.00000000
3250 401716170000.00000000
3251 403087480000.00000000
3252 404463140000.00000000
3253 405843170000.00000000
3254 407227560000.00000000
3255 408616350000.00000000
3256 410009490000.00000000
3257 411407140000.00000000
3258 412809100000.00000000
3259 414215620000.00000000
3260 415626530000.00000000
3261 417041900000.00000000
3262 418461810000.00000000
3263 419886150000.00000000
3264 421314890000.00000000
3265 422748320000.00000000
3266 424186220000.00000000
3267 425628690000.00000000
3268 427075750000.00000000
3269 428527280000.00000000
3270 429983450000.00000000
3271 431444230000.00000000
3272 432909580000.00000000
3273 434379510000.00000000
3274 435854230000.00000000
3275 437333510000.00000000
3276 438817510000.00000000
3277 440306070000.00000000
3278 441799430000.00000000
3279 443297410000.00000000
3280 444800230000.00000000
3281 446307690000.00000000
3282 447819880000.00000000
3283 449336950000.00000000
3284 450858670000.00000000
3285 452385250000.00000000
3286 453916570000.00000000
3287 455452770000.00000000
3288 456993700000.00000000
3289 458539580000.00000000
3290 460090310000.00000000
3291 461645940000.00000000
3292 463206390000.00000000
3293 464771720000.00000000
3294 466342000000.00000000
3295 467917250000.00000000
3296 469497370000.00000000
3297 471082520000.00000000
3298 472672670000.00000000
3299 474267750000.00000000
3300 475867750000.00000000
3301 477472820000.00000000
3302 479082980000.00000000
3303 480698100000.00000000
3304 482318380000.00000000
3305 483943640000.00000000
3306 485574090000.00000000
3307 487209550000.00000000
3308 488850200000.00000000
3309 490495930000.00000000
3310 492146850000.00000000
3311 493802860000.00000000
3312 495464150000.00000000
3313 497130520000.00000000
3314 498802280000.00000000
3315 500479170000.00000000
3316 502161210000.00000000
3317 503848580000.00000000
3318 505541160000.00000000
3319 507239060000.00000000
3320 508942220000.00000000
3321 510650760000.00000000
3322 512364600000.00000000
3323 514083860000.00000000
3324 515808350000.00000000
3325 517538290000.00000000
3326 519273570000.00000000
3327 521014320000.00000000
3328 522760480000.00000000
3329 524512080000.00000000
3330 526269140000.00000000
3331 528031650000.00000000
3332 529799680000.00000000
3333 531573110000.00000000
3334 533352120000.00000000
3335 535136690000.00000000
3336 536926800000.00000000
3337 538722390000.00000000
3338 540523660000.00000000
3339 542330450000.00000000
3340 544142940000.00000000
3341 545960980000.00000000
3342 547784640000.00000000
3343 549614030000.00000000
3344 551449160000.00000000
3345 553289860000.00000000
3346 555136330000.00000000
3347 556988440000.00000000
3348 558846390000.00000000
3349 560710090000.00000000
3350 562579510000.00000000
3351 564454790000.00000000
3352 566335870000.00000000
3353 568222780000.00000000
3354 570115490000.00000000
3355 572014060000.00000000
3356 573918470000.00000000
3357 575828840000.00000000
3358 577745020000.00000000
3359 579667190000.00000000
3360 581595320000.00000000
3361 583529420000.00000000
3362 585469480000.00000000
3363 587415630000.00000000
3364 589367540000.00000000
3365 591325690000.00000000
3366 593289810000.00000000
3367 595260030000.00000000
3368 597236370000.00000000
3369 599218660000.00000000
3370 601207200000.00000000
3371 603201760000.00000000
3372 605202570000.00000000
3373 607209440000.00000000
3374 609222590000.00000000
3375 611241940000.00000000
3376 613267390000.00000000
3377 615299110000.00000000
3378 617337200000.00000000
3379 619381420000.00000000
3380 621432060000.00000000
3381 623488970000.00000000
3382 625552220000.00000000
3383 627621850000.00000000
3384 629697730000.00000000
3385 631780010000.00000000
3386 633868720000.00000000
3387 635963830000.00000000
3388 638065420000.00000000
3389 640173420000.00000000
3390 642287860000.00000000
3391 644408950000.00000000
3392 646536290000.00000000
3393 648670400000.00000000
3394 650810830000.00000000
3395 652957980000.00000000
3396 655111550000.00000000
3397 657271970000.00000000
3398 659438880000.00000000
3399 661612460000.00000000
3400 663792730000.00000000
3401 665979500000.00000000
3402 668173140000.00000000
3403 670373410000.00000000
3404 672580500000.00000000
3405 674794140000.00000000
3406 677014830000.00000000
3407 679242150000.00000000
3408 681476310000.00000000
3409 683717170000.00000000
3410 685965120000.00000000
3411 688219660000.00000000
3412 690481320000.00000000
3413 692749780000.00000000
3414 695025260000.00000000
3415 697307440000.00000000
3416 699596800000.00000000
3417 701893090000.00000000
3418 704196380000.00000000
3419 706506740000.00000000
3420 708824110000.00000000
3421 711148540000.00000000
3422 713479960000.00000000
3423 715818720000.00000000
3424 718164410000.00000000
3425 720517290000.00000000
3426 722877230000.00000000
3427 725244530000.00000000
3428 727618880000.00000000
3429 730000630000.00000000
3430 732389530000.00000000
3431 734785670000.00000000
3432 737189030000.00000000
3433 739599840000.00000000
3434 742017880000.00000000
3435 744443200000.00000000
3436 746876020000.00000000
3437 749316230000.00000000
3438 751763840000.00000000
3439 754218760000.00000000
3440 756681230000.00000000
3441 759151150000.00000000
3442 761628600000.00000000
3443 764113460000.00000000
3444 766605950000.00000000
3445 769106070000.00000000
3446 771613590000.00000000
3447 774128660000.00000000
3448 776651610000.00000000
3449 779181940000.00000000
3450 781720070000.00000000
3451 784265860000.00000000
3452 786819470000.00000000
3453 789380700000.00000000
3454 791949600000.00000000
3455 794526310000.00000000
3456 797110670000.00000000
3457 799703090000.00000000
3458 802303170000.00000000
3459 804911290000.00000000
3460 807527100000.00000000
3461 810151010000.00000000
3462 812782750000.00000000
3463 815422300000.00000000
3464 818069930000.00000000
3465 820725670000.00000000
3466 823389200000.00000000
3467 826060930000.00000000
3468 828740660000.00000000
3469 831428460000.00000000
3470 834124350000.00000000
3471 836828340000.00000000
3472 839540540000.00000000
3473 842260750000.00000000
3474 844989380000.00000000
3475 847725890000.00000000
3476 850470940000.00000000
3477 853224160000.00000000
3478 855985790000.00000000
3479 858755380000.00000000
3480 861533620000.00000000
3481 864320070000.00000000
3482 867114850000.00000000
3483 869918280000.00000000
3484 872729970000.00000000
3485 875549980000.00000000
3486 878378550000.00000000
3487 881215720000.00000000
3488 884061100000.00000000
3489 886915350000.00000000
3490 889778020000.00000000
3491 892649400000.00000000
3492 895529180000.00000000
3493 898417670000.00000000
3494 901314860000.00000000
3495 904220780000.00000000
3496 907135030000.00000000
3497 910058410000.00000000
3498 912990450000.00000000
3499 915931440000.00000000
3500 918881080000.00000000
