   1            0.81859000
   2            2.11091000
   3            3.75570000
   4            5.69035000
   5            7.87666000
   6           10.28843000
   7           12.90629000
   8           15.71515000
   9           18.70281000
  10           21.85918000
  11           25.17568000
  12           28.64495000
  13           32.26055000
  14           36.01681000
  15           39.90864000
  16           43.93151000
  17           48.08129000
  18           52.35423000
  19           56.74689000
  20           61.25610000
  21           65.87894000
  22           70.61271000
  23           75.45486000
  24           80.40305000
  25           85.45509000
  26           90.60883000
  27           95.86238000
  28          101.21387000
  29          106.66154000
  30          112.20374000
  31          117.83889000
  32          123.56553000
  33          129.38220000
  34          135.28754000
  35          141.28026000
  36          147.35910000
  37          153.52289000
  38          159.77048000
  39          166.10074000
  40          172.51266000
  41          179.00520000
  42          185.57741000
  43          192.22830000
  44          198.95699000
  45          205.76259000
  46          212.64423000
  47          219.60115000
  48          226.63251000
  49          233.73756000
  50          240.91553000
  51          248.16568000
  52          255.48737000
  53          262.87985000
  54          270.34250000
  55          277.87469000
  56          285.47580000
  57          293.14511000
  58          300.88211000
  59          308.68631000
  60          316.55698000
  61          324.49362000
  62          332.49576000
  63          340.56284000
  64          348.69434000
  65          356.88974000
  66          365.14862000
  67          373.47046000
  68          381.85480000
  69          390.30115000
  70          398.80920000
  71          407.37833000
  72          416.00821000
  73          424.69849000
  74          433.44864000
  75          442.25833000
  76          451.12717000
  77          460.05466000
  78          469.04056000
  79          478.08444000
  80          487.18610000
  81          496.34488000
  82          505.56567000
  83          514.83822000
  84          524.16686000
  85          533.55147000
  86          542.99176000
  87          552.48727000
  88          562.03779000
  89          571.64287000
  90          581.30826000
  91          591.02195000
  92          600.78936000
  93          610.61035000
  94          620.48446000
  95          630.41790000
  96          640.39769000
  97          650.42985000
  98          660.52093000
  99          670.65714000
 100          680.85185000
 101          691.09119000
 102          701.38858000
 103          711.72996000
 104          722.12916000
 105          732.57911000
 106          743.07177000
 107          753.62196000
 108          764.22204000
 109          774.87173000
 110          785.57082000
 111          796.31921000
 112          807.11670000
 113          817.96289000
 114          828.85770000
 115          839.80928000
 116          850.80078000
 117          861.84012000
 118          872.93626000
 119          884.08005000
 120          895.26252000
 121          906.50116000
 122          917.78708000
 123          929.12009000
 124          940.50002000
 125          951.93620000
 126          963.40948000
 127          974.92894000
 128          986.50452000
 129          998.12641000
 130         1009.79430000
 131         1021.50802000
 132         1033.26770000
 133         1045.07271000
 134         1056.93382000
 135         1068.82967000
 136         1080.78136000
 137         1092.77823000
 138         1104.82027000
 139         1116.90726000
 140         1129.03883000
 141         1141.22625000
 142         1153.45852000
 143         1165.73537000
 144         1178.05646000
 145         1190.42204000
 146         1202.83150000
 147         1215.29722000
 148         1227.80685000
 149         1240.36062000
 150         1252.95806000
 151         1265.61207000
 152         1278.30976000
 153         1291.05115000
 154         1303.83613000
 155         1316.66458000
 156         1329.54966000
 157         1342.47824000
 158         1355.44997000
 159         1368.46522000
 160         1381.53717000
 161         1394.63852000
 162         1407.81090000
 163         1421.01234000
 164         1434.27093000
 165         1447.55833000
 166         1460.91763000
 167         1474.30527000
 168         1487.75042000
 169         1501.23865000
 170         1514.76960000
 171         1528.35852000
 172         1541.99045000
 173         1555.66503000
 174         1569.38243000
 175         1583.15804000
 176         1596.97650000
 177         1610.83770000
 178         1624.75760000
 179         1638.72055000
 180         1652.72596000
 181         1666.79066000
 182         1680.89801000
 183         1695.04825000
 184         1709.25794000
 185         1723.51046000
 186         1737.80597000
 187         1752.16118000
 188         1766.55957000
 189         1781.00042000
 190         1795.50197000
 191         1810.04655000
 192         1824.65193000
 193         1839.28204000
 194         1853.99183000
 195         1868.72623000
 196         1883.52228000
 197         1898.36131000
 198         1913.26209000
 199         1928.20608000
 200         1943.19341000
 201         1958.24291000
 202         1973.33599000
 203         1988.49173000
 204         2003.69113000
 205         2018.93397000
 206         2034.24005000
 207         2049.58979000
 208         2064.98319000
 209         2080.44067000
 210         2095.96253000
 211         2111.50725000
 212         2127.13777000
 213         2142.79119000
 214         2158.50951000
 215         2174.29348000
 216         2190.10004000
 217         2205.99413000
 218         2221.91088000
 219         2237.89355000
 220         2253.94288000
 221         2270.03719000
 222         2286.17579000
 223         2302.38189000
 224         2318.63288000
 225         2334.95107000
 226         2351.31452000
 227         2367.72328000
 228         2384.19985000
 229         2400.74574000
 230         2417.33690000
 231         2433.97337000
 232         2450.67954000
 233         2467.43140000
 234         2484.25340000
 235         2501.12099000
 236         2518.03519000
 237         2535.01967000
 238         2552.07522000
 239         2569.17711000
 240         2586.32592000
 241         2603.54594000
 242         2620.81300000
 243         2638.15249000
 244         2655.53893000
 245         2672.99826000
 246         2690.50493000
 247         2708.08523000
 248         2725.71278000
 249         2743.38788000
 250         2761.13777000
 251         2778.96225000
 252         2796.83455000
 253         2814.75497000
 254         2832.75115000
 255         2850.82315000
 256         2868.94355000
 257         2887.11289000
 258         2905.35925000
 259         2923.65397000
 260         2942.02645000
 261         2960.44823000
 262         2978.94801000
 263         2997.49752000
 264         3016.12530000
 265         3034.80271000
 266         3053.55992000
 267         3072.36720000
 268         3091.22461000
 269         3110.16203000
 270         3129.18003000
 271         3148.24923000
 272         3167.39927000
 273         3186.60068000
 274         3205.85304000
 275         3225.18774000
 276         3244.60536000
 277         3264.07449000
 278         3283.59494000
 279         3303.19957000
 280         3322.88792000
 281         3342.62844000
 282         3362.42167000
 283         3382.29967000
 284         3402.26325000
 285         3422.27965000
 286         3442.34942000
 287         3462.50556000
 288         3482.74812000
 289         3503.04468000
 290         3523.39553000
 291         3543.83362000
 292         3564.32595000
 293         3584.90659000
 294         3605.57635000
 295         3626.26641000
 296         3647.08033000
 297         3667.94960000
 298         3688.87428000
 299         3709.88974000
 300         3730.96030000
 301         3752.12274000
 302         3773.34076000
 303         3794.65098000
 304         3816.05448000
 305         3837.47760000
 306         3859.03053000
 307         3880.64046000
 308         3902.30793000
 309         3924.06909000
 310         3945.88857000
 311         3967.80232000
 312         3989.77461000
 313         4011.84256000
 314         4033.96902000
 315         4056.19173000
 316         4078.47346000
 317         4100.85283000
 318         4123.29119000
 319         4145.82727000
 320         4168.42363000
 321         4191.11806000
 322         4213.87301000
 323         4236.72768000
 324         4259.64261000
 325         4282.65814000
 326         4305.73416000
 327         4328.91166000
 328         4352.15097000
 329         4375.49159000
 330         4398.89451000
 331         4422.40018000
 332         4445.96763000
 333         4469.63922000
 334         4493.37233000
 335         4517.21048000
 336         4541.11223000
 337         4565.11835000
 338         4589.18862000
 339         4613.32204000
 340         4637.56151000
 341         4661.90874000
 342         4686.31959000
 343         4710.83856000
 344         4735.42222000
 345         4760.07060000
 346         4784.87177000
 347         4809.69442000
 348         4834.62679000
 349         4859.66899000
 350         4884.77747000
 351         4909.95230000
 352         4935.23816000
 353         4960.63677000
 354         4986.10114000
 355         5011.63403000
 356         5037.27872000
 357         5062.99141000
 358         5088.81846000
 359         5114.75946000
 360         5140.76947000
 361         5166.84751000
 362         5193.04125000
 363         5219.30355000
 364         5245.68251000
 365         5272.13113000
 366         5298.69682000
 367         5325.38079000
 368         5352.08721000
 369         5378.96037000
 370         5405.85560000
 371         5432.91895000
 372         5460.00454000
 373         5487.20979000
 374         5514.53704000
 375         5541.93567000
 376         5569.45617000
 377         5597.04918000
 378         5624.71424000
 379         5652.55287000
 380         5680.41387000
 381         5708.39898000
 382         5736.50832000
 383         5764.69134000
 384         5792.94814000
 385         5821.33155000
 386         5849.78875000
 387         5878.37301000
 388         5907.08391000
 389         5935.81776000
 390         5964.73206000
 391         5993.67062000
 392         6022.78990000
 393         6051.93252000
 394         6081.25727000
 395         6110.60552000
 396         6140.08509000
 397         6169.69503000
 398         6199.38284000
 399         6229.20257000
 400         6259.10022000
 401         6289.07698000
 402         6319.18586000
 403         6349.42924000
 404         6379.75115000
 405         6410.15284000
 406         6440.68922000
 407         6471.30654000
 408         6502.05843000
 409         6532.89130000
 410         6563.86090000
 411         6594.91153000
 412         6626.10047000
 413         6657.36991000
 414         6688.72163000
 415         6720.21245000
 416         6751.84308000
 417         6783.55600000
 418         6815.35243000
 419         6847.28946000
 420         6879.36781000
 421         6911.52967000
 422         6943.77571000
 423         6976.16385000
 424         7008.63795000
 425         7041.25461000
 426         7073.95612000
 427         7106.74259000
 428         7139.67471000
 429         7172.75263000
 430         7205.91668000
 431         7239.16577000
 432         7272.56319000
 433         7306.10796000
 434         7339.74068000
 435         7373.45970000
 436         7407.32745000
 437         7441.28388000
 438         7475.39068000
 439         7509.58505000
 440         7543.86709000
 441         7578.30206000
 442         7612.88895000
 443         7647.56469000
 444         7682.33054000
 445         7717.25089000
 446         7752.25966000
 447         7787.42341000
 448         7822.67857000
 449         7858.08862000
 450         7893.58954000
 451         7929.24703000
 452         7964.99664000
 453         8000.83847000
 454         8036.83768000
 455         8072.99562000
 456         8109.24699000
 457         8145.59070000
 458         8182.09576000
 459         8218.69321000
 460         8255.45251000
 461         8292.30487000
 462         8329.25278000
 463         8366.36278000
 464         8403.63503000
 465         8441.00405000
 466         8478.46815000
 467         8516.09655000
 468         8553.82008000
 469         8591.71083000
 470         8629.69738000
 471         8667.85105000
 472         8706.10300000
 473         8744.45091000
 474         8782.96740000
 475         8821.65206000
 476         8860.36458000
 477         8899.31729000
 478         8938.29809000
 479         8977.52066000
 480         9016.77093000
 481         9056.19289000
 482         9095.78793000
 483         9135.48291000
 484         9175.27792000
 485         9215.24627000
 486         9255.31719000
 487         9295.56195000
 488         9335.90812000
 489         9376.43173000
 490         9417.05622000
 491         9457.78412000
 492         9498.68789000
 493         9539.77139000
 494         9580.88189000
 495         9622.24765000
 496         9663.64064000
 497         9705.29115000
 498         9746.96971000
 499         9788.82915000
 500         9830.87028000
 501         9873.01707000
 502         9915.26836000
 503         9957.70409000
 504        10000.24567000
 505        10042.97160000
 506        10085.80468000
 507        10128.74378000
 508        10171.86937000
 509        10215.18103000
 510        10258.52229000
 511        10302.12950000
 512        10345.76656000
 513        10389.67182000
 514        10433.60592000
 515        10477.72974000
 516        10522.04348000
 517        10566.46739000
 518        10611.00351000
 519        10655.72915000
 520        10700.56643000
 521        10745.59569000
 522        10790.73732000
 523        10835.99077000
 524        10881.43903000
 525        10927.08103000
 526        10972.75474000
 527        11018.70713000
 528        11064.68889000
 529        11110.95100000
 530        11157.24403000
 531        11203.73517000
 532        11250.42526000
 533        11297.14509000
 534        11344.14791000
 535        11391.18463000
 536        11438.50471000
 537        11485.85764000
 538        11533.41134000
 539        11581.16667000
 540        11629.04103000
 541        11677.03059000
 542        11725.22600000
 543        11773.53998000
 544        11822.05704000
 545        11870.69340000
 546        11919.44922000
 547        11968.41100000
 548        12017.49296000
 549        12066.78346000
 550        12116.19353000
 551        12165.81068000
 552        12215.55083000
 553        12265.41275000
 554        12315.48470000
 555        12365.76752000
 556        12416.17212000
 557        12466.70000000
 558        12517.34857000
 559        12568.21134000
 560        12619.28916000
 561        12670.48903000
 562        12721.81380000
 563        12773.35387000
 564        12825.01823000
 565        12876.90051000
 566        12928.90645000
 567        12981.03892000
 568        13033.38957000
 569        13085.95788000
 570        13138.65409000
 571        13191.47697000
 572        13244.42802000
 573        13297.59874000
 574        13350.99139000
 575        13404.51220000
 576        13458.16133000
 577        13512.03539000
 578        13566.03714000
 579        13620.26230000
 580        13674.62149000
 581        13729.10644000
 582        13783.81925000
 583        13838.75941000
 584        13893.73264000
 585        13949.03111000
 586        14004.36434000
 587        14059.92693000
 588        14115.71980000
 589        14171.64429000
 590        14227.70192000
 591        14283.99007000
 592        14340.41357000
 593        14397.06885000
 594        14453.85885000
 595        14510.78225000
 596        14567.94196000
 597        14625.23443000
 598        14682.76448000
 599        14740.42808000
 600        14798.33054000
 601        14856.36875000
 602        14914.54282000
 603        14972.95603000
 604        15031.50734000
 605        15090.29616000
 606        15149.22531000
 607        15208.39762000
 608        15267.70526000
 609        15327.15126000
 610        15386.84210000
 611        15446.67209000
 612        15506.74532000
 613        15566.95703000
 614        15627.31170000
 615        15687.91133000
 616        15748.75829000
 617        15809.74528000
 618        15870.87537000
 619        15932.25450000
 620        15993.77311000
 621        16055.43576000
 622        16117.34917000
 623        16179.40593000
 624        16241.71476000
 625        16304.16627000
 626        16366.86967000
 627        16429.71951000
 628        16492.71447000
 629        16555.96154000
 630        16619.46465000
 631        16683.00542000
 632        16746.91069000
 633        16810.85391000
 634        16875.05530000
 635        16939.51276000
 636        17004.12006000
 637        17068.87432000
 638        17133.88789000
 639        17199.05074000
 640        17264.36147000
 641        17329.93478000
 642        17395.76859000
 643        17461.64426000
 644        17527.89202000
 645        17594.17889000
 646        17660.72993000
 647        17727.54606000
 648        17794.51636000
 649        17861.63643000
 650        17929.02332000
 651        17996.56384000
 652        18064.37410000
 653        18132.33572000
 654        18200.56687000
 655        18268.83962000
 656        18337.49512000
 657        18406.30672000
 658        18475.27611000
 659        18544.39877000
 660        18613.79452000
 661        18683.46741000
 662        18753.29350000
 663        18823.27920000
 664        18893.53758000
 665        18963.95797000
 666        19034.65082000
 667        19105.50338000
 668        19176.51577000
 669        19247.80554000
 670        19319.25758000
 671        19390.98680000
 672        19462.87754000
 673        19534.92835000
 674        19607.26128000
 675        19679.87574000
 676        19752.65338000
 677        19825.59436000
 678        19898.81545000
 679        19972.20391000
 680        20045.75191000
 681        20119.58823000
 682        20193.58971000
 683        20267.87446000
 684        20342.32685000
 685        20417.06548000
 686        20491.97099000
 687        20567.16738000
 688        20642.52987000
 689        20718.05862000
 690        20793.88006000
 691        20869.86533000
 692        20946.02113000
 693        21022.59530000
 694        21099.21237000
 695        21176.12207000
 696        21253.20237000
 697        21330.57999000
 698        21408.12577000
 699        21485.96700000
 700        21563.98217000
 701        21642.16817000
 702        21720.65309000
 703        21799.30967000
 704        21878.26326000
 705        21957.39271000
 706        22036.82389000
 707        22116.42847000
 708        22196.20658000
 709        22276.28828000
 710        22356.54103000
 711        22437.10215000
 712        22517.83853000
 713        22598.87966000
 714        22680.09861000
 715        22761.49553000
 716        22843.19736000
 717        22925.07636000
 718        23007.26505000
 719        23089.63178000
 720        23172.17498000
 721        23255.03146000
 722        23338.19882000
 723        23421.54594000
 724        23505.07299000
 725        23588.77841000
 726        23672.93507000
 727        23757.13660000
 728        23841.65274000
 729        23926.35245000
 730        24011.36817000
 731        24096.56661000
 732        24182.08253000
 733        24267.78204000
 734        24353.80221000
 735        24440.00511000
 736        24526.39266000
 737        24613.10273000
 738        24700.00008000
 739        24787.21445000
 740        24874.62221000
 741        24962.20955000
 742        25050.12628000
 743        25138.22518000
 744        25226.65497000
 745        25315.26606000
 746        25404.21122000
 747        25493.34389000
 748        25582.80681000
 749        25672.45279000
 750        25762.29440000
 751        25852.46283000
 752        25942.82782000
 753        26033.51932000
 754        26124.40469000
 755        26215.48233000
 756        26306.89196000
 757        26398.63998000
 758        26490.43277000
 759        26582.70887000
 760        26675.03367000
 761        26767.69744000
 762        26860.69580000
 763        26953.89182000
 764        27047.28206000
 765        27141.01425000
 766        27234.93790000
 767        27329.21227000
 768        27423.67353000
 769        27518.48521000
 770        27613.49013000
 771        27708.69583000
 772        27804.24101000
 773        27899.99342000
 774        27996.08495000
 775        28092.37908000
 776        28188.87229000
 777        28285.71580000
 778        28382.90694000
 779        28480.30068000
 780        28577.88975000
 781        28675.83955000
 782        28773.98930000
 783        28872.33730000
 784        28971.04246000
 785        29070.09830000
 786        29169.36154000
 787        29268.82296000
 788        29368.64831000
 789        29468.67272000
 790        29569.06072000
 791        29669.64683000
 792        29770.44820000
 793        29871.60001000
 794        29972.96611000
 795        30074.68604000
 796        30176.62124000
 797        30278.91174000
 798        30381.41845000
 799        30484.28196000
 800        30587.20669000
 801        30690.64729000
 802        30794.30026000
 803        30898.16194000
 804        31002.39347000
 805        31106.83270000
 806        31211.48753000
 807        31316.50841000
 808        31421.90225000
 809        31527.51337000
 810        31633.33035000
 811        31739.52418000
 812        31845.92867000
 813        31952.54981000
 814        32059.70412000
 815        32166.91815000
 816        32274.49893000
 817        32382.30609000
 818        32490.48546000
 819        32598.88233000
 820        32707.65686000
 821        32816.65579000
 822        32926.02600000
 823        33035.62156000
 824        33145.43275000
 825        33255.62911000
 826        33366.04202000
 827        33476.84366000
 828        33587.85883000
 829        33699.26824000
 830        33810.89212000
 831        33922.74261000
 832        34034.97339000
 833        34147.60161000
 834        34260.28403000
 835        34373.51920000
 836        34486.81699000
 837        34600.66968000
 838        34714.58536000
 839        34828.88235000
 840        34943.58200000
 841        35058.33677000
 842        35173.65967000
 843        35289.20279000
 844        35404.97445000
 845        35520.97482000
 846        35637.37797000
 847        35754.17266000
 848        35871.20194000
 849        35988.44954000
 850        36106.11128000
 851        36224.16770000
 852        36342.28906000
 853        36460.97793000
 854        36579.73211000
 855        36698.88346000
 856        36818.44550000
 857        36938.23792000
 858        37058.26921000
 859        37178.70079000
 860        37299.37643000
 861        37420.44971000
 862        37541.76387000
 863        37663.48982000
 864        37785.44502000
 865        37907.64644000
 866        38030.24913000
 867        38153.27526000
 868        38276.35603000
 869        38400.03382000
 870        38523.94372000
 871        38648.09865000
 872        38772.48173000
 873        38897.29253000
 874        39022.51935000
 875        39147.98890000
 876        39273.69710000
 877        39399.83201000
 878        39526.19793000
 879        39652.99645000
 880        39780.03126000
 881        39907.49602000
 882        40035.19803000
 883        40163.33158000
 884        40291.70337000
 885        40420.32656000
 886        40549.37042000
 887        40678.66668000
 888        40808.38521000
 889        40938.36153000
 890        41068.76170000
 891        41199.40754000
 892        41330.30805000
 893        41461.63008000
 894        41593.39674000
 895        41725.40667000
 896        41857.66885000
 897        41990.36457000
 898        42123.31356000
 899        42256.69772000
 900        42390.34058000
 901        42524.41135000
 902        42658.74628000
 903        42793.32331000
 904        42928.35709000
 905        43063.81754000
 906        43199.53976000
 907        43335.51047000
 908        43471.93681000
 909        43608.60817000
 910        43745.54273000
 911        43883.10702000
 912        44020.74137000
 913        44158.82163000
 914        44297.35806000
 915        44436.15149000
 916        44575.20211000
 917        44714.70650000
 918        44854.46452000
 919        44994.67797000
 920        45135.15061000
 921        45276.08033000
 922        45417.27483000
 923        45558.72976000
 924        45700.63473000
 925        45843.00470000
 926        45985.62769000
 927        46128.52692000
 928        46271.87488000
 929        46415.50476000
 930        46559.58039000
 931        46703.92973000
 932        46848.73568000
 933        46993.81176000
 934        47139.15816000
 935        47284.96797000
 936        47431.23771000
 937        47577.78432000
 938        47724.59393000
 939        47871.87967000
 940        48019.42944000
 941        48167.45235000
 942        48315.74027000
 943        48464.50773000
 944        48613.54597000
 945        48763.05123000
 946        48912.83778000
 947        49062.88680000
 948        49213.42403000
 949        49364.42687000
 950        49515.70831000
 951        49667.26380000
 952        49819.30616000
 953        49971.61401000
 954        50124.40565000
 955        50277.47821000
 956        50431.03142000
 957        50584.85697000
 958        50738.96466000
 959        50893.56006000
 960        51048.63467000
 961        51203.98847000
 962        51359.63629000
 963        51515.75575000
 964        51672.16051000
 965        51829.05322000
 966        51986.23720000
 967        52143.90101000
 968        52301.85715000
 969        52460.29975000
 970        52619.03083000
 971        52778.25493000
 972        52937.76369000
 973        53097.55724000
 974        53257.84112000
 975        53418.63626000
 976        53579.70824000
 977        53741.07207000
 978        53902.93460000
 979        54065.08508000
 980        54227.73096000
 981        54390.68085000
 982        54554.11781000
 983        54717.85989000
 984        54881.88219000
 985        55046.62773000
 986        55211.45104000
 987        55376.78041000
 988        55542.61198000
 989        55708.75192000
 990        55875.17018000
 991        56042.11309000
 992        56209.33530000
 993        56377.07885000
 994        56545.11799000
 995        56713.67006000
 996        56882.51878000
 997        57051.88727000
 998        57221.54834000
 999        57391.72583000
1000        57562.20719000
1001        57732.98239000
1002        57904.27626000
1003        58076.09511000
1004        58248.21490000
1005        58420.63061000
1006        58593.57363000
1007        58767.02963000
1008        58940.80423000
1009        59114.87168000
1010        59289.47518000
1011        59464.37257000
1012        59639.80778000
1013        59815.53268000
1014        59991.80763000
1015        60168.36809000
1016        60345.25625000
1017        60522.87928000
1018        60700.60168000
1019        60878.84670000
1020        61057.63133000
1021        61236.72570000
1022        61416.12999000
1023        61596.07094000
1024        61776.54445000
1025        61957.11861000
1026        62138.43796000
1027        62320.08628000
1028        62502.03711000
1029        62684.54058000
1030        62867.34228000
1031        63050.70372000
1032        63234.37521000
1033        63418.58677000
1034        63603.12018000
1035        63787.96483000
1036        63973.58819000
1037        64159.30417000
1038        64345.56428000
1039        64532.37517000
1040        64719.50578000
1041        64906.95634000
1042        65094.96005000
1043        65283.51807000
1044        65472.39255000
1045        65661.60014000
1046        65851.34796000
1047        66041.43550000
1048        66232.06498000
1049        66423.27067000
1050        66614.77957000
1051        66806.63600000
1052        66999.04893000
1053        67191.77182000
1054        67385.07516000
1055        67578.68952000
1056        67772.88614000
1057        67967.39488000
1058        68162.24374000
1059        68357.89372000
1060        68553.63539000
1061        68749.94683000
1062        68946.82368000
1063        69144.03822000
1064        69341.58513000
1065        69539.93495000
1066        69738.38900000
1067        69937.40127000
1068        70137.00689000
1069        70336.93667000
1070        70537.20781000
1071        70738.04635000
1072        70939.23877000
1073        71140.98901000
1074        71343.33817000
1075        71546.00332000
1076        71749.03039000
1077        71952.63022000
1078        72156.56446000
1079        72361.09625000
1080        72565.95785000
1081        72771.40725000
1082        72977.19911000
1083        73183.58642000
1084        73390.29992000
1085        73597.61650000
1086        73805.27197000
1087        74013.51492000
1088        74222.10954000
1089        74431.29929000
1090        74640.82430000
1091        74850.95800000
1092        75061.42807000
1093        75272.49696000
1094        75483.91506000
1095        75695.68845000
1096        75908.04544000
1097        76121.01667000
1098        76334.33352000
1099        76548.26058000
1100        76762.52254000
1101        76977.14920000
1102        77192.37665000
1103        77408.20618000
1104        77624.39062000
1105        77841.19683000
1106        78058.34122000
1107        78275.84190000
1108        78493.96685000
1109        78712.68734000
1110        78931.77220000
1111        79151.20964000
1112        79371.26908000
1113        79591.92770000
1114        79812.95903000
1115        80034.34522000
1116        80256.35716000
1117        80478.70690000
1118        80701.70243000
1119        80925.30261000
1120        81149.27296000
1121        81373.59549000
1122        81598.54940000
1123        81824.12373000
1124        82049.81538000
1125        82276.36583000
1126        82503.30844000
1127        82730.60045000
1128        82958.53566000
1129        83187.07836000
1130        83415.74595000
1131        83645.29842000
1132        83875.23440000
1133        84105.53551000
1134        84336.44825000
1135        84567.75214000
1136        84799.68198000
1137        85032.26393000
1138        85265.18931000
1139        85498.51448000
1140        85732.46927000
1141        85966.80008000
1142        86201.76865000
1143        86437.38252000
1144        86673.09971000
1145        86909.73858000
1146        87146.74411000
1147        87384.13552000
1148        87622.15759000
1149        87860.57305000
1150        88099.63374000
1151        88339.34734000
1152        88579.43738000
1153        88819.90411000
1154        89061.02623000
1155        89302.53260000
1156        89544.68983000
1157        89787.51207000
1158        90030.70787000
1159        90274.28383000
1160        90518.53374000
1161        90763.15212000
1162        91008.44642000
1163        91254.39212000
1164        91500.72772000
1165        91747.43407000
1166        91994.82667000
1167        92242.87445000
1168        92491.04389000
1169        92740.14064000
1170        92989.64393000
1171        93239.51480000
1172        93490.07790000
1173        93741.30174000
1174        93992.92809000
1175        94244.93081000
1176        94497.62313000
1177        94750.98000000
1178        95004.72857000
1179        95259.15676000
1180        95513.99107000
1181        95769.20526000
1182        96025.11490000
1183        96281.69477000
1184        96538.67650000
1185        96796.33707000
1186        97054.39405000
1187        97312.86102000
1188        97572.28705000
1189        97831.84026000
1190        98092.06997000
1191        98352.99769000
1192        98614.31868000
1193        98876.33283000
1194        99138.74819000
1195        99401.85194000
1196        99665.36480000
1197        99929.57475000
1198       100194.18830000
1199       100459.50089000
1200       100725.21141000
1201       100991.63655000
1202       101258.45404000
1203       101525.98129000
1204       101793.90889000
1205       102062.53450000
1206       102331.86628000
1207       102601.62119000
1208       102871.77192000
1209       103142.64520000
1210       103413.91547000
1211       103685.91030000
1212       103958.59649000
1213       104231.70952000
1214       104505.24267000
1215       104779.46967000
1216       105054.42660000
1217       105329.78502000
1218       105605.57295000
1219       105882.34735000
1220       106159.27111000
1221       106436.89446000
1222       106715.25375000
1223       106994.01801000
1224       107273.52023000
1225       107553.42865000
1226       107834.06996000
1227       108115.12569000
1228       108396.91634000
1229       108679.11547000
1230       108962.05864000
1231       109245.41150000
1232       109529.50329000
1233       109814.01305000
1234       110099.26378000
1235       110385.22825000
1236       110671.64148000
1237       110958.46791000
1238       111246.03933000
1239       111534.33554000
1240       111823.07587000
1241       112112.24619000
1242       112402.14391000
1243       112692.78476000
1244       112983.85781000
1245       113275.67597000
1246       113567.90586000
1247       113860.59840000
1248       114154.33074000
1249       114448.20638000
1250       114743.11723000
1251       115038.17185000
1252       115334.27173000
1253       115630.82437000
1254       115927.80070000
1255       116225.53954000
1256       116523.71063000
1257       116822.64623000
1258       117122.32565000
1259       117422.45429000
1260       117723.01766000
1261       118024.34956000
1262       118326.42926000
1263       118628.96066000
1264       118932.24183000
1265       119235.99828000
1266       119540.49161000
1267       119845.43918000
1268       120151.15542000
1269       120457.30475000
1270       120764.23970000
1271       121071.60152000
1272       121379.75094000
1273       121688.65943000
1274       121997.71066000
1275       122307.83137000
1276       122618.42749000
1277       122929.77908000
1278       123241.59985000
1279       123553.86737000
1280       123866.92329000
1281       124180.73859000
1282       124495.02571000
1283       124810.07418000
1284       125125.60337000
1285       125441.89589000
1286       125758.98376000
1287       126076.19512000
1288       126394.52473000
1289       126713.30806000
1290       127032.56069000
1291       127352.59800000
1292       127673.44457000
1293       127994.72418000
1294       128316.80734000
1295       128639.36342000
1296       128962.36943000
1297       129286.50685000
1298       129610.77063000
1299       129936.17648000
1300       130262.02768000
1301       130588.37123000
1302       130915.49542000
1303       131243.10552000
1304       131571.50603000
1305       131900.70625000
1306       132230.37897000
1307       132560.88490000
1308       132891.83321000
1309       133223.60101000
1310       133555.82815000
1311       133888.87687000
1312       134222.38612000
1313       134556.73500000
1314       134891.52973000
1315       135227.15025000
1316       135563.58217000
1317       135900.49397000
1318       136237.88598000
1319       136576.12401000
1320       136915.14552000
1321       137254.64950000
1322       137594.98707000
1323       137935.79234000
1324       138277.43328000
1325       138619.87911000
1326       138962.49084000
1327       139306.24540000
1328       139650.50348000
1329       139995.26548000
1330       140341.17487000
1331       140687.21951000
1332       141034.12448000
1333       141381.82617000
1334       141730.05171000
1335       142079.07596000
1336       142428.96557000
1337       142779.31608000
1338       143130.20964000
1339       143481.90588000
1340       143834.43901000
1341       144187.46833000
1342       144541.01059000
1343       144895.71886000
1344       145250.59897000
1345       145606.64788000
1346       145963.21318000
1347       146320.27866000
1348       146678.17275000
1349       147036.58484000
1350       147395.82763000
1351       147755.93580000
1352       148116.54774000
1353       148478.02724000
1354       148839.97842000
1355       149202.79925000
1356       149566.10966000
1357       149930.29189000
1358       150295.33056000
1359       150660.87802000
1360       151026.93448000
1361       151393.85018000
1362       151761.62651000
1363       152129.91425000
1364       152499.04778000
1365       152868.71092000
1366       153239.23898000
1367       153610.65032000
1368       153982.55973000
1369       154354.98451000
1370       154728.26126000
1371       155102.44269000
1372       155477.10764000
1373       155852.67946000
1374       156228.75319000
1375       156605.70167000
1376       156983.52633000
1377       157361.87243000
1378       157740.74021000
1379       158120.48698000
1380       158501.13149000
1381       158882.26543000
1382       159264.29923000
1383       159646.85846000
1384       160030.30235000
1385       160414.63238000
1386       160799.49020000
1387       161184.87613000
1388       161571.15095000
1389       161958.29863000
1390       162346.01186000
1391       162734.58250000
1392       163124.08227000
1393       163513.71717000
1394       163904.62797000
1395       164296.07294000
1396       164688.41622000
1397       165081.27732000
1398       165475.05650000
1399       165869.35484000
1400       166264.57343000
1401       166660.33031000
1402       167056.99184000
1403       167454.55954000
1404       167852.65006000
1405       168251.64881000
1406       168651.20744000
1407       169051.67655000
1408       169452.67103000
1409       169854.57814000
1410       170257.04789000
1411       170660.41436000
1412       171064.69704000
1413       171469.52682000
1414       171875.27492000
1415       172281.58965000
1416       172688.80680000
1417       173096.94590000
1418       173505.61774000
1419       173914.87717000
1420       174325.41654000
1421       174736.13556000
1422       175148.13743000
1423       175560.71234000
1424       175973.84219000
1425       176387.90271000
1426       176802.87700000
1427       177218.42710000
1428       177634.49813000
1429       178051.93636000
1430       178469.91604000
1431       178888.41897000
1432       179307.89753000
1433       179728.29766000
1434       180149.27902000
1435       180570.78613000
1436       180993.63458000
1437       181417.04810000
1438       181841.02701000
1439       182265.93391000
1440       182691.80762000
1441       183118.24916000
1442       183545.25886000
1443       183973.58344000
1444       184402.49711000
1445       184831.94376000
1446       185262.40154000
1447       185693.75905000
1448       186125.72728000
1449       186558.23112000
1450       186992.11733000
1451       187426.54116000
1452       187861.55976000
1453       188297.52218000
1454       188734.48692000
1455       189171.99186000
1456       189610.48236000
1457       190049.55258000
1458       190489.57239000
1459       190930.17323000
1460       191372.13451000
1461       191814.30832000
1462       192257.41678000
1463       192701.51906000
1464       193146.57817000
1465       193592.26195000
1466       194038.49344000
1467       194485.72327000
1468       194933.89494000
1469       195382.71359000
1470       195832.45674000
1471       196283.22308000
1472       196734.54177000
1473       197186.49107000
1474       197639.38859000
1475       198093.27473000
1476       198547.81371000
1477       199003.26535000
1478       199459.72894000
1479       199916.76950000
1480       200374.88344000
1481       200833.51670000
1482       201293.14683000
1483       201753.43561000
1484       202214.66430000
1485       202676.89362000
1486       203139.70501000
1487       203603.59862000
1488       204068.03613000
1489       204533.45883000
1490       204999.90803000
1491       205466.98309000
1492       205934.62444000
1493       206403.67844000
1494       206872.95737000
1495       207343.65202000
1496       207814.93649000
1497       208287.23584000
1498       208760.12634000
1499       209234.07419000
1500       209708.63480000
1501       210184.15420000
1502       210660.30790000
1503       211137.91064000
1504       211615.72213000
1505       212094.92493000
1506       212574.76583000
1507       213055.26548000
1508       213536.71142000
1509       214019.20683000
1510       214502.38415000
1511       214986.51124000
1512       215471.28078000
1513       215957.49536000
1514       216443.94306000
1515       216931.38565000
1516       217419.86569000
1517       217909.38480000
1518       218399.57234000
1519       218890.32542000
1520       219382.14121000
1521       219874.97985000
1522       220368.90507000
1523       220863.44077000
1524       221358.58713000
1525       221854.76085000
1526       222352.04669000
1527       222849.92492000
1528       223348.81337000
1529       223848.79704000
1530       224349.43828000
1531       224851.07251000
1532       225353.38673000
1533       225856.71701000
1534       226360.72884000
1535       226866.20057000
1536       227371.87198000
1537       227879.04856000
1538       228386.86837000
1539       228895.28939000
1540       229404.77687000
1541       229915.39601000
1542       230426.57637000
1543       230938.84831000
1544       231452.21339000
1545       231966.22724000
1546       232480.82612000
1547       232996.98954000
1548       233513.31413000
1549       234031.20657000
1550       234549.70893000
1551       235069.27015000
1552       235589.48557000
1553       236110.84822000
1554       236632.80193000
1555       237156.24800000
1556       237679.94416000
1557       238205.17908000
1558       238730.59991000
1559       239257.56262000
1560       239785.16454000
1561       240313.90267000
1562       240843.23790000
1563       241373.66813000
1564       241905.26047000
1565       242437.43042000
1566       242970.28748000
1567       243504.67824000
1568       244039.75856000
1569       244575.46292000
1570       245112.29284000
1571       245650.18381000
1572       246189.22559000
1573       246728.93912000
1574       247269.25839000
1575       247810.73162000
1576       248353.31628000
1577       248896.55346000
1578       249440.90431000
1579       249986.34820000
1580       250532.49162000
1581       251079.75265000
1582       251628.08833000
1583       252177.10393000
1584       252726.86678000
1585       253278.12660000
1586       253829.62685000
1587       254382.69421000
1588       254936.44568000
1589       255491.32493000
1590       256046.86729000
1591       256603.56227000
1592       257161.38905000
1593       257719.83622000
1594       258279.46274000
1595       258839.80159000
1596       259401.20888000
1597       259963.33003000
1598       260527.01446000
1599       261091.46072000
1600       261656.50981000
1601       262222.70152000
1602       262790.08318000
1603       263358.13862000
1604       263927.31779000
1605       264497.19499000
1606       265068.64894000
1607       265640.42109000
1608       266213.72725000
1609       266787.71214000
1610       267362.44543000
1611       267938.33409000
1612       268515.35660000
1613       269093.49143000
1614       269672.33228000
1615       270251.94912000
1616       270833.11296000
1617       271415.00886000
1618       271997.61385000
1619       272581.33788000
1620       273166.25257000
1621       273751.85560000
1622       274338.69858000
1623       274926.61922000
1624       275515.23074000
1625       276105.06291000
1626       276696.09386000
1627       277287.79500000
1628       277880.19006000
1629       278474.22406000
1630       279069.02522000
1631       279664.47561000
1632       280261.61770000
1633       280858.94892000
1634       281457.99890000
1635       282057.72555000
1636       282658.61639000
1637       283260.25670000
1638       283863.08746000
1639       284466.64538000
1640       285071.81376000
1641       285677.22187000
1642       286284.38725000
1643       286892.18786000
1644       287501.23494000
1645       288110.99068000
1646       288721.89907000
1647       289333.58977000
1648       289946.90443000
1649       290560.55879000
1650       291175.79187000
1651       291791.78715000
1652       292408.96716000
1653       293026.93525000
1654       293646.06620000
1655       294266.38582000
1656       294887.47207000
1657       295509.79818000
1658       296132.81933000
1659       296757.03386000
1660       297382.46785000
1661       298008.72197000
1662       298636.09990000
1663       299264.72591000
1664       299894.07665000
1665       300524.70258000
1666       301156.00555000
1667       301788.53682000
1668       302422.32281000
1669       303057.34049000
1670       303693.08834000
1671       304329.56650000
1672       304967.83347000
1673       305606.27881000
1674       306246.44167000
1675       306887.38864000
1676       307529.57617000
1677       308172.49952000
1678       308817.12284000
1679       309462.05193000
1680       310108.70940000
1681       310756.10650000
1682       311404.21834000
1683       312053.60490000
1684       312704.29304000
1685       313356.15852000
1686       314008.81824000
1687       314662.68273000
1688       315317.39369000
1689       315973.26121000
1690       316630.43880000
1691       317288.33896000
1692       317947.52646000
1693       318607.97750000
1694       319269.15372000
1695       319931.62147000
1696       320595.38245000
1697       321259.87128000
1698       321925.60455000
1699       322592.19526000
1700       323259.95598000
1701       323929.04232000
1702       324598.83483000
1703       325269.98123000
1704       325942.35449000
1705       326615.48804000
1706       327289.92824000
1707       327965.65102000
1708       328642.13679000
1709       329319.88161000
1710       329998.41692000
1711       330678.26567000
1712       331359.37757000
1713       332041.23064000
1714       332724.87321000
1715       333408.89147000
1716       334094.62431000
1717       334781.15444000
1718       335468.45606000
1719       336157.13459000
1720       336847.00812000
1721       337538.20940000
1722       338230.15982000
1723       338923.51965000
1724       339618.07985000
1725       340313.47101000
1726       341009.66717000
1727       341707.64961000
1728       342406.41295000
1729       343106.48863000
1730       343807.39995000
1731       344509.57298000
1732       345213.06260000
1733       345917.33731000
1734       346623.01122000
1735       347329.89907000
1736       348037.65503000
1737       348746.65393000
1738       349456.57635000
1739       350168.22644000
1740       350880.72206000
1741       351593.98297000
1742       352308.68165000
1743       353024.57721000
1744       353741.86001000
1745       354459.91203000
1746       355178.86880000
1747       355899.56672000
1748       356621.14488000
1749       357343.98160000
1750       358067.75482000
1751       358792.76175000
1752       359519.14025000
1753       360246.34928000
1754       360974.90520000
1755       361704.72761000
1756       362435.43809000
1757       363167.49959000
1758       363900.83161000
1759       364635.05475000
1760       365370.57813000
1761       366107.02199000
1762       366844.71351000
1763       367583.79203000
1764       368324.20411000
1765       369065.51352000
1766       369808.10365000
1767       370551.56514000
1768       371296.85954000
1769       372042.56087000
1770       372790.04288000
1771       373538.42830000
1772       374288.10239000
1773       375038.73747000
1774       375790.63560000
1775       376543.93812000
1776       377298.56283000
1777       378054.15324000
1778       378810.45739000
1779       379568.72645000
1780       380327.85203000
1781       381088.33448000
1782       381849.61864000
1783       382612.31850000
1784       383376.40766000
1785       384141.35793000
1786       384907.61498000
1787       385675.32214000
1788       386443.89341000
1789       387213.83231000
1790       387985.11206000
1791       388757.28718000
1792       389530.91968000
1793       390305.84015000
1794       391081.68754000
1795       391858.85378000
1796       392637.51229000
1797       393416.95748000
1798       394197.84035000
1799       394980.04761000
1800       395763.24563000
1801       396547.74165000
1802       397333.71031000
1803       398120.47094000
1804       398908.73578000
1805       399698.33317000
1806       400488.84099000
1807       401280.74168000
1808       402074.06594000
1809       402868.21644000
1810       403663.85137000
1811       404460.88507000
1812       405258.77698000
1813       406058.07016000
1814       406858.79550000
1815       407660.44040000
1816       408463.49094000
1817       409267.91927000
1818       410073.27023000
1819       410880.06031000
1820       411688.29136000
1821       412497.38921000
1822       413307.87149000
1823       414119.88756000
1824       414932.68459000
1825       415746.98859000
1826       416562.65330000
1827       417379.33869000
1828       418197.32786000
1829       419016.83036000
1830       419837.72897000
1831       420659.62341000
1832       421482.30526000
1833       422307.05790000
1834       423132.69006000
1835       423959.75493000
1836       424787.70084000
1837       425617.11190000
1838       426448.08005000
1839       427279.81203000
1840       428113.62897000
1841       428947.71647000
1842       429783.95286000
1843       430620.95666000
1844       431459.49652000
1845       432299.45338000
1846       433140.42238000
1847       433982.75022000
1848       434826.06172000
1849       435670.76478000
1850       436517.04350000
1851       437364.71724000
1852       438213.31815000
1853       439063.43847000
1854       439915.01895000
1855       440767.49909000
1856       441621.44185000
1857       442476.87958000
1858       443333.28127000
1859       444191.15004000
1860       445050.42578000
1861       445910.76105000
1862       446772.47510000
1863       447635.72381000
1864       448500.47823000
1865       449366.17323000
1866       450233.34558000
1867       451101.36709000
1868       451970.96152000
1869       452842.06870000
1870       453714.69036000
1871       454588.16523000
1872       455463.18830000
1873       456339.22219000
1874       457217.22195000
1875       458096.20388000
1876       458976.07446000
1877       459858.13568000
1878       460741.02547000
1879       461624.93235000
1880       462510.84736000
1881       463397.84534000
1882       464286.21793000
1883       465175.61231000
1884       466066.50997000
1885       466958.94425000
1886       467852.88532000
1887       468747.75784000
1888       469644.23479000
1889       470541.58140000
1890       471441.05022000
1891       472340.93931000
1892       473242.92249000
1893       474145.84296000
1894       475050.82992000
1895       475956.27173000
1896       476863.81562000
1897       477772.33305000
1898       478682.31052000
1899       479593.32745000
1900       480505.93545000
1901       481419.97556000
1902       482335.64265000
1903       483252.19257000
1904       484170.43689000
1905       485089.50100000
1906       486010.78387000
1907       486933.01838000
1908       487856.82437000
1909       488781.58381000
1910       489707.85227000
1911       490635.76188000
1912       491564.62776000
1913       492495.66182000
1914       493427.06494000
1915       494360.63977000
1916       495295.17522000
1917       496231.23018000
1918       497168.90459000
1919       498107.57542000
1920       499047.83585000
1921       499989.65467000
1922       500932.96783000
1923       501877.41362000
1924       502823.32330000
1925       503770.26851000
1926       504718.74612000
1927       505668.92330000
1928       506620.63653000
1929       507573.29044000
1930       508527.58232000
1931       509483.44767000
1932       510440.92159000
1933       511399.34026000
1934       512359.40347000
1935       513320.51332000
1936       514283.13689000
1937       515247.37622000
1938       516213.19952000
1939       517180.10759000
1940       518148.53530000
1941       519118.61864000
1942       520090.35976000
1943       521062.98829000
1944       522037.27715000
1945       523012.52229000
1946       523989.53203000
1947       524968.07168000
1948       525948.14277000
1949       526929.91644000
1950       527912.71989000
1951       528896.51946000
1952       529882.49753000
1953       530869.54244000
1954       531858.29782000
1955       532848.52665000
1956       533839.85973000
1957       534832.73698000
1958       535827.39969000
1959       536823.03317000
1960       537820.21500000
1961       538819.08438000
1962       539819.60876000
1963       540821.14237000
1964       541824.33371000
1965       542829.11573000
1966       543835.04808000
1967       544842.46997000
1968       545851.62520000
1969       546862.51590000
1970       547874.28452000
1971       548887.79135000
1972       549902.24699000
1973       550919.13132000
1974       551936.96723000
1975       552956.37370000
1976       553976.90739000
1977       554999.11916000
1978       556022.97586000
1979       557048.44429000
1980       558075.00974000
1981       559103.32994000
1982       560133.16098000
1983       561164.75040000
1984       562197.30090000
1985       563231.68329000
1986       564267.02838000
1987       565304.62143000
1988       566343.32098000
1989       567383.71795000
1990       568425.18803000
1991       569468.28741000
1992       570513.05332000
1993       571559.62979000
1994       572607.17735000
1995       573656.36025000
1996       574707.35863000
1997       575759.92485000
1998       576813.60887000
1999       577869.00609000
2000       578926.08263000
2001       579984.24458000
2002       581044.05263000
2003       582105.58031000
2004       583168.30451000
2005       584233.20491000
2006       585299.23259000
2007       586366.27989000
2008       587435.79768000
2009       588506.33779000
2010       589578.50020000
2011       590651.83143000
2012       591727.49706000
2013       592804.26186000
2014       593882.08992000
2015       594962.22200000
2016       596043.56561000
2017       597126.50574000
2018       598210.58634000
2019       599297.05235000
2020       600384.58879000
2021       601473.87395000
2022       602564.23137000
2023       603656.34020000
2024       604750.16588000
2025       605845.63648000
2026       606942.93779000
2027       608041.42767000
2028       609141.49324000
2029       610242.74920000
2030       611346.37685000
2031       612451.08686000
2032       613556.91686000
2033       614665.08734000
2034       615774.41753000
2035       616885.55632000
2036       617998.31961000
2037       619112.24584000
2038       620227.87359000
2039       621345.42846000
2040       622464.61391000
2041       623584.89249000
2042       624706.99108000
2043       625830.91173000
2044       626955.81625000
2045       628083.19881000
2046       629211.60515000
2047       630341.33652000
2048       631473.36421000
2049       632606.45621000
2050       633741.53291000
2051       634877.56251000
2052       636015.97177000
2053       637155.60119000
2054       638297.03316000
2055       639439.53577000
2056       640584.57818000
2057       641730.61786000
2058       642877.88337000
2059       644027.61898000
2060       645178.35460000
2061       646330.98056000
2062       647485.34585000
2063       648640.86691000
2064       649798.28332000
2065       650957.29046000
2066       652118.35012000
2067       653280.41691000
2068       654444.23212000
2069       655609.95158000
2070       656777.50029000
2071       657946.05996000
2072       659116.52885000
2073       660288.75442000
2074       661462.22587000
2075       662638.12482000
2076       663815.11742000
2077       664993.43714000
2078       666174.11261000
2079       667355.88495000
2080       668539.58049000
2081       669725.04562000
2082       670911.68860000
2083       672100.18192000
2084       673290.44925000
2085       674482.64899000
2086       675675.95313000
2087       676871.03581000
2088       678068.05591000
2089       679266.93705000
2090       680466.84824000
2091       681668.70196000
2092       682872.34246000
2093       684077.85059000
2094       685284.55094000
2095       686493.04261000
2096       687703.40679000
2097       688915.04565000
2098       690129.08067000
2099       691344.31391000
2100       692561.42636000
2101       693779.73900000
2102       694999.93382000
2103       696221.93306000
2104       697445.89800000
2105       698671.59116000
2106       699898.57063000
2107       701127.28091000
2108       702358.04411000
2109       703589.85681000
2110       704823.56501000
2111       706059.17080000
2112       707296.67607000
2113       708536.08294000
2114       709776.62525000
2115       711018.99115000
2116       712263.42491000
2117       713508.91647000
2118       714756.23630000
2119       716005.54815000
2120       717256.85438000
2121       718509.83224000
2122       719764.11682000
2123       721020.31958000
2124       722277.66835000
2125       723537.71247000
2126       724798.74217000
2127       726061.86000000
2128       727326.90465000
2129       728593.01956000
2130       729861.84136000
2131       731131.98197000
2132       732403.11371000
2133       733676.95894000
2134       734951.96210000
2135       736228.98601000
2136       737507.86802000
2137       738787.91104000
2138       740070.59674000
2139       741354.61159000
2140       742640.49117000
2141       743927.45321000
2142       745216.53126000
2143       746507.56172000
2144       747800.29710000
2145       749095.15476000
2146       750391.18395000
2147       751689.17219000
2148       752989.03812000
2149       754290.95053000
2150       755593.95525000
2151       756899.00960000
2152       758206.03193000
2153       759514.14956000
2154       760825.02937000
2155       762137.17514000
2156       763451.12751000
2157       764767.14071000
2158       766084.42326000
2159       767403.60131000
2160       768724.76092000
2161       770047.81976000
2162       771372.32202000
2163       772698.64169000
2164       774026.78032000
2165       775357.07919000
2166       776689.37085000
2167       778022.77282000
2168       779358.25559000
2169       780695.65058000
2170       782034.41486000
2171       783375.72509000
2172       784718.40767000
2173       786062.20644000
2174       787408.89974000
2175       788756.79763000
2176       790107.25200000
2177       791459.08545000
2178       792812.29875000
2179       794167.98843000
2180       795525.06086000
2181       796884.15177000
2182       798244.54135000
2183       799607.58828000
2184       800971.93678000
2185       802338.22401000
2186       803706.62532000
2187       805076.96940000
2188       806448.44612000
2189       807822.21592000
2190       809197.84631000
2191       810575.51301000
2192       811954.31673000
2193       813335.42161000
2194       814718.30587000
2195       816103.23330000
2196       817489.47715000
2197       818877.85506000
2198       820268.10593000
2199       821660.40700000
2200       823054.84839000
2201       824450.43675000
2202       825848.16853000
2203       827247.86954000
2204       828649.54158000
2205       830052.62978000
2206       831457.78052000
2207       832864.81853000
2208       834273.92285000
2209       835685.27301000
2210       837097.69133000
2211       838512.18084000
2212       839928.92184000
2213       841346.73344000
2214       842767.44879000
2215       844189.41571000
2216       845613.55244000
2217       847039.59291000
2218       848467.06703000
2219       849896.44759000
2220       851328.09482000
2221       852761.74207000
2222       854197.30118000
2223       855634.30080000
2224       857073.48514000
2225       858514.67626000
2226       859957.78562000
2227       861402.25047000
2228       862849.74321000
2229       864298.32354000
2230       865748.35366000
2231       867201.23739000
2232       868655.39275000
2233       870112.40687000
2234       871569.94694000
2235       873030.34964000
2236       874492.96037000
2237       875956.75782000
2238       877422.67502000
2239       878890.80545000
2240       880360.21705000
2241       881832.32258000
2242       883305.89492000
2243       884781.68812000
2244       886259.52086000
2245       887738.54863000
2246       889220.46508000
2247       890703.94770000
2248       892189.29213000
2249       893676.11273000
2250       895165.83120000
2251       896656.84453000
2252       898150.00311000
2253       899645.30904000
2254       901141.82010000
2255       902641.42645000
2256       904142.33379000
2257       905645.30254000
2258       907149.57385000
2259       908656.95057000
2260       910165.53939000
2261       911676.19663000
2262       913189.11082000
2263       914704.28437000
2264       916220.58110000
2265       917739.90473000
2266       919260.63533000
2267       920782.58547000
2268       922307.56945000
2269       923833.96396000
2270       925363.30386000
2271       926893.86863000
2272       928425.94169000
2273       929960.87235000
2274       931497.21996000
2275       933035.75498000
2276       934576.38453000
2277       936119.11068000
2278       937663.44877000
2279       939210.56338000
2280       940759.00799000
2281       942309.74635000
2282       943861.91212000
2283       945416.95823000
2284       946973.33915000
2285       948531.92575000
2286       950092.81595000
2287       951655.72483000
2288       953220.16488000
2289       954786.72211000
2290       956355.39837000
2291       957926.38804000
2292       959499.50069000
2293       961074.15189000
2294       962650.73650000
2295       964229.73827000
2296       965810.77346000
2297       967394.13374000
2298       968978.84626000
2299       970565.79053000
2300       972154.77445000
2301       973746.28538000
2302       975339.84019000
2303       976934.75327000
2304       978531.80988000
2305       980131.30436000
2306       981732.94677000
2307       983336.64109000
2308       984941.89527000
2309       986549.39993000
2310       988159.05917000
2311       989770.87486000
2312       991385.04532000
2313       993000.78290000
2314       994618.38732000
2315       996238.45020000
2316       997860.67843000
2317       999484.38088000
2318      1001111.14281000
2319      1002739.28331000
2320      1004369.79381000
2321      1006002.28088000
2322      1007636.44692000
2323      1009273.58520000
2324      1010912.10839000
2325      1012553.01138000
2326      1014196.09788000
2327      1015840.57251000
2328      1017488.13047000
2329      1019137.17929000
2330      1020788.51824000
2331      1022441.94954000
2332      1024097.87480000
2333      1025755.19628000
2334      1027414.61465000
2335      1029076.43275000
2336      1030740.65278000
2337      1032406.97586000
2338      1034074.70098000
2339      1035745.53629000
2340      1037418.07910000
2341      1039092.52961000
2342      1040768.68997000
2343      1042447.86907000
2344      1044128.66045000
2345      1045811.56800000
2346      1047496.79588000
2347      1049184.44785000
2348      1050874.11994000
2349      1052565.51326000
2350      1054259.13269000
2351      1055955.08232000
2352      1057653.16010000
2353      1059353.67395000
2354      1061055.71265000
2355      1062760.79865000
2356      1064467.41259000
2357      1066175.45278000
2358      1067886.75156000
2359      1069600.19105000
2360      1071315.26647000
2361      1073032.58827000
2362      1074752.15806000
2363      1076474.18401000
2364      1078197.64562000
2365      1079924.28088000
2366      1081652.25129000
2367      1083382.89232000
2368      1085115.58597000
2369      1086850.74804000
2370      1088587.24984000
2371      1090326.32701000
2372      1092067.56696000
2373      1093811.07512000
2374      1095557.16576000
2375      1097305.42483000
2376      1099055.23930000
2377      1100807.32924000
2378      1102561.90549000
2379      1104318.76128000
2380      1106077.89837000
2381      1107838.59797000
2382      1109601.79167000
2383      1111367.27217000
2384      1113134.93606000
2385      1114905.10069000
2386      1116677.66330000
2387      1118451.79686000
2388      1120228.01524000
2389      1122006.84779000
2390      1123788.08561000
2391      1125571.51951000
2392      1127356.53119000
2393      1129144.78587000
2394      1130934.72757000
2395      1132726.87228000
2396      1134520.59989000
2397      1136317.47387000
2398      1138116.87565000
2399      1139917.75894000
2400      1141721.06678000
2401      1143526.80153000
2402      1145333.91440000
2403      1147144.40179000
2404      1148956.37710000
2405      1150771.73263000
2406      1152588.36475000
2407      1154406.80990000
2408      1156228.42788000
2409      1158052.38114000
2410      1159877.93778000
2411      1161705.94055000
2412      1163536.39169000
2413      1165369.18518000
2414      1167204.43142000
2415      1169041.17988000
2416      1170880.38413000
2417      1172722.04637000
2418      1174566.06012000
2419      1176412.53626000
2420      1178261.47675000
2421      1180111.92764000
2422      1181964.84606000
2423      1183821.08288000
2424      1185677.87655000
2425      1187538.21102000
2426      1189400.91268000
2427      1191265.13293000
2428      1193132.57436000
2429      1195001.75616000
2430      1196873.31234000
2431      1198746.50163000
2432      1200622.92167000
2433      1202500.97785000
2434      1204382.38017000
2435      1206265.42218000
2436      1208150.73947000
2437      1210037.80889000
2438      1211928.12352000
2439      1213819.97255000
2440      1215715.40397000
2441      1217612.26254000
2442      1219511.62860000
2443      1221412.42330000
2444      1223316.92200000
2445      1225222.74119000
2446      1227132.04781000
2447      1229042.78887000
2448      1230956.16086000
2449      1232871.19224000
2450      1234789.49811000
2451      1236709.24278000
2452      1238632.71458000
2453      1240557.62838000
2454      1242484.96184000
2455      1244414.82899000
2456      1246346.36564000
2457      1248281.30655000
2458      1250217.58274000
2459      1252156.73804000
2460      1254098.32448000
2461      1256042.34416000
2462      1257988.68576000
2463      1259937.04645000
2464      1261888.60325000
2465      1263841.72999000
2466      1265797.29891000
2467      1267755.65255000
2468      1269716.45304000
2469      1271678.82848000
2470      1273644.41390000
2471      1275612.03277000
2472      1277581.99170000
2473      1279554.52070000
2474      1281529.39330000
2475      1283506.19203000
2476      1285486.32923000
2477      1287468.05304000
2478      1289452.12705000
2479      1291439.12735000
2480      1293428.48234000
2481      1295420.42385000
2482      1297413.95829000
2483      1299410.96360000
2484      1301409.68028000
2485      1303410.87578000
2486      1305414.66768000
2487      1307421.05814000
2488      1309429.04989000
2489      1311440.29638000
2490      1313453.61025000
2491      1315469.29883000
2492      1317487.59586000
2493      1319508.27132000
2494      1321531.79202000
2495      1323557.81158000
2496      1325585.44376000
2497      1327615.57765000
2498      1329648.44886000
2499      1331683.94301000
2500      1333721.82846000
2501      1335762.22409000
2502      1337804.70871000
2503      1339850.36490000
2504      1341897.87943000
2505      1343947.67665000
2506      1346000.46380000
2507      1348055.65514000
2508      1350112.59311000
2509      1352172.95169000
2510      1354235.17836000
2511      1356299.81618000
2512      1358368.11891000
2513      1360437.04217000
2514      1362509.63494000
2515      1364584.76550000
2516      1366661.65493000
2517      1368742.10383000
2518      1370824.19637000
2519      1372908.83381000
2520      1374996.25648000
2521      1377085.32625000
2522      1379177.84895000
2523      1381273.16392000
2524      1383370.01118000
2525      1385469.65422000
2526      1387571.85603000
2527      1389676.73846000
2528      1391784.18400000
2529      1393893.40793000
2530      1396006.22544000
2531      1398120.70457000
2532      1400237.87450000
2533      1402357.61674000
2534      1404480.05434000
2535      1406605.18918000
2536      1408733.02403000
2537      1410862.52873000
2538      1412994.61554000
2539      1415130.31967000
2540      1417267.94103000
2541      1419408.15100000
2542      1421549.79474000
2543      1423695.30889000
2544      1425843.66143000
2545      1427993.57388000
2546      1430145.96216000
2547      1432301.19453000
2548      1434459.27334000
2549      1436619.95687000
2550      1438783.00211000
2551      1440948.10419000
2552      1443116.98073000
2553      1445287.42783000
2554      1447460.36604000
2555      1449636.16595000
2556      1451814.83005000
2557      1453995.99177000
2558      1456178.85308000
2559      1458365.50772000
2560      1460553.98892000
2561      1462746.02253000
2562      1464939.63867000
2563      1467136.38174000
2564      1469334.70955000
2565      1471536.59939000
2566      1473741.25179000
2567      1475947.61704000
2568      1478156.87273000
2569      1480368.77259000
2570      1482584.24800000
2571      1484800.63714000
2572      1487020.73103000
2573      1489243.47744000
2574      1491468.07166000
2575      1493696.25401000
2576      1495926.41293000
2577      1498159.10649000
2578      1500394.71306000
2579      1502632.98419000
2580      1504873.92159000
2581      1507116.71787000
2582      1509363.24585000
2583      1511611.63599000
2584      1513862.70018000
2585      1516116.56685000
2586      1518373.11184000
2587      1520632.59028000
2588      1522894.49836000
2589      1525159.34439000
2590      1527426.19017000
2591      1529695.72433000
2592      1531968.63636000
2593      1534243.68051000
2594      1536521.67386000
2595      1538802.10948000
2596      1541084.29955000
2597      1543370.51674000
2598      1545658.49200000
2599      1547950.24527000
2600      1550243.50374000
2601      1552539.85474000
2602      1554839.04466000
2603      1557140.94761000
2604      1559445.56578000
2605      1561751.95169000
2606      1564062.39153000
2607      1566374.47415000
2608      1568690.35903000
2609      1571007.88942000
2610      1573328.53394000
2611      1575651.90761000
2612      1577977.05965000
2613      1580305.76809000
2614      1582637.73033000
2615      1584971.34591000
2616      1587307.83040000
2617      1589647.18587000
2618      1591990.11128000
2619      1594334.95599000
2620      1596681.85125000
2621      1599032.58390000
2622      1601385.67729000
2623      1603740.95673000
2624      1606100.08214000
2625      1608461.13642000
2626      1610824.81955000
2627      1613191.39541000
2628      1615560.86624000
2629      1617933.36583000
2630      1620307.53934000
2631      1622685.31459000
2632      1625065.29256000
2633      1627449.14133000
2634      1629834.80158000
2635      1632223.10827000
2636      1634614.32702000
2637      1637008.72492000
2638      1639405.77542000
2639      1641804.77690000
2640      1644207.40275000
2641      1646612.24820000
2642      1649020.72368000
2643      1651431.15683000
2644      1653844.51985000
2645      1656260.68186000
2646      1658679.77830000
2647      1661101.67792000
2648      1663525.81004000
2649      1665953.32247000
2650      1668382.93723000
2651      1670816.47217000
2652      1673252.11341000
2653      1675690.30232000
2654      1678131.44287000
2655      1680575.67158000
2656      1683022.85682000
2657      1685471.61897000
2658      1687924.45456000
2659      1690379.27377000
2660      1692838.03800000
2661      1695298.65459000
2662      1697761.97003000
2663      1700228.39216000
2664      1702697.92324000
2665      1705170.29568000
2666      1707645.23994000
2667      1710122.45162000
2668      1712603.63044000
2669      1715086.67361000
2670      1717573.55366000
2671      1720062.43702000
2672      1722554.17565000
2673      1725048.90780000
2674      1727546.63610000
2675      1730047.49958000
2676      1732549.82741000
2677      1735056.42070000
2678      1737564.89171000
2679      1740077.49781000
2680      1742591.71070000
2681      1745109.07182000
2682      1747629.30923000
2683      1750152.70014000
2684      1752678.97163000
2685      1755207.98833000
2686      1757740.16555000
2687      1760274.51052000
2688      1762812.60230000
2689      1765352.45036000
2690      1767895.46773000
2691      1770442.65543000
2692      1772991.74295000
2693      1775543.73001000
2694      1778098.47982000
2695      1780655.68892000
2696      1783216.52609000
2697      1785780.55003000
2698      1788346.48260000
2699      1790916.32946000
2700      1793488.36715000
2701      1796063.18142000
2702      1798641.33370000
2703      1801222.12685000
2704      1803805.98264000
2705      1806393.04391000
2706      1808983.17315000
2707      1811575.08431000
2708      1814170.79345000
2709      1816768.84953000
2710      1819370.99114000
2711      1821975.06149000
2712      1824581.93058000
2713      1827192.02348000
2714      1829805.34317000
2715      1832421.46809000
2716      1835040.68302000
2717      1837662.70733000
2718      1840287.09582000
2719      1842915.31135000
2720      1845545.61129000
2721      1848180.02767000
2722      1850816.38980000
2723      1853455.85769000
2724      1856098.29075000
2725      1858744.11950000
2726      1861392.48996000
2727      1864044.11818000
2728      1866698.86365000
2729      1869356.87232000
2730      1872016.69584000
2731      1874680.37764000
2732      1877346.30722000
2733      1880015.50873000
2734      1882687.55331000
2735      1885363.75443000
2736      1888041.77970000
2737      1890723.37455000
2738      1893406.65174000
2739      1896094.24037000
2740      1898784.82939000
2741      1901478.42109000
2742      1904174.13417000
2743      1906873.88156000
2744      1909575.89922000
2745      1912280.78234000
2746      1914988.96824000
2747      1917700.16934000
2748      1920414.38756000
2749      1923132.06191000
2750      1925852.32130000
2751      1928575.89579000
2752      1931302.78844000
2753      1934031.67566000
2754      1936764.62746000
2755      1939499.43041000
2756      1942238.88902000
2757      1944980.20254000
2758      1947724.55471000
2759      1950472.09447000
2760      1953222.67756000
2761      1955976.60003000
2762      1958733.42342000
2763      1961493.59118000
2764      1964256.95897000
2765      1967022.04508000
2766      1969791.52372000
2767      1972563.16705000
2768      1975339.06147000
2769      1978116.97638000
2770      1980898.85194000
2771      1983683.04725000
2772      1986470.60888000
2773      1989261.09385000
2774      1992054.80128000
2775      1994851.43627000
2776      1997650.54850000
2777      2000453.78886000
2778      2003260.11230000
2779      2006068.47160000
2780      2008881.11663000
2781      2011695.95042000
2782      2014515.07615000
2783      2017336.39451000
2784      2020160.50873000
2785      2022988.02062000
2786      2025818.78272000
2787      2028652.94804000
2788      2031490.06796000
2789      2034329.99370000
2790      2037173.63097000
2791      2040020.37997000
2792      2042869.33700000
2793      2045722.46669000
2794      2048577.35425000
2795      2051437.17625000
2796      2054298.75948000
2797      2057163.61821000
2798      2060032.81570000
2799      2062904.08218000
2800      2065778.63151000
2801      2068656.31392000
2802      2071537.28438000
2803      2074421.69735000
2804      2077307.88184000
2805      2080198.57731000
2806      2083092.57032000
2807      2085988.64490000
2808      2088889.08707000
2809      2091791.30778000
2810      2094698.36127000
2811      2097607.35019000
2812      2100519.64972000
2813      2103436.17854000
2814      2106354.95421000
2815      2109277.04825000
2816      2112202.30899000
2817      2115130.73860000
2818      2118062.80222000
2819      2120996.50371000
2820      2123934.91662000
2821      2126876.50780000
2822      2129820.35952000
2823      2132768.62329000
2824      2135718.68639000
2825      2138673.32222000
2826      2141630.38119000
2827      2144590.63125000
2828      2147555.15302000
2829      2150521.48120000
2830      2153491.78553000
2831      2156465.13484000
2832      2159441.68640000
2833      2162421.75518000
2834      2165404.71839000
2835      2168391.20387000
2836      2171379.97460000
2837      2174373.19870000
2838      2177369.63911000
2839      2180368.21362000
2840      2183370.93602000
2841      2186376.42440000
2842      2189386.06692000
2843      2192398.00769000
2844      2195413.17759000
2845      2198432.66711000
2846      2201454.46027000
2847      2204479.64778000
2848      2207508.23178000
2849      2210540.21487000
2850      2213575.12434000
2851      2216613.59580000
2852      2219655.47392000
2853      2222699.82661000
2854      2225748.20663000
2855      2228799.84104000
2856      2231853.95555000
2857      2234912.74270000
2858      2237973.53609000
2859      2241038.84865000
2860      2244106.33051000
2861      2247178.33722000
2862      2250252.51667000
2863      2253330.12842000
2864      2256411.33512000
2865      2259496.59841000
2866      2262584.20158000
2867      2265675.40730000
2868      2268770.05778000
2869      2271867.83396000
2870      2274967.95630000
2871      2278072.31110000
2872      2281180.44257000
2873      2284291.86996000
2874      2287406.59503000
2875      2290523.67612000
2876      2293645.16516000
2877      2296769.01373000
2878      2299897.43842000
2879      2303028.06438000
2880      2306163.43518000
2881      2309300.52302000
2882      2312441.41379000
2883      2315586.73335000
2884      2318734.58852000
2885      2321885.76641000
2886      2325039.94285000
2887      2328198.09933000
2888      2331359.42242000
2889      2334524.24087000
2890      2337692.39357000
2891      2340864.21042000
2892      2344039.03871000
2893      2347217.53608000
2894      2350398.42391000
2895      2353583.93919000
2896      2356772.80302000
2897      2359963.56909000
2898      2363159.30074000
2899      2366357.59727000
2900      2369560.20693000
2901      2372765.05489000
2902      2375974.38659000
2903      2379186.45619000
2904      2382401.72675000
2905      2385621.48982000
2906      2388843.83150000
2907      2392069.71263000
2908      2395298.63723000
2909      2398531.27177000
2910      2401768.41391000
2911      2405008.31163000
2912      2408251.26118000
2913      2411497.59801000
2914      2414746.69554000
2915      2418000.14712000
2916      2421257.16061000
2917      2424517.73821000
2918      2427781.54734000
2919      2431049.09333000
2920      2434318.91001000
2921      2437593.43341000
2922      2440871.53351000
2923      2444151.91012000
2924      2447436.66583000
2925      2450724.03790000
2926      2454016.30112000
2927      2457310.67878000
2928      2460609.61635000
2929      2463910.84025000
2930      2467215.99781000
2931      2470525.55511000
2932      2473837.57377000
2933      2477153.19531000
2934      2480472.42300000
2935      2483794.74941000
2936      2487121.99910000
2937      2490451.71978000
2938      2493785.05620000
2939      2497121.84064000
2940      2500461.73433000
2941      2503805.93358000
2942      2507153.24659000
2943      2510504.18775000
2944      2513858.76012000
2945      2517215.81753000
2946      2520577.14461000
2947      2523942.28126000
2948      2527311.05896000
2949      2530683.30840000
2950      2534058.05226000
2951      2537437.76790000
2952      2540820.79044000
2953      2544206.14119000
2954      2547596.30027000
2955      2550988.96390000
2956      2554386.26989000
2957      2557785.73810000
2958      2561190.37308000
2959      2564597.69365000
2960      2568009.49561000
2961      2571423.64023000
2962      2574842.09784000
2963      2578263.59580000
2964      2581688.42655000
2965      2585118.10043000
2966      2588550.82235000
2967      2591986.53579000
2968      2595425.59074000
2969      2598869.85034000
2970      2602316.46851000
2971      2605766.61010000
2972      2609220.45208000
2973      2612677.99713000
2974      2616139.24813000
2975      2619604.03217000
2976      2623072.35173000
2977      2626544.38448000
2978      2630019.95731000
2979      2633499.07247000
2980      2636981.90874000
2981      2640468.46812000
2982      2643959.10666000
2983      2647453.12124000
2984      2650950.51393000
2985      2654451.46355000
2986      2657956.32620000
2987      2661463.57643000
2988      2664975.74174000
2989      2668491.47342000
2990      2672011.48432000
2991      2675534.35676000
2992      2679059.98128000
2993      2682590.53634000
2994      2686124.67016000
2995      2689661.20633000
2996      2693202.50406000
2997      2696748.28014000
2998      2700295.92865000
2999      2703848.52668000
3000      2707403.53618000
3001      2710963.50151000
3002      2714526.88567000
3003      2718093.04492000
3004      2721664.16987000
3005      2725238.25402000
3006      2728816.77181000
3007      2732397.71334000
3008      2735983.27318000
3009      2739571.80056000
3010      2743165.13263000
3011      2746760.89586000
3012      2750360.46062000
3013      2753965.20077000
3014      2757572.19678000
3015      2761184.19355000
3016      2764798.63065000
3017      2768416.88222000
3018      2772039.96275000
3019      2775665.30726000
3020      2779295.20078000
3021      2782929.56906000
3022      2786566.57077000
3023      2790207.22022000
3024      2793852.89943000
3025      2797500.67018000
3026      2801152.64332000
3027      2804808.27460000
3028      2808469.49666000
3029      2812132.63439000
3030      2815799.62036000
3031      2819470.09014000
3032      2823145.79816000
3033      2826823.97763000
3034      2830506.01541000
3035      2834191.91423000
3036      2837883.24952000
3037      2841576.32707000
3038      2845273.45731000
3039      2848974.45913000
3040      2852679.15038000
3041      2856387.71837000
3042      2860101.18848000
3043      2863816.96288000
3044      2867537.54774000
3045      2871261.27885000
3046      2874988.71426000
3047      2878720.04167000
3048      2882456.10374000
3049      2886195.22393000
3050      2889937.87213000
3051      2893684.98168000
3052      2897435.43801000
3053      2901189.80217000
3054      2904947.51707000
3055      2908710.54711000
3056      2912476.27736000
3057      2916245.92605000
3058      2920019.30840000
3059      2923796.98947000
3060      2927577.84650000
3061      2931362.63230000
3062      2935152.75721000
3063      2938945.22057000
3064      2942741.80832000
3065      2946542.14727000
3066      2950345.86258000
3067      2954154.46496000
3068      2957966.25992000
3069      2961783.22883000
3070      2965602.92615000
3071      2969426.38917000
3072      2973253.43109000
3073      2977084.62200000
3074      2980920.34460000
3075      2984759.27426000
3076      2988603.40061000
3077      2992450.07910000
3078      2996300.35035000
3079      3000154.97751000
3080      3004013.20235000
3081      3007876.83057000
3082      3011743.59323000
3083      3015613.57859000
3084      3019487.36173000
3085      3023365.13623000
3086      3027248.13977000
3087      3031133.90541000
3088      3035023.47900000
3089      3038917.05446000
3090      3042815.87247000
3091      3046717.26870000
3092      3050622.67506000
3093      3054533.14089000
3094      3058446.19057000
3095      3062363.25811000
3096      3066285.20134000
3097      3070210.11966000
3098      3074139.45049000
3099      3078073.66663000
3100      3082010.28427000
3101      3085951.12916000
3102      3089896.48038000
3103      3093845.20695000
3104      3097799.02800000
3105      3101756.03593000
3106      3105716.50793000
3107      3109682.08331000
3108      3113650.46319000
3109      3117623.75731000
3110      3121600.05489000
3111      3125581.46780000
3112      3129565.69322000
3113      3133555.82255000
3114      3137547.98691000
3115      3141545.08353000
3116      3145545.19607000
3117      3149550.63918000
3118      3153559.96612000
3119      3157572.11931000
3120      3161589.41651000
3121      3165610.99821000
3122      3169635.21607000
3123      3173664.58719000
3124      3177697.85709000
3125      3181733.96557000
3126      3185775.43396000
3127      3189820.41359000
3128      3193870.28981000
3129      3197923.68227000
3130      3201979.92356000
3131      3206041.34308000
3132      3210106.87969000
3133      3214176.13870000
3134      3218249.52005000
3135      3222327.22485000
3136      3226409.25662000
3137      3230495.02078000
3138      3234584.71899000
3139      3238678.35360000
3140      3242775.72687000
3141      3246877.64012000
3142      3250983.49718000
3143      3255093.50069000
3144      3259208.05409000
3145      3263325.95805000
3146      3267447.61504000
3147      3271573.83006000
3148      3275705.27799000
3149      3279839.61465000
3150      3283978.11654000
3151      3288120.38370000
3152      3292268.50027000
3153      3296418.90987000
3154      3300573.69652000
3155      3304733.73850000
3156      3308896.48130000
3157      3313064.68785000
3158      3317235.39665000
3159      3321412.38549000
3160      3325591.47566000
3161      3329776.04228000
3162      3333963.52476000
3163      3338156.28724000
3164      3342351.96941000
3165      3346552.53128000
3166      3350757.70891000
3167      3354966.22000000
3168      3359179.61983000
3169      3363397.03302000
3170      3367618.66588000
3171      3371844.11253000
3172      3376072.69942000
3173      3380306.59838000
3174      3384544.72748000
3175      3388787.50029000
3176      3393033.89412000
3177      3397284.52707000
3178      3401538.78458000
3179      3405797.49156000
3180      3410060.65081000
3181      3414328.94283000
3182      3418600.81115000
3183      3422876.31617000
3184      3427155.45958000
3185      3431440.57332000
3186      3435728.44643000
3187      3440020.58528000
3188      3444318.08486000
3189      3448618.55679000
3190      3452923.30243000
3191      3457233.41848000
3192      3461546.51294000
3193      3465864.98468000
3194      3470187.53396000
3195      3474513.06769000
3196      3478844.19635000
3197      3483178.99346000
3198      3487517.61537000
3199      3491861.21649000
3200      3496209.11931000
3201      3500561.11816000
3202      3504917.21543000
3203      3509277.41296000
3204      3513641.92323000
3205      3518010.95880000
3206      3522384.73287000
3207      3526761.77859000
3208      3531143.56796000
3209      3535529.26399000
3210      3539918.86752000
3211      3544312.80284000
3212      3548712.80863000
3213      3553115.83852000
3214      3557522.78612000
3215      3561935.39363000
3216      3566350.60787000
3217      3570771.48786000
3218      3575195.40132000
3219      3579624.56370000
3220      3584058.50792000
3221      3588495.91680000
3222      3592938.16004000
3223      3597384.34389000
3224      3601833.57363000
3225      3606288.49599000
3226      3610747.79237000
3227      3615211.46538000
3228      3619679.51792000
3229      3624152.38045000
3230      3628628.34625000
3231      3633109.12718000
3232      3637595.19775000
3233      3642084.76300000
3234      3646578.29552000
3235      3651076.22674000
3236      3655579.88937000
3237      3660086.19745000
3238      3664596.91199000
3239      3669113.36788000
3240      3673634.23787000
3241      3678158.19073000
3242      3682687.46432000
3243      3687219.39364000
3244      3691757.94475000
3245      3696300.05947000
3246      3700847.03634000
3247      3705398.01353000
3248      3709953.42642000
3249      3714512.84413000
3250      3719076.26859000
3251      3723644.57059000
3252      3728218.18791000
3253      3732794.95143000
3254      3737376.60161000
3255      3741963.61373000
3256      3746552.87002000
3257      3751147.45803000
3258      3755747.41700000
3259      3760350.93457000
3260      3764960.26692000
3261      3769573.19766000
3262      3774189.69413000
3263      3778811.13901000
3264      3783437.50253000
3265      3788068.34958000
3266      3792703.24434000
3267      3797343.50682000
3268      3801986.94290000
3269      3806635.31317000
3270      3811287.74058000
3271      3815944.66771000
3272      3820606.09807000
3273      3825272.03373000
3274      3829943.39078000
3275      3834618.78950000
3276      3839299.17388000
3277      3843981.83441000
3278      3848671.25680000
3279      3853363.40158000
3280      3858061.42982000
3281      3862763.98729000
3282      3867470.63208000
3283      3872182.70082000
3284      3876896.61184000
3285      3881616.86815000
3286      3886343.03000000
3287      3891071.92986000
3288      3895805.37815000
3289      3900543.37755000
3290      3905285.93125000
3291      3910033.96022000
3292      3914785.18381000
3293      3919542.33642000
3294      3924302.68824000
3295      3929068.52740000
3296      3933838.93847000
3297      3938612.10544000
3298      3943392.11748000
3299      3948175.81113000
3300      3952964.53775000
3301      3957756.94930000
3302      3962554.40028000
3303      3967356.44256000
3304      3972162.17651000
3305      3976974.33314000
3306      3981790.16836000
3307      3986609.70152000
3308      3991435.21655000
3309      3996263.96329000
3310      4001098.69940000
3311      4005937.14255000
3312      4010779.73235000
3313      4015627.86688000
3314      4020481.08024000
3315      4025338.00951000
3316      4030199.56795000
3317      4035065.75795000
3318      4039936.12621000
3319      4044811.58814000
3320      4049692.61798000
3321      4054577.36435000
3322      4059467.68519000
3323      4064360.81169000
3324      4069260.43470000
3325      4074162.40874000
3326      4079070.42699000
3327      4083983.56558000
3328      4088900.90866000
3329      4093823.83865000
3330      4098750.05791000
3331      4103681.41006000
3332      4108616.51531000
3333      4113556.75910000
3334      4118501.68378000
3335      4123452.68591000
3336      4128406.51932000
3337      4133366.89973000
3338      4138330.11479000
3339      4143298.95811000
3340      4148272.49984000
3341      4153249.34514000
3342      4158232.29225000
3343      4163219.94699000
3344      4168212.31237000
3345      4173208.92568000
3346      4178211.18997000
3347      4183217.23810000
3348      4188227.54112000
3349      4193243.97167000
3350      4198263.72670000
3351      4203289.61594000
3352      4208318.83464000
3353      4213354.19514000
3354      4218392.89017000
3355      4223437.26444000
3356      4228485.91473000
3357      4233539.31307000
3358      4238597.46216000
3359      4243660.36529000
3360      4248729.90680000
3361      4253801.38572000
3362      4258878.09719000
3363      4263960.51530000
3364      4269048.17395000
3365      4274138.71890000
3366      4279235.45171000
3367      4284336.48930000
3368      4289442.78071000
3369      4294553.38222000
3370      4299668.76972000
3371      4304788.94622000
3372      4309914.85855000
3373      4315044.14803000
3374      4320178.23454000
3375      4325318.54210000
3376      4330463.65463000
3377      4335611.67645000
3378      4340765.92965000
3379      4345924.51883000
3380      4351088.40102000
3381      4356256.62452000
3382      4361429.19131000
3383      4366607.53921000
3384      4371791.18341000
3385      4376978.23224000
3386      4382171.54147000
3387      4387368.25943000
3388      4392570.76532000
3389      4397778.11361000
3390      4402989.82649000
3391      4408205.91917000
3392      4413427.81247000
3393      4418655.51068000
3394      4423886.63472000
3395      4429122.61830000
3396      4434362.98184000
3397      4439609.16255000
3398      4444859.74410000
3399      4450116.14989000
3400      4455376.94698000
3401      4460643.10701000
3402      4465913.66371000
3403      4471188.61905000
3404      4476468.46105000
3405      4481753.19213000
3406      4487043.30268000
3407      4492339.26416000
3408      4497638.19612000
3409      4502943.47210000
3410      4508252.20975000
3411      4513567.29880000
3412      4518886.32145000
3413      4524210.74651000
3414      4529541.06732000
3415      4534874.83986000
3416      4540214.02500000
3417      4545559.09380000
3418      4550907.64323000
3419      4556261.59103000
3420      4561620.00613000
3421      4566984.31763000
3422      4572354.06242000
3423      4577728.25951000
3424      4583106.91089000
3425      4588490.51197000
3426      4593878.57170000
3427      4599273.53548000
3428      4604671.50917000
3429      4610075.43344000
3430      4615484.78980000
3431      4620898.61957000
3432      4626317.91561000
3433      4631740.23170000
3434      4637168.48641000
3435      4642603.18038000
3436      4648041.89413000
3437      4653485.59450000
3438      4658935.24830000
3439      4664388.43206000
3440      4669847.57530000
3441      4675309.75379000
3442      4680778.89537000
3443      4686253.04188000
3444      4691731.69587000
3445      4697216.36001000
3446      4702706.00407000
3447      4708199.69806000
3448      4713697.90905000
3449      4719202.10974000
3450      4724710.36730000
3451      4730225.12306000
3452      4735745.41401000
3453      4741269.73379000
3454      4746798.58805000
3455      4752332.98573000
3456      4757873.39679000
3457      4763416.87569000
3458      4768967.38305000
3459      4774521.46823000
3460      4780082.08522000
3461      4785647.76165000
3462      4791217.48801000
3463      4796792.78585000
3464      4802372.13697000
3465      4807957.06577000
3466      4813547.06799000
3467      4819143.12010000
3468      4824743.78757000
3469      4830350.00360000
3470      4835961.30637000
3471      4841577.69863000
3472      4847198.16333000
3473      4852824.23321000
3474      4858454.89017000
3475      4864092.64604000
3476      4869734.53138000
3477      4875381.98948000
3478      4881032.55773000
3479      4886689.72756000
3480      4892352.01459000
3481      4898019.42092000
3482      4903691.95031000
3483      4909370.11977000
3484      4915053.88287000
3485      4920741.28577000
3486      4926435.31695000
3487      4932133.45627000
3488      4937835.75663000
3489      4943544.69620000
3490      4949258.78389000
3491      4954980.03652000
3492      4960703.91198000
3493      4966432.94383000
3494      4972168.11650000
3495      4977908.45239000
3496      4983652.45305000
3497      4989403.12374000
3498      4995158.44728000
3499      5000919.98494000
3500      5006685.66191000
