   1           23.98602000
   2           23.99301000
   3           23.99534000
   4           23.99651000
   5           23.99726000
   6           23.99820000
   7           24.00059000
   8           24.00679000
   9           24.02004000
  10           24.04395000
  11           24.08196000
  12           24.13689000
  13           24.21083000
  14           24.30504000
  15           24.42008000
  16           24.55591000
  17           24.71207000
  18           24.88779000
  19           25.08211000
  20           25.29396000
  21           25.52224000
  22           25.76585000
  23           26.02374000
  24           26.29491000
  25           26.57845000
  26           26.87352000
  27           27.17936000
  28           27.49526000
  29           27.82063000
  30           28.15491000
  31           28.49760000
  32           28.84827000
  33           29.20654000
  34           29.57206000
  35           29.94452000
  36           30.32366000
  37           30.70923000
  38           31.10102000
  39           31.49882000
  40           31.90248000
  41           32.31183000
  42           32.72672000
  43           33.14703000
  44           33.57265000
  45           34.00346000
  46           34.43936000
  47           34.88025000
  48           35.32606000
  49           35.77670000
  50           36.23209000
  51           36.69215000
  52           37.15682000
  53           37.62603000
  54           38.09971000
  55           38.57780000
  56           39.06024000
  57           39.54697000
  58           40.03793000
  59           40.53307000
  60           41.03232000
  61           41.53564000
  62           42.04297000
  63           42.55426000
  64           43.06945000
  65           43.58850000
  66           44.11135000
  67           44.63795000
  68           45.16825000
  69           45.70221000
  70           46.23977000
  71           46.78089000
  72           47.32551000
  73           47.87360000
  74           48.42510000
  75           48.97997000
  76           49.53817000
  77           50.09964000
  78           50.66435000
  79           51.23224000
  80           51.80328000
  81           52.37742000
  82           52.95462000
  83           53.53483000
  84           54.11802000
  85           54.70415000
  86           55.29317000
  87           55.88504000
  88           56.47973000
  89           57.07719000
  90           57.67738000
  91           58.28027000
  92           58.88583000
  93           59.49400000
  94           60.10476000
  95           60.71807000
  96           61.33390000
  97           61.95220000
  98           62.57295000
  99           63.19611000
 100           63.82165000
 101           64.44953000
 102           65.07972000
 103           65.71219000
 104           66.34691000
 105           66.98384000
 106           67.62296000
 107           68.26423000
 108           68.90763000
 109           69.55312000
 110           70.20068000
 111           70.85028000
 112           71.50189000
 113           72.15548000
 114           72.81102000
 115           73.46850000
 116           74.12788000
 117           74.78913000
 118           75.45223000
 119           76.11716000
 120           76.78389000
 121           77.45240000
 122           78.12266000
 123           78.79465000
 124           79.46834000
 125           80.14372000
 126           80.82076000
 127           81.49944000
 128           82.17973000
 129           82.86162000
 130           83.54508000
 131           84.23009000
 132           84.91664000
 133           85.60470000
 134           86.29426000
 135           86.98528000
 136           87.67776000
 137           88.37168000
 138           89.06701000
 139           89.76375000
 140           90.46186000
 141           91.16134000
 142           91.86216000
 143           92.56431000
 144           93.26777000
 145           93.97253000
 146           94.67856000
 147           95.38586000
 148           96.09440000
 149           96.80418000
 150           97.51517000
 151           98.22736000
 152           98.94074000
 153           99.65528000
 154          100.37099000
 155          101.08784000
 156          101.80581000
 157          102.52490000
 158          103.24509000
 159          103.96637000
 160          104.68872000
 161          105.41214000
 162          106.13660000
 163          106.86210000
 164          107.58863000
 165          108.31616000
 166          109.04470000
 167          109.77422000
 168          110.50472000
 169          111.23619000
 170          111.96861000
 171          112.70197000
 172          113.43627000
 173          114.17148000
 174          114.90760000
 175          115.64463000
 176          116.38254000
 177          117.12134000
 178          117.86100000
 179          118.60152000
 180          119.34289000
 181          120.08510000
 182          120.82815000
 183          121.57201000
 184          122.31669000
 185          123.06216000
 186          123.80844000
 187          124.55550000
 188          125.30333000
 189          126.05194000
 190          126.80130000
 191          127.55142000
 192          128.30228000
 193          129.05387000
 194          129.80619000
 195          130.55923000
 196          131.31299000
 197          132.06745000
 198          132.82260000
 199          133.57845000
 200          134.33497000
 201          135.09217000
 202          135.85004000
 203          136.60857000
 204          137.36776000
 205          138.12759000
 206          138.88806000
 207          139.64917000
 208          140.41090000
 209          141.17325000
 210          141.93622000
 211          142.69980000
 212          143.46398000
 213          144.22875000
 214          144.99411000
 215          145.76006000
 216          146.52659000
 217          147.29369000
 218          148.06135000
 219          148.82958000
 220          149.59836000
 221          150.36769000
 222          151.13757000
 223          151.90798000
 224          152.67893000
 225          153.45041000
 226          154.22241000
 227          154.99493000
 228          155.76797000
 229          156.54151000
 230          157.31556000
 231          158.09010000
 232          158.86514000
 233          159.64067000
 234          160.41668000
 235          161.19318000
 236          161.97015000
 237          162.74759000
 238          163.52549000
 239          164.30386000
 240          165.08269000
 241          165.86198000
 242          166.64171000
 243          167.42188000
 244          168.20250000
 245          168.98356000
 246          169.76505000
 247          170.54697000
 248          171.32932000
 249          172.11208000
 250          172.89527000
 251          173.67887000
 252          174.46288000
 253          175.24730000
 254          176.03212000
 255          176.81734000
 256          177.60296000
 257          178.38897000
 258          179.17536000
 259          179.96215000
 260          180.74932000
 261          181.53686000
 262          182.32479000
 263          183.11308000
 264          183.90175000
 265          184.69078000
 266          185.48017000
 267          186.26993000
 268          187.06004000
 269          187.85050000
 270          188.64132000
 271          189.43248000
 272          190.22399000
 273          191.01584000
 274          191.80804000
 275          192.60056000
 276          193.39342000
 277          194.18662000
 278          194.98014000
 279          195.77398000
 280          196.56815000
 281          197.36264000
 282          198.15745000
 283          198.95257000
 284          199.74801000
 285          200.54375000
 286          201.33980000
 287          202.13616000
 288          202.93282000
 289          203.72978000
 290          204.52704000
 291          205.32459000
 292          206.12244000
 293          206.92057000
 294          207.71900000
 295          208.51771000
 296          209.31671000
 297          210.11599000
 298          210.91554000
 299          211.71538000
 300          212.51549000
 301          213.31587000
 302          214.11652000
 303          214.91745000
 304          215.71864000
 305          216.52009000
 306          217.32181000
 307          218.12379000
 308          218.92603000
 309          219.72852000
 310          220.53127000
 311          221.33427000
 312          222.13753000
 313          222.94103000
 314          223.74478000
 315          224.54878000
 316          225.35302000
 317          226.15750000
 318          226.96223000
 319          227.76719000
 320          228.57239000
 321          229.37782000
 322          230.18349000
 323          230.98939000
 324          231.79552000
 325          232.60188000
 326          233.40846000
 327          234.21527000
 328          235.02230000
 329          235.82956000
 330          236.63704000
 331          237.44473000
 332          238.25264000
 333          239.06077000
 334          239.86911000
 335          240.67767000
 336          241.48643000
 337          242.29541000
 338          243.10460000
 339          243.91399000
 340          244.72358000
 341          245.53339000
 342          246.34339000
 343          247.15360000
 344          247.96400000
 345          248.77460000
 346          249.58541000
 347          250.39640000
 348          251.20760000
 349          252.01898000
 350          252.83056000
 351          253.64233000
 352          254.45428000
 353          255.26643000
 354          256.07876000
 355          256.89128000
 356          257.70399000
 357          258.51687000
 358          259.32994000
 359          260.14319000
 360          260.95662000
 361          261.77023000
 362          262.58402000
 363          263.39798000
 364          264.21211000
 365          265.02643000
 366          265.84091000
 367          266.65557000
 368          267.47039000
 369          268.28539000
 370          269.10056000
 371          269.91589000
 372          270.73139000
 373          271.54705000
 374          272.36288000
 375          273.17887000
 376          273.99503000
 377          274.81134000
 378          275.62782000
 379          276.44446000
 380          277.26125000
 381          278.07820000
 382          278.89531000
 383          279.71258000
 384          280.52999000
 385          281.34757000
 386          282.16529000
 387          282.98317000
 388          283.80120000
 389          284.61937000
 390          285.43770000
 391          286.25617000
 392          287.07480000
 393          287.89356000
 394          288.71248000
 395          289.53154000
 396          290.35074000
 397          291.17008000
 398          291.98957000
 399          292.80920000
 400          293.62897000
 401          294.44888000
 402          295.26893000
 403          296.08911000
 404          296.90944000
 405          297.72990000
 406          298.55049000
 407          299.37122000
 408          300.19209000
 409          301.01309000
 410          301.83422000
 411          302.65548000
 412          303.47687000
 413          304.29840000
 414          305.12005000
 415          305.94183000
 416          306.76375000
 417          307.58578000
 418          308.40795000
 419          309.23024000
 420          310.05266000
 421          310.87831000
 422          311.70099000
 423          312.52378000
 424          313.34670000
 425          314.16974000
 426          314.99291000
 427          315.81619000
 428          316.63960000
 429          317.46312000
 430          318.28676000
 431          319.11052000
 432          319.93440000
 433          320.75840000
 434          321.58251000
 435          322.40673000
 436          323.23108000
 437          324.05554000
 438          324.88011000
 439          325.70479000
 440          326.52958000
 441          327.35449000
 442          328.17951000
 443          329.00465000
 444          329.82989000
 445          330.65524000
 446          331.48070000
 447          332.30626000
 448          333.13194000
 449          333.95773000
 450          334.78362000
 451          335.60962000
 452          336.43572000
 453          337.26193000
 454          338.08824000
 455          338.91466000
 456          339.74119000
 457          340.56781000
 458          341.39453000
 459          342.22136000
 460          343.04830000
 461          343.87533000
 462          344.70247000
 463          345.53315000
 464          346.36050000
 465          347.18793000
 466          348.01548000
 467          348.84312000
 468          349.67085000
 469          350.49869000
 470          351.32662000
 471          352.15464000
 472          352.98277000
 473          353.81099000
 474          354.63929000
 475          355.46771000
 476          356.29621000
 477          357.12480000
 478          357.95349000
 479          358.78228000
 480          359.61114000
 481          360.44011000
 482          361.26916000
 483          362.09832000
 484          362.92756000
 485          363.76052000
 486          364.58995000
 487          365.41946000
 488          366.24908000
 489          367.07876000
 490          367.90855000
 491          368.73842000
 492          369.56838000
 493          370.39842000
 494          371.22855000
 495          372.05877000
 496          372.88908000
 497          373.71946000
 498          374.54994000
 499          375.38049000
 500          376.21114000
 501          377.04563000
 502          377.87644000
 503          378.70735000
 504          379.53833000
 505          380.36939000
 506          381.20055000
 507          382.03178000
 508          382.86308000
 509          383.69448000
 510          384.52595000
 511          385.35750000
 512          386.18914000
 513          387.02085000
 514          387.85652000
 515          388.68840000
 516          389.52035000
 517          390.35240000
 518          391.18451000
 519          392.01670000
 520          392.84897000
 521          393.68131000
 522          394.51373000
 523          395.34624000
 524          396.18277000
 525          397.01543000
 526          397.84816000
 527          398.68097000
 528          399.51385000
 529          400.34681000
 530          401.17984000
 531          402.01295000
 532          402.84613000
 533          403.68342000
 534          404.51674000
 535          405.35015000
 536          406.18363000
 537          407.01718000
 538          407.85080000
 539          408.68450000
 540          409.51825000
 541          410.35620000
 542          411.19011000
 543          412.02410000
 544          412.85815000
 545          413.69227000
 546          414.52647000
 547          415.36073000
 548          416.19923000
 549          417.03363000
 550          417.86811000
 551          418.70265000
 552          419.53726000
 553          420.37194000
 554          421.20668000
 555          422.04572000
 556          422.88061000
 557          423.71557000
 558          424.55059000
 559          425.38567000
 560          426.22084000
 561          427.06032000
 562          427.89561000
 563          428.73098000
 564          429.56640000
 565          430.40188000
 566          431.23743000
 567          432.07737000
 568          432.91305000
 569          433.74881000
 570          434.58462000
 571          435.42050000
 572          436.26081000
 573          437.09681000
 574          437.93288000
 575          438.76902000
 576          439.60522000
 577          440.44588000
 578          441.28221000
 579          442.11861000
 580          442.95506000
 581          443.79601000
 582          444.63259000
 583          445.46923000
 584          446.30594000
 585          447.14269000
 586          447.98400000
 587          448.82088000
 588          449.65783000
 589          450.49484000
 590          451.33642000
 591          452.17356000
 592          453.01075000
 593          453.84800000
 594          454.68985000
 595          455.52723000
 596          456.36466000
 597          457.20215000
 598          458.04428000
 599          458.88189000
 600          459.71956000
 601          460.55729000
 602          461.39968000
 603          462.23753000
 604          463.07544000
 605          463.91803000
 606          464.75606000
 607          465.59413000
 608          466.43227000
 609          467.27513000
 610          468.11338000
 611          468.95169000
 612          469.79475000
 613          470.63317000
 614          471.47165000
 615          472.31491000
 616          473.15351000
 617          473.99215000
 618          474.83561000
 619          475.67437000
 620          476.51319000
 621          477.35683000
 622          478.19576000
 623          479.03475000
 624          479.87858000
 625          480.71768000
 626          481.55683000
 627          482.40085000
 628          483.24012000
 629          484.07943000
 630          484.92365000
 631          485.76307000
 632          486.60741000
 633          487.44695000
 634          488.28653000
 635          489.13106000
 636          489.97076000
 637          490.81541000
 638          491.65522000
 639          492.49508000
 640          493.33991000
 641          494.17988000
 642          495.02484000
 643          495.86491000
 644          496.70503000
 645          497.55017000
 646          498.39040000
 647          499.23567000
 648          500.07600000
 649          500.92138000
 650          501.76182000
 651          502.60734000
 652          503.44788000
 653          504.28847000
 654          505.13416000
 655          505.97485000
 656          506.82066000
 657          507.66146000
 658          508.50739000
 659          509.34829000
 660          510.19434000
 661          511.03535000
 662          511.88150000
 663          512.72262000
 664          513.56890000
 665          514.41010000
 666          515.25651000
 667          516.09782000
 668          516.94434000
 669          517.78574000
 670          518.63238000
 671          519.47389000
 672          520.32063000
 673          521.16746000
 674          522.00911000
 675          522.85604000
 676          523.69780000
 677          524.54484000
 678          525.38670000
 679          526.23386000
 680          527.08109000
 681          527.92308000
 682          528.77042000
 683          529.61253000
 684          530.45997000
 685          531.30748000
 686          532.14973000
 687          532.99734000
 688          533.83970000
 689          534.68743000
 690          535.53522000
 691          536.37771000
 692          537.22561000
 693          538.07358000
 694          538.91622000
 695          539.76429000
 696          540.61242000
 697          541.45520000
 698          542.30345000
 699          543.15175000
 700          543.99468000
 701          544.84309000
 702          545.69156000
 703          546.53462000
 704          547.38320000
 705          548.23184000
 706          549.07505000
 707          549.92380000
 708          550.77260000
 709          551.62146000
 710          552.46486000
 711          553.31382000
 712          554.16285000
 713          555.01194000
 714          555.85552000
 715          556.70470000
 716          557.55396000
 717          558.40325000
 718          559.24703000
 719          560.09644000
 720          560.94591000
 721          561.79543000
 722          562.64501000
 723          563.48901000
 724          564.33870000
 725          565.18844000
 726          566.03823000
 727          566.88809000
 728          567.73800000
 729          568.58228000
 730          569.43229000
 731          570.28236000
 732          571.13249000
 733          571.98266000
 734          572.83290000
 735          573.68319000
 736          574.52779000
 737          575.37819000
 738          576.22863000
 739          577.07913000
 740          577.92969000
 741          578.78030000
 742          579.63097000
 743          580.48169000
 744          581.33246000
 745          582.18329000
 746          583.03418000
 747          583.88512000
 748          584.73027000
 749          585.58131000
 750          586.43240000
 751          587.28355000
 752          588.13475000
 753          588.98601000
 754          589.83731000
 755          590.68867000
 756          591.54008000
 757          592.39156000
 758          593.24308000
 759          594.09465000
 760          594.94628000
 761          595.79796000
 762          596.65566000
 763          597.50745000
 764          598.35930000
 765          599.21121000
 766          600.06316000
 767          600.91517000
 768          601.76723000
 769          602.61934000
 770          603.47151000
 771          604.32373000
 772          605.17599000
 773          606.02831000
 774          606.88674000
 775          607.73918000
 776          608.59167000
 777          609.44421000
 778          610.29680000
 779          611.14944000
 780          612.00824000
 781          612.86100000
 782          613.71380000
 783          614.56666000
 784          615.41956000
 785          616.27253000
 786          617.13170000
 787          617.98476000
 788          618.83789000
 789          619.69107000
 790          620.55048000
 791          621.40376000
 792          622.25710000
 793          623.11049000
 794          623.97015000
 795          624.82365000
 796          625.67718000
 797          626.53078000
 798          627.39068000
 799          628.24439000
 800          629.09815000
 801          629.95824000
 802          630.81210000
 803          631.66602000
 804          632.52630000
 805          633.38032000
 806          634.23439000
 807          635.09486000
 808          635.94903000
 809          636.80326000
 810          637.66391000
 811          638.51824000
 812          639.37901000
 813          640.23346000
 814          641.08795000
 815          641.94891000
 816          642.80350000
 817          643.66458000
 818          644.51928000
 819          645.38049000
 820          646.23530000
 821          647.09662000
 822          647.95154000
 823          648.80651000
 824          649.66801000
 825          650.52309000
 826          651.38471000
 827          652.23989000
 828          653.10164000
 829          653.96345000
 830          654.81880000
 831          655.68074000
 832          656.53618000
 833          657.39824000
 834          658.25380000
 835          659.11598000
 836          659.97163000
 837          660.83393000
 838          661.69630000
 839          662.55211000
 840          663.41461000
 841          664.27053000
 842          665.13313000
 843          665.99581000
 844          666.85189000
 845          667.71468000
 846          668.57754000
 847          669.43378000
 848          670.29676000
 849          671.15981000
 850          672.01620000
 851          672.87936000
 852          673.74259000
 853          674.60588000
 854          675.46250000
 855          676.32591000
 856          677.18938000
 857          678.05292000
 858          678.90975000
 859          679.77341000
 860          680.63713000
 861          681.50092000
 862          682.35795000
 863          683.22186000
 864          684.08583000
 865          684.94986000
 866          685.81395000
 867          686.67811000
 868          687.53548000
 869          688.39975000
 870          689.26408000
 871          690.12849000
 872          690.99296000
 873          691.85748000
 874          692.72207000
 875          693.57981000
 876          694.44452000
 877          695.30930000
 878          696.17413000
 879          697.03903000
 880          697.90399000
 881          698.76901000
 882          699.63410000
 883          700.49925000
 884          701.36446000
 885          702.22973000
 886          703.09507000
 887          703.96046000
 888          704.82593000
 889          705.69146000
 890          706.55704000
 891          707.42268000
 892          708.28840000
 893          709.15417000
 894          710.02001000
 895          710.88591000
 896          711.75187000
 897          712.62499000
 898          713.49109000
 899          714.35724000
 900          715.22345000
 901          716.08973000
 902          716.95607000
 903          717.82248000
 904          718.68894000
 905          719.56264000
 906          720.42922000
 907          721.29589000
 908          722.16260000
 909          723.02939000
 910          723.90344000
 911          724.77035000
 912          725.63732000
 913          726.50436000
 914          727.37146000
 915          728.24587000
 916          729.11310000
 917          729.98039000
 918          730.85502000
 919          731.72244000
 920          732.58992000
 921          733.45746000
 922          734.33238000
 923          735.20006000
 924          736.06778000
 925          736.94292000
 926          737.81079000
 927          738.67871000
 928          739.55406000
 929          740.42211000
 930          741.29761000
 931          742.16580000
 932          743.03405000
 933          743.90976000
 934          744.77814000
 935          745.65400000
 936          746.52251000
 937          747.39851000
 938          748.26715000
 939          749.14330000
 940          750.01207000
 941          750.88089000
 942          751.75726000
 943          752.62621000
 944          753.50273000
 945          754.37932000
 946          755.24847000
 947          756.12522000
 948          756.99449000
 949          757.87138000
 950          758.74079000
 951          759.61782000
 952          760.49493000
 953          761.36454000
 954          762.24179000
 955          763.11152000
 956          763.98892000
 957          764.86640000
 958          765.73633000
 959          766.61395000
 960          767.49165000
 961          768.36177000
 962          769.23962000
 963          770.11753000
 964          770.98786000
 965          771.86592000
 966          772.74406000
 967          773.62228000
 968          774.49287000
 969          775.37123000
 970          776.24966000
 971          777.12818000
 972          777.99903000
 973          778.87769000
 974          779.75643000
 975          780.63524000
 976          781.51412000
 977          782.38530000
 978          783.26433000
 979          784.14344000
 980          785.02263000
 981          785.90189000
 982          786.78123000
 983          787.66064000
 984          788.54012000
 985          789.41183000
 986          790.29147000
 987          791.17117000
 988          792.05096000
 989          792.93082000
 990          793.81075000
 991          794.69077000
 992          795.57085000
 993          796.45101000
 994          797.33125000
 995          798.21157000
 996          799.09196000
 997          799.97243000
 998          800.85297000
 999          801.73358000
1000          802.61427000
1001          803.49505000
1002          804.37588000
1003          805.25681000
1004          806.14581000
1005          807.02689000
1006          807.90805000
1007          808.78928000
1008          809.67058000
1009          810.55197000
1010          811.43342000
1011          812.31496000
1012          813.20465000
1013          814.08633000
1014          814.96810000
1015          815.84994000
1016          816.73185000
1017          817.62197000
1018          818.50405000
1019          819.38619000
1020          820.26842000
1021          821.15888000
1022          822.04126000
1023          822.92372000
1024          823.80625000
1025          824.69705000
1026          825.57975000
1027          826.46251000
1028          827.35357000
1029          828.23650000
1030          829.11949000
1031          830.01082000
1032          830.89398000
1033          831.78547000
1034          832.66879000
1035          833.55217000
1036          834.44393000
1037          835.32748000
1038          836.21941000
1039          837.10312000
1040          837.98690000
1041          838.87907000
1042          839.76302000
1043          840.65538000
1044          841.53948000
1045          842.43201000
1046          843.31627000
1047          844.20897000
1048          845.09339000
1049          845.98627000
1050          846.87084000
1051          847.76390000
1052          848.65705000
1053          849.54186000
1054          850.43517000
1055          851.32014000
1056          852.21364000
1057          853.10723000
1058          853.99243000
1059          854.88620000
1060          855.78006000
1061          856.66550000
1062          857.55953000
1063          858.45365000
1064          859.33933000
1065          860.23362000
1066          861.12801000
1067          862.01393000
1068          862.90850000
1069          863.80314000
1070          864.69788000
1071          865.58413000
1072          866.47904000
1073          867.37405000
1074          868.26914000
1075          869.16433000
1076          870.05097000
1077          870.94634000
1078          871.84179000
1079          872.73733000
1080          873.63297000
1081          874.52868000
1082          875.41582000
1083          876.31172000
1084          877.20771000
1085          878.10379000
1086          878.99995000
1087          879.89621000
1088          880.79256000
1089          881.68900000
1090          882.58554000
1091          883.48216000
1092          884.37887000
1093          885.27567000
1094          886.17257000
1095          887.06956000
1096          887.96663000
1097          888.86379000
1098          889.76105000
1099          890.65840000
1100          891.55584000
1101          892.45336000
1102          893.35098000
1103          894.24869000
1104          895.14649000
1105          896.04438000
1106          896.94236000
1107          897.84933000
1108          898.74749000
1109          899.64576000
1110          900.54410000
1111          901.44254000
1112          902.34107000
1113          903.24863000
1114          904.14736000
1115          905.04617000
1116          905.94507000
1117          906.84406000
1118          907.75213000
1119          908.65130000
1120          909.55057000
1121          910.44994000
1122          911.35841000
1123          912.25795000
1124          913.15759000
1125          914.06637000
1126          914.96620000
1127          915.86611000
1128          916.77519000
1129          917.67530000
1130          918.57549000
1131          919.48487000
1132          920.38527000
1133          921.28574000
1134          922.19542000
1135          923.09609000
1136          924.00598000
1137          924.90683000
1138          925.81693000
1139          926.71797000
1140          927.61911000
1141          928.52951000
1142          929.43082000
1143          930.34143000
1144          931.24293000
1145          932.15375000
1146          933.05544000
1147          933.96646000
1148          934.87758000
1149          935.77957000
1150          936.69090000
1151          937.59307000
1152          938.50460000
1153          939.40697000
1154          940.31870000
1155          941.23055000
1156          942.13319000
1157          943.04524000
1158          943.95740000
1159          944.86033000
1160          945.77269000
1161          946.68516000
1162          947.58838000
1163          948.50106000
1164          949.41383000
1165          950.31734000
1166          951.23032000
1167          952.14342000
1168          953.05662000
1169          953.96050000
1170          954.87390000
1171          955.78741000
1172          956.70104000
1173          957.60530000
1174          958.51913000
1175          959.43305000
1176          960.34709000
1177          961.26122000
1178          962.17547000
1179          963.08032000
1180          963.99478000
1181          964.90934000
1182          965.82400000
1183          966.73877000
1184          967.65365000
1185          968.56863000
1186          969.48372000
1187          970.39892000
1188          971.31422000
1189          972.22963000
1190          973.14515000
1191          974.06077000
1192          974.97651000
1193          975.89234000
1194          976.80828000
1195          977.72432000
1196          978.64048000
1197          979.55674000
1198          980.47310000
1199          981.38958000
1200          982.30616000
1201          983.22285000
1202          984.13964000
1203          985.05653000
1204          985.97353000
1205          986.89064000
1206          987.81760000
1207          988.73493000
1208          989.65237000
1209          990.56991000
1210          991.48756000
1211          992.40531000
1212          993.33296000
1213          994.25095000
1214          995.16903000
1215          996.08721000
1216          997.00551000
1217          997.93374000
1218          998.85225000
1219          999.77087000
1220         1000.69947000
1221         1001.61830000
1222         1002.53725000
1223         1003.45630000
1224         1004.38535000
1225         1005.30462000
1226         1006.22401000
1227         1007.15341000
1228         1008.07301000
1229         1009.00265000
1230         1009.92247000
1231         1010.84240000
1232         1011.77240000
1233         1012.69255000
1234         1013.61280000
1235         1014.54314000
1236         1015.46362000
1237         1016.39420000
1238         1017.31489000
1239         1018.24571000
1240         1019.16662000
1241         1020.09768000
1242         1021.01882000
1243         1021.95011000
1244         1022.87147000
1245         1023.80300000
1246         1024.72457000
1247         1025.65635000
1248         1026.57814000
1249         1027.51015000
1250         1028.44227000
1251         1029.36441000
1252         1030.29678000
1253         1031.21913000
1254         1032.15172000
1255         1033.08445000
1256         1034.00713000
1257         1034.94010000
1258         1035.87318000
1259         1036.79621000
1260         1037.72952000
1261         1038.66298000
1262         1039.58633000
1263         1040.52001000
1264         1041.45382000
1265         1042.37750000
1266         1043.31155000
1267         1044.24571000
1268         1045.18000000
1269         1046.11441000
1270         1047.03866000
1271         1047.97331000
1272         1048.90808000
1273         1049.84297000
1274         1050.77799000
1275         1051.70280000
1276         1052.63805000
1277         1053.57343000
1278         1054.50892000
1279         1055.44455000
1280         1056.38029000
1281         1057.31615000
1282         1058.24176000
1283         1059.17787000
1284         1060.11409000
1285         1061.05044000
1286         1061.98691000
1287         1062.92350000
1288         1063.86021000
1289         1064.79706000
1290         1065.73402000
1291         1066.67110000
1292         1067.60831000
1293         1068.54563000
1294         1069.48309000
1295         1070.42067000
1296         1071.35836000
1297         1072.29618000
1298         1073.23412000
1299         1074.17218000
1300         1075.11037000
1301         1076.04868000
1302         1076.98712000
1303         1077.93624000
1304         1078.87493000
1305         1079.81373000
1306         1080.75266000
1307         1081.69172000
1308         1082.63089000
1309         1083.57019000
1310         1084.52024000
1311         1085.45979000
1312         1086.39946000
1313         1087.33926000
1314         1088.27918000
1315         1089.22989000
1316         1090.17007000
1317         1091.11036000
1318         1092.05077000
1319         1093.00202000
1320         1093.94269000
1321         1094.88348000
1322         1095.82440000
1323         1096.77617000
1324         1097.71735000
1325         1098.65863000
1326         1099.61082000
1327         1100.55236000
1328         1101.49402000
1329         1102.44661000
1330         1103.38853000
1331         1104.34138000
1332         1105.28355000
1333         1106.22585000
1334         1107.17909000
1335         1108.12165000
1336         1109.07517000
1337         1110.01797000
1338         1110.97177000
1339         1111.91482000
1340         1112.85800000
1341         1113.81219000
1342         1114.75563000
1343         1115.71009000
1344         1116.65377000
1345         1117.60850000
1346         1118.55244000
1347         1119.50745000
1348         1120.46259000
1349         1121.40692000
1350         1122.36233000
1351         1123.30690000
1352         1124.26259000
1353         1125.20742000
1354         1126.16337000
1355         1127.11946000
1356         1128.06467000
1357         1129.02104000
1358         1129.97754000
1359         1130.92313000
1360         1131.87991000
1361         1132.82575000
1362         1133.78280000
1363         1134.73999000
1364         1135.69732000
1365         1136.64367000
1366         1137.60126000
1367         1138.55899000
1368         1139.50574000
1369         1140.46374000
1370         1141.42189000
1371         1142.38018000
1372         1143.33859000
1373         1144.28598000
1374         1145.24467000
1375         1146.20350000
1376         1147.16247000
1377         1148.12158000
1378         1149.06961000
1379         1150.02900000
1380         1150.98851000
1381         1151.94817000
1382         1152.90797000
1383         1153.86791000
1384         1154.82797000
1385         1155.77692000
1386         1156.73726000
1387         1157.69774000
1388         1158.65837000
1389         1159.61913000
1390         1160.58003000
1391         1161.54108000
1392         1162.50225000
1393         1163.46357000
1394         1164.42503000
1395         1165.38663000
1396         1166.34837000
1397         1167.31024000
1398         1168.27227000
1399         1169.23442000
1400         1170.19671000
1401         1171.15915000
1402         1172.12171000
1403         1173.08443000
1404         1174.04728000
1405         1175.01027000
1406         1175.97340000
1407         1176.94813000
1408         1177.91154000
1409         1178.87510000
1410         1179.83879000
1411         1180.80263000
1412         1181.76660000
1413         1182.73071000
1414         1183.70648000
1415         1184.67089000
1416         1185.63542000
1417         1186.60010000
1418         1187.56492000
1419         1188.54144000
1420         1189.50654000
1421         1190.47178000
1422         1191.43716000
1423         1192.41428000
1424         1193.37996000
1425         1194.34577000
1426         1195.31171000
1427         1196.28943000
1428         1197.25566000
1429         1198.22204000
1430         1199.20021000
1431         1200.16687000
1432         1201.13366000
1433         1202.11229000
1434         1203.07937000
1435         1204.04660000
1436         1205.02567000
1437         1205.99319000
1438         1206.96084000
1439         1207.94037000
1440         1208.90830000
1441         1209.88813000
1442         1210.85636000
1443         1211.83649000
1444         1212.80500000
1445         1213.77365000
1446         1214.75424000
1447         1215.72318000
1448         1216.70407000
1449         1217.67329000
1450         1218.65448000
1451         1219.62399000
1452         1220.60549000
1453         1221.57529000
1454         1222.55709000
1455         1223.52718000
1456         1224.50929000
1457         1225.49155000
1458         1226.46206000
1459         1227.44463000
1460         1228.41543000
1461         1229.39831000
1462         1230.38133000
1463         1231.35257000
1464         1232.33590000
1465         1233.30743000
1466         1234.29106000
1467         1235.27485000
1468         1236.24681000
1469         1237.23091000
1470         1238.21516000
1471         1239.18755000
1472         1240.17211000
1473         1241.15682000
1474         1242.14169000
1475         1243.11466000
1476         1244.09984000
1477         1245.08516000
1478         1246.07065000
1479         1247.04420000
1480         1248.02999000
1481         1249.01593000
1482         1250.00204000
1483         1250.97617000
1484         1251.96258000
1485         1252.94913000
1486         1253.93585000
1487         1254.92272000
1488         1255.90975000
1489         1256.88477000
1490         1257.87211000
1491         1258.85960000
1492         1259.84723000
1493         1260.83504000
1494         1261.82299000
1495         1262.81111000
1496         1263.79938000
1497         1264.77557000
1498         1265.76414000
1499         1266.75287000
1500         1267.74175000
1501         1268.73080000
1502         1269.71999000
1503         1270.70934000
1504         1271.69887000
1505         1272.68852000
1506         1273.67835000
1507         1274.66833000
1508         1275.65846000
1509         1276.64876000
1510         1277.63921000
1511         1278.62981000
1512         1279.62057000
1513         1280.61148000
1514         1281.60256000
1515         1282.60618000
1516         1283.59757000
1517         1284.58912000
1518         1285.58083000
1519         1286.57270000
1520         1287.56471000
1521         1288.55688000
1522         1289.54922000
1523         1290.54170000
1524         1291.54681000
1525         1292.53962000
1526         1293.53258000
1527         1294.52571000
1528         1295.51898000
1529         1296.52493000
1530         1297.51852000
1531         1298.51227000
1532         1299.50619000
1533         1300.50025000
1534         1301.50703000
1535         1302.50141000
1536         1303.49596000
1537         1304.49066000
1538         1305.49811000
1539         1306.49312000
1540         1307.48831000
1541         1308.49625000
1542         1309.49175000
1543         1310.48740000
1544         1311.49586000
1545         1312.49183000
1546         1313.48796000
1547         1314.49691000
1548         1315.49336000
1549         1316.48998000
1550         1317.49943000
1551         1318.49636000
1552         1319.49344000
1553         1320.50340000
1554         1321.50081000
1555         1322.51111000
1556         1323.50883000
1557         1324.51947000
1558         1325.51752000
1559         1326.51573000
1560         1327.52687000
1561         1328.52539000
1562         1329.53687000
1563         1330.53571000
1564         1331.54753000
1565         1332.54669000
1566         1333.55885000
1567         1334.55834000
1568         1335.57083000
1569         1336.57064000
1570         1337.58347000
1571         1338.59648000
1572         1339.59677000
1573         1340.61011000
1574         1341.61073000
1575         1342.62441000
1576         1343.62534000
1577         1344.63937000
1578         1345.65356000
1579         1346.65498000
1580         1347.66951000
1581         1348.68422000
1582         1349.68612000
1583         1350.70116000
1584         1351.70339000
1585         1352.71877000
1586         1353.73434000
1587         1354.75006000
1588         1355.75294000
1589         1356.76900000
1590         1357.78525000
1591         1358.78861000
1592         1359.80519000
1593         1360.82193000
1594         1361.83887000
1595         1362.84288000
1596         1363.86014000
1597         1364.87758000
1598         1365.89519000
1599         1366.89985000
1600         1367.91780000
1601         1368.93592000
1602         1369.95421000
1603         1370.97268000
1604         1371.97816000
1605         1372.99697000
1606         1374.01595000
1607         1375.03510000
1608         1376.05443000
1609         1377.07393000
1610         1378.09361000
1611         1379.10024000
1612         1380.12024000
1613         1381.14043000
1614         1382.16079000
1615         1383.18132000
1616         1384.20203000
1617         1385.22290000
1618         1386.24395000
1619         1387.26519000
1620         1388.28659000
1621         1389.30815000
1622         1390.32990000
1623         1391.35182000
1624         1392.37391000
1625         1393.39618000
1626         1394.41862000
1627         1395.44123000
1628         1396.46402000
1629         1397.48698000
1630         1398.51012000
1631         1399.53342000
1632         1400.55691000
1633         1401.58056000
1634         1402.60438000
1635         1403.62839000
1636         1404.65257000
1637         1405.67691000
1638         1406.70143000
1639         1407.72613000
1640         1408.75099000
1641         1409.78952000
1642         1410.81474000
1643         1411.84014000
1644         1412.86571000
1645         1413.89146000
1646         1414.91738000
1647         1415.94347000
1648         1416.98327000
1649         1418.00972000
1650         1419.03635000
1651         1420.06314000
1652         1421.09011000
1653         1422.13082000
1654         1423.15816000
1655         1424.18565000
1656         1425.21332000
1657         1426.25478000
1658         1427.28281000
1659         1428.31101000
1660         1429.33938000
1661         1430.38158000
1662         1431.41031000
1663         1432.43921000
1664         1433.48196000
1665         1434.51122000
1666         1435.54065000
1667         1436.57026000
1668         1437.61375000
1669         1438.64371000
1670         1439.67384000
1671         1440.71789000
1672         1441.74838000
1673         1442.79280000
1674         1443.82365000
1675         1444.85466000
1676         1445.89964000
1677         1446.93101000
1678         1447.97636000
1679         1449.00809000
1680         1450.03999000
1681         1451.08590000
1682         1452.11816000
1683         1453.16443000
1684         1454.19705000
1685         1455.24370000
1686         1456.27667000
1687         1457.32369000
1688         1458.35702000
1689         1459.39052000
1690         1460.43809000
1691         1461.48587000
1692         1462.51991000
1693         1463.56804000
1694         1464.60244000
1695         1465.65095000
1696         1466.68571000
1697         1467.73459000
1698         1468.76969000
1699         1469.81895000
1700         1470.85442000
1701         1471.90405000
1702         1472.95387000
1703         1473.98988000
1704         1475.04007000
1705         1476.07642000
1706         1477.12700000
1707         1478.17775000
1708         1479.21465000
1709         1480.26578000
1710         1481.31711000
1711         1482.35454000
1712         1483.40624000
1713         1484.45814000
1714         1485.49610000
1715         1486.54837000
1716         1487.60081000
1717         1488.63933000
1718         1489.69215000
1719         1490.74517000
1720         1491.78421000
1721         1492.83760000
1722         1493.89119000
1723         1494.94495000
1724         1495.98473000
1725         1497.03887000
1726         1498.09321000
1727         1499.14773000
1728         1500.18822000
1729         1501.24312000
1730         1502.29821000
1731         1503.35350000
1732         1504.40897000
1733         1505.45036000
1734         1506.50621000
1735         1507.56225000
1736         1508.61847000
1737         1509.67489000
1738         1510.73150000
1739         1511.78830000
1740         1512.83097000
1741         1513.88813000
1742         1514.94550000
1743         1516.00306000
1744         1517.06081000
1745         1518.11875000
1746         1519.17688000
1747         1520.23520000
1748         1521.29371000
1749         1522.35242000
1750         1523.41131000
1751         1524.45595000
1752         1525.51523000
1753         1526.57469000
1754         1527.63433000
1755         1528.69418000
1756         1529.75421000
1757         1530.81443000
1758         1531.87484000
1759         1532.93544000
1760         1533.99624000
1761         1535.05722000
1762         1536.11840000
1763         1537.17977000
1764         1538.24133000
1765         1539.30308000
1766         1540.37959000
1767         1541.44172000
1768         1542.50405000
1769         1543.56658000
1770         1544.62929000
1771         1545.69220000
1772         1546.75529000
1773         1547.81858000
1774         1548.88206000
1775         1549.94573000
1776         1551.00959000
1777         1552.08830000
1778         1553.15255000
1779         1554.21699000
1780         1555.28163000
1781         1556.34645000
1782         1557.41146000
1783         1558.49138000
1784         1559.55679000
1785         1560.62239000
1786         1561.68817000
1787         1562.75415000
1788         1563.83508000
1789         1564.90144000
1790         1565.96800000
1791         1567.03476000
1792         1568.10170000
1793         1569.18363000
1794         1570.25097000
1795         1571.31850000
1796         1572.38621000
1797         1573.46894000
1798         1574.53706000
1799         1575.60535000
1800         1576.68870000
1801         1577.75739000
1802         1578.82627000
1803         1579.89534000
1804         1580.97950000
1805         1582.04896000
1806         1583.11862000
1807         1584.20338000
1808         1585.27342000
1809         1586.35859000
1810         1587.42903000
1811         1588.49966000
1812         1589.58543000
1813         1590.65645000
1814         1591.72766000
1815         1592.81405000
1816         1593.88565000
1817         1594.97245000
1818         1596.04444000
1819         1597.11662000
1820         1598.20402000
1821         1599.27660000
1822         1600.36441000
1823         1601.43738000
1824         1602.52560000
1825         1603.59895000
1826         1604.68758000
1827         1605.76132000
1828         1606.85037000
1829         1607.92450000
1830         1609.01395000
1831         1610.08848000
1832         1611.17833000
1833         1612.25325000
1834         1613.34352000
1835         1614.41883000
1836         1615.50950000
1837         1616.58520000
1838         1617.67628000
1839         1618.75237000
1840         1619.84387000
1841         1620.92035000
1842         1622.01225000
1843         1623.10435000
1844         1624.18142000
1845         1625.27394000
1846         1626.35140000
1847         1627.44433000
1848         1628.53745000
1849         1629.61552000
1850         1630.70906000
1851         1631.78751000
1852         1632.88145000
1853         1633.97561000
1854         1635.05465000
1855         1636.14922000
1856         1637.24400000
1857         1638.32362000
1858         1639.41881000
1859         1640.51420000
1860         1641.59443000
1861         1642.69023000
1862         1643.78623000
1863         1644.88245000
1864         1645.96347000
1865         1647.06009000
1866         1648.15693000
1867         1649.25397000
1868         1650.33578000
1869         1651.43323000
1870         1652.53089000
1871         1653.62876000
1872         1654.71136000
1873         1655.80964000
1874         1656.90812000
1875         1658.00682000
1876         1659.09021000
1877         1660.18932000
1878         1661.28864000
1879         1662.38816000
1880         1663.48789000
1881         1664.58783000
1882         1665.67241000
1883         1666.77276000
1884         1667.87331000
1885         1668.97408000
1886         1670.07505000
1887         1671.17624000
1888         1672.27763000
1889         1673.36361000
1890         1674.46540000
1891         1675.56742000
1892         1676.66963000
1893         1677.77207000
1894         1678.87470000
1895         1679.97755000
1896         1681.08060000
1897         1682.18387000
1898         1683.28734000
1899         1684.39102000
1900         1685.49491000
1901         1686.59901000
1902         1687.68758000
1903         1688.79209000
1904         1689.89680000
1905         1691.00173000
1906         1692.10687000
1907         1693.21220000
1908         1694.31776000
1909         1695.42351000
1910         1696.52949000
1911         1697.63566000
1912         1698.74205000
1913         1699.84865000
1914         1700.97130000
1915         1702.07833000
1916         1703.18555000
1917         1704.29300000
1918         1705.40064000
1919         1706.50851000
1920         1707.61658000
1921         1708.72485000
1922         1709.83333000
1923         1710.94203000
1924         1712.05093000
1925         1713.16005000
1926         1714.26937000
1927         1715.39486000
1928         1716.50461000
1929         1717.61457000
1930         1718.72473000
1931         1719.83511000
1932         1720.94569000
1933         1722.05648000
1934         1723.18351000
1935         1724.29472000
1936         1725.40615000
1937         1726.51778000
1938         1727.62963000
1939         1728.74169000
1940         1729.87003000
1941         1730.98251000
1942         1732.09520000
1943         1733.20809000
1944         1734.33731000
1945         1735.45063000
1946         1736.56417000
1947         1737.67792000
1948         1738.79188000
1949         1739.92219000
1950         1741.03657000
1951         1742.15116000
1952         1743.28214000
1953         1744.39715000
1954         1745.51237000
1955         1746.62781000
1956         1747.75966000
1957         1748.87552000
1958         1749.99159000
1959         1751.12412000
1960         1752.24061000
1961         1753.35731000
1962         1754.49050000
1963         1755.60763000
1964         1756.72497000
1965         1757.85881000
1966         1758.97658000
1967         1760.09456000
1968         1761.22906000
1969         1762.34747000
1970         1763.46608000
1971         1764.60125000
1972         1765.72029000
1973         1766.85590000
1974         1767.97537000
1975         1769.09505000
1976         1770.23131000
1977         1771.35143000
1978         1772.48814000
1979         1773.60867000
1980         1774.72941000
1981         1775.86679000
1982         1776.98796000
1983         1778.12578000
1984         1779.24738000
1985         1780.38564000
1986         1781.50767000
1987         1782.64638000
1988         1783.76883000
1989         1784.90799000
1990         1786.03087000
1991         1787.17047000
1992         1788.29377000
1993         1789.43381000
1994         1790.55754000
1995         1791.69803000
1996         1792.82220000
1997         1793.96313000
1998         1795.08771000
1999         1796.22910000
2000         1797.35411000
2001         1798.49592000
2002         1799.63798000
2003         1800.76364000
2004         1801.90613000
2005         1803.03222000
2006         1804.17515000
2007         1805.30167000
2008         1806.44506000
2009         1807.58867000
2010         1808.71582000
2011         1809.85989000
2012         1811.00416000
2013         1812.13197000
2014         1813.27670000
2015         1814.40492000
2016         1815.55010000
2017         1816.69550000
2018         1817.82437000
2019         1818.97023000
2020         1820.11630000
2021         1821.24581000
2022         1822.39233000
2023         1823.53907000
2024         1824.66925000
2025         1825.81643000
2026         1826.96384000
2027         1828.11149000
2028         1829.24252000
2029         1830.39061000
2030         1831.53892000
2031         1832.67059000
2032         1833.81936000
2033         1834.96834000
2034         1836.11755000
2035         1837.25008000
2036         1838.39974000
2037         1839.54963000
2038         1840.69974000
2039         1841.83315000
2040         1842.98370000
2041         1844.13448000
2042         1845.28549000
2043         1846.43673000
2044         1847.57121000
2045         1848.72290000
2046         1849.87481000
2047         1851.02694000
2048         1852.17930000
2049         1853.31487000
2050         1854.46767000
2051         1855.62071000
2052         1856.77398000
2053         1857.92746000
2054         1859.08118000
2055         1860.23512000
2056         1861.37221000
2057         1862.52660000
2058         1863.68121000
2059         1864.83605000
2060         1865.99111000
2061         1867.14642000
2062         1868.30193000
2063         1869.45768000
2064         1870.61366000
2065         1871.75270000
2066         1872.90912000
2067         1874.06577000
2068         1875.22265000
2069         1876.37974000
2070         1877.53707000
2071         1878.69464000
2072         1879.85242000
2073         1881.01043000
2074         1882.16867000
2075         1883.32713000
2076         1884.48583000
2077         1885.64474000
2078         1886.80389000
2079         1887.96326000
2080         1889.12286000
2081         1890.28269000
2082         1891.44274000
2083         1892.60302000
2084         1893.76353000
2085         1894.92427000
2086         1896.08523000
2087         1897.24642000
2088         1898.40785000
2089         1899.56949000
2090         1900.73135000
2091         1901.89346000
2092         1903.05578000
2093         1904.21834000
2094         1905.38111000
2095         1906.54412000
2096         1907.70736000
2097         1908.88826000
2098         1910.05196000
2099         1911.21588000
2100         1912.38003000
2101         1913.54441000
2102         1914.70902000
2103         1915.87385000
2104         1917.03891000
2105         1918.20420000
2106         1919.38723000
2107         1920.55298000
2108         1921.71896000
2109         1922.88517000
2110         1924.05160000
2111         1925.21825000
2112         1926.38514000
2113         1927.56984000
2114         1928.73719000
2115         1929.90476000
2116         1931.07257000
2117         1932.24061000
2118         1933.42648000
2119         1934.59498000
2120         1935.76371000
2121         1936.93265000
2122         1938.10183000
2123         1939.28890000
2124         1940.45855000
2125         1941.62841000
2126         1942.79851000
2127         1943.98653000
2128         1945.15709000
2129         1946.32788000
2130         1947.49889000
2131         1948.68787000
2132         1949.85935000
2133         1951.03105000
2134         1952.20299000
2135         1953.39291000
2136         1954.56531000
2137         1955.73793000
2138         1956.92857000
2139         1958.10167000
2140         1959.27498000
2141         1960.44853000
2142         1961.64012000
2143         1962.81413000
2144         1963.98835000
2145         1965.18067000
2146         1966.35538000
2147         1967.53030000
2148         1968.72333000
2149         1969.89872000
2150         1971.07433000
2151         1972.26809000
2152         1973.44416000
2153         1974.63839000
2154         1975.81494000
2155         1976.99171000
2156         1978.18666000
2157         1979.36389000
2158         1980.55932000
2159         1981.73702000
2160         1982.91495000
2161         1984.11110000
2162         1985.28948000
2163         1986.48612000
2164         1987.66497000
2165         1988.84404000
2166         1990.04139000
2167         1991.22093000
2168         1992.41877000
2169         1993.59877000
2170         1994.79709000
2171         1995.97755000
2172         1997.17635000
2173         1998.35728000
2174         1999.55655000
2175         2000.73795000
2176         2001.93771000
2177         2003.11957000
2178         2004.31981000
2179         2005.50214000
2180         2006.70286000
2181         2007.88564000
2182         2009.08685000
2183         2010.27010000
2184         2011.47179000
2185         2012.65550000
2186         2013.85767000
2187         2015.04185000
2188         2016.24450000
2189         2017.42915000
2190         2018.63227000
2191         2019.81738000
2192         2021.02099000
2193         2022.22484000
2194         2023.41066000
2195         2024.61498000
2196         2025.80127000
2197         2027.00608000
2198         2028.19282000
2199         2029.39811000
2200         2030.60366000
2201         2031.79110000
2202         2032.99713000
2203         2034.18503000
2204         2035.39154000
2205         2036.59829000
2206         2037.78690000
2207         2038.99413000
2208         2040.20161000
2209         2041.39092000
2210         2042.59888000
2211         2043.80709000
2212         2044.99709000
2213         2046.20577000
2214         2047.41471000
2215         2048.60543000
2216         2049.81484000
2217         2051.02449000
2218         2052.21591000
2219         2053.42605000
2220         2054.63644000
2221         2055.82854000
2222         2057.03942000
2223         2058.25054000
2224         2059.46190000
2225         2060.65495000
2226         2061.86679000
2227         2063.07887000
2228         2064.27263000
2229         2065.48520000
2230         2066.69801000
2231         2067.91108000
2232         2069.10576000
2233         2070.31931000
2234         2071.53309000
2235         2072.74712000
2236         2073.94275000
2237         2075.15727000
2238         2076.37203000
2239         2077.58704000
2240         2078.80229000
2241         2079.99910000
2242         2081.21483000
2243         2082.43080000
2244         2083.64703000
2245         2084.86351000
2246         2086.06148000
2247         2087.27844000
2248         2088.49563000
2249         2089.71308000
2250         2090.93077000
2251         2092.14871000
2252         2093.34809000
2253         2094.56651000
2254         2095.78518000
2255         2097.00408000
2256         2098.22324000
2257         2099.44264000
2258         2100.66229000
2259         2101.88217000
2260         2103.08345000
2261         2104.30383000
2262         2105.52444000
2263         2106.74531000
2264         2107.96643000
2265         2109.18778000
2266         2110.40938000
2267         2111.63123000
2268         2112.85332000
2269         2114.07566000
2270         2115.27929000
2271         2116.50211000
2272         2117.72518000
2273         2118.94849000
2274         2120.17205000
2275         2121.39586000
2276         2122.61991000
2277         2123.84421000
2278         2125.06875000
2279         2126.29353000
2280         2127.51857000
2281         2128.74385000
2282         2129.96938000
2283         2131.19514000
2284         2132.42115000
2285         2133.64742000
2286         2134.87393000
2287         2136.10068000
2288         2137.32768000
2289         2138.55492000
2290         2139.78242000
2291         2141.01015000
2292         2142.23814000
2293         2143.46637000
2294         2144.69484000
2295         2145.92357000
2296         2147.15252000
2297         2148.38174000
2298         2149.61119000
2299         2150.84090000
2300         2152.07084000
2301         2153.30105000
2302         2154.53148000
2303         2155.78141000
2304         2157.01236000
2305         2158.24354000
2306         2159.47498000
2307         2160.70666000
2308         2161.93858000
2309         2163.17075000
2310         2164.40317000
2311         2165.63583000
2312         2166.86874000
2313         2168.12122000
2314         2169.35463000
2315         2170.58829000
2316         2171.82218000
2317         2173.05634000
2318         2174.29073000
2319         2175.52536000
2320         2176.76025000
2321         2178.01478000
2322         2179.25017000
2323         2180.48580000
2324         2181.72167000
2325         2182.95780000
2326         2184.19417000
2327         2185.45023000
2328         2186.68711000
2329         2187.92423000
2330         2189.16159000
2331         2190.39919000
2332         2191.65654000
2333         2192.89466000
2334         2194.13302000
2335         2195.37161000
2336         2196.61047000
2337         2197.86910000
2338         2199.10844000
2339         2200.34804000
2340         2201.58789000
2341         2202.84754000
2342         2204.08788000
2343         2205.32847000
2344         2206.56931000
2345         2207.83000000
2346         2209.07134000
2347         2210.31292000
2348         2211.55474000
2349         2212.81647000
2350         2214.05879000
2351         2215.30137000
2352         2216.54419000
2353         2217.80694000
2354         2219.05025000
2355         2220.29383000
2356         2221.55735000
2357         2222.80142000
2358         2224.04573000
2359         2225.29030000
2360         2226.55485000
2361         2227.79991000
2362         2229.04522000
2363         2230.31055000
2364         2231.55636000
2365         2232.80242000
2366         2234.06851000
2367         2235.31507000
2368         2236.56187000
2369         2237.82875000
2370         2239.07606000
2371         2240.34344000
2372         2241.59126000
2373         2242.83931000
2374         2244.10747000
2375         2245.35602000
2376         2246.60483000
2377         2247.87377000
2378         2249.12307000
2379         2250.39253000
2380         2251.64233000
2381         2252.89239000
2382         2254.16262000
2383         2255.41317000
2384         2256.68392000
2385         2257.93498000
2386         2259.18628000
2387         2260.45781000
2388         2261.70960000
2389         2262.98166000
2390         2264.23395000
2391         2265.50652000
2392         2266.75933000
2393         2268.03241000
2394         2269.28572000
2395         2270.53928000
2396         2271.81313000
2397         2273.06719000
2398         2274.34157000
2399         2275.59612000
2400         2276.87101000
2401         2278.12608000
2402         2279.40150000
2403         2280.65706000
2404         2281.93299000
2405         2283.18905000
2406         2284.46551000
2407         2285.72208000
2408         2286.99905000
2409         2288.25612000
2410         2289.53360000
2411         2290.79118000
2412         2292.06918000
2413         2293.32726000
2414         2294.60579000
2415         2295.86437000
2416         2297.14342000
2417         2298.42273000
2418         2299.68207000
2419         2300.96190000
2420         2302.22173000
2421         2303.50209000
2422         2304.76243000
2423         2306.04330000
2424         2307.30415000
2425         2308.58554000
2426         2309.86720000
2427         2311.12879000
2428         2312.41097000
2429         2313.67307000
2430         2314.95576000
2431         2316.23872000
2432         2317.50158000
2433         2318.78506000
2434         2320.04842000
2435         2321.33243000
2436         2322.61669000
2437         2323.88081000
2438         2325.16559000
2439         2326.43021000
2440         2327.71552000
2441         2329.00108000
2442         2330.26646000
2443         2331.55256000
2444         2332.83891000
2445         2334.10504000
2446         2335.39192000
2447         2336.67906000
2448         2337.94595000
2449         2339.23362000
2450         2340.52154000
2451         2341.78919000
2452         2343.07763000
2453         2344.36634000
2454         2345.63475000
2455         2346.92397000
2456         2348.21347000
2457         2349.48264000
2458         2350.77265000
2459         2352.06293000
2460         2353.35347000
2461         2354.62365000
2462         2355.91472000
2463         2357.20604000
2464         2358.49763000
2465         2359.76883000
2466         2361.06095000
2467         2362.35332000
2468         2363.62527000
2469         2364.91817000
2470         2366.21133000
2471         2367.50475000
2472         2368.77773000
2473         2370.07168000
2474         2371.36588000
2475         2372.66035000
2476         2373.95509000
2477         2375.22934000
2478         2376.52460000
2479         2377.82013000
2480         2379.11591000
2481         2380.39117000
2482         2381.68748000
2483         2382.98405000
2484         2384.28089000
2485         2385.57800000
2486         2386.85452000
2487         2388.15215000
2488         2389.45003000
2489         2390.74820000
2490         2392.04661000
2491         2393.34530000
2492         2394.62335000
2493         2395.92255000
2494         2397.22202000
2495         2398.52175000
2496         2399.82175000
2497         2401.12201000
2498         2402.40159000
2499         2403.70238000
2500         2405.00343000
2501         2406.30474000
2502         2407.60633000
2503         2408.90817000
2504         2410.21028000
2505         2411.49164000
2506         2412.79427000
2507         2414.09717000
2508         2415.40032000
2509         2416.70374000
2510         2418.00743000
2511         2419.31138000
2512         2420.61560000
2513         2421.92009000
2514         2423.22484000
2515         2424.50875000
2516         2425.81403000
2517         2427.11956000
2518         2428.42536000
2519         2429.73142000
2520         2431.03775000
2521         2432.34435000
2522         2433.65121000
2523         2434.95834000
2524         2436.26572000
2525         2437.57338000
2526         2438.88130000
2527         2440.18948000
2528         2441.49793000
2529         2442.80665000
2530         2444.11562000
2531         2445.42487000
2532         2446.73437000
2533         2448.04415000
2534         2449.35419000
2535         2450.64322000
2536         2451.95378000
2537         2453.26460000
2538         2454.57570000
2539         2455.88706000
2540         2457.19868000
2541         2458.51056000
2542         2459.82272000
2543         2461.15648000
2544         2462.46917000
2545         2463.78212000
2546         2465.09534000
2547         2466.40883000
2548         2467.72258000
2549         2469.03660000
2550         2470.35088000
2551         2471.66543000
2552         2472.98024000
2553         2474.29532000
2554         2475.61066000
2555         2476.92627000
2556         2478.24214000
2557         2479.55828000
2558         2480.87469000
2559         2482.19135000
2560         2483.50829000
2561         2484.82549000
2562         2486.14295000
2563         2487.48220000
2564         2488.80020000
2565         2490.11847000
2566         2491.43701000
2567         2492.75581000
2568         2494.07487000
2569         2495.39421000
2570         2496.71380000
2571         2498.03366000
2572         2499.35379000
2573         2500.69578000
2574         2502.01645000
2575         2503.33739000
2576         2504.65858000
2577         2505.98004000
2578         2507.30177000
2579         2508.62376000
2580         2509.94602000
2581         2511.29022000
2582         2512.61303000
2583         2513.93609000
2584         2515.25941000
2585         2516.58301000
2586         2517.90687000
2587         2519.25272000
2588         2520.57713000
2589         2521.90179000
2590         2523.22673000
2591         2524.55192000
2592         2525.87738000
2593         2527.22489000
2594         2528.55090000
2595         2529.87716000
2596         2531.20370000
2597         2532.53050000
2598         2533.87938000
2599         2535.20672000
2600         2536.53432000
2601         2537.86220000
2602         2539.19033000
2603         2540.54060000
2604         2541.86927000
2605         2543.19821000
2606         2544.52742000
2607         2545.87881000
2608         2547.20855000
2609         2548.53855000
2610         2549.86884000
2611         2551.22132000
2612         2552.55213000
2613         2553.88323000
2614         2555.21457000
2615         2556.56816000
2616         2557.90006000
2617         2559.23221000
2618         2560.56463000
2619         2561.91932000
2620         2563.25228000
2621         2564.58552000
2622         2565.91901000
2623         2567.27481000
2624         2568.60884000
2625         2569.94314000
2626         2571.29978000
2627         2572.63462000
2628         2573.96973000
2629         2575.32719000
2630         2576.66284000
2631         2577.99875000
2632         2579.33493000
2633         2580.69351000
2634         2582.03022000
2635         2583.36721000
2636         2584.72662000
2637         2586.06414000
2638         2587.40192000
2639         2588.76218000
2640         2590.10051000
2641         2591.43910000
2642         2592.80017000
2643         2594.13931000
2644         2595.47872000
2645         2596.84062000
2646         2598.18057000
2647         2599.54303000
2648         2600.88351000
2649         2602.22426000
2650         2603.58756000
2651         2604.92886000
2652         2606.27041000
2653         2607.63455000
2654         2608.97665000
2655         2610.34133000
2656         2611.68398000
2657         2613.02688000
2658         2614.39240000
2659         2615.73585000
2660         2617.10194000
2661         2618.44591000
2662         2619.79018000
2663         2621.15709000
2664         2622.50188000
2665         2623.86935000
2666         2625.21469000
2667         2626.56029000
2668         2627.92860000
2669         2629.27474000
2670         2630.64361000
2671         2631.99030000
2672         2633.35972000
2673         2634.70694000
2674         2636.07693000
2675         2637.42470000
2676         2638.77272000
2677         2640.14354000
2678         2641.49211000
2679         2642.86349000
2680         2644.21261000
2681         2645.58454000
2682         2646.93420000
2683         2648.30670000
2684         2649.65689000
2685         2651.02995000
2686         2652.38069000
2687         2653.75429000
2688         2655.10558000
2689         2656.47975000
2690         2657.83156000
2691         2659.20629000
2692         2660.55865000
2693         2661.93395000
2694         2663.28685000
2695         2664.66270000
2696         2666.01615000
2697         2667.39256000
2698         2668.74654000
2699         2670.12351000
2700         2671.47803000
2701         2672.85556000
2702         2674.21063000
2703         2675.58872000
2704         2676.94433000
2705         2678.32297000
2706         2679.70190000
2707         2681.05833000
2708         2682.43783000
2709         2683.79479000
2710         2685.17483000
2711         2686.53235000
2712         2687.91296000
2713         2689.27101000
2714         2690.65218000
2715         2692.03363000
2716         2693.39250000
2717         2694.77451000
2718         2696.13392000
2719         2697.51649000
2720         2698.89934000
2721         2700.25957000
2722         2701.64299000
2723         2703.00376000
2724         2704.38773000
2725         2705.77199000
2726         2707.13357000
2727         2708.51839000
2728         2709.88053000
2729         2711.26590000
2730         2712.65157000
2731         2714.01450000
2732         2715.40073000
2733         2716.76422000
2734         2718.15100000
2735         2719.53806000
2736         2720.90237000
2737         2722.29000000
2738         2723.67791000
2739         2725.04303000
2740         2726.43151000
2741         2727.82026000
2742         2729.18620000
2743         2730.57551000
2744         2731.96511000
2745         2733.33187000
2746         2734.72203000
2747         2736.11247000
2748         2737.48005000
2749         2738.87105000
2750         2740.26233000
2751         2741.63073000
2752         2743.02257000
2753         2744.41471000
2754         2745.78392000
2755         2747.17661000
2756         2748.56959000
2757         2749.93962000
2758         2751.33315000
2759         2752.72697000
2760         2754.12108000
2761         2755.49220000
2762         2756.88686000
2763         2758.28182000
2764         2759.65377000
2765         2761.04928000
2766         2762.44506000
2767         2763.84115000
2768         2765.21419000
2769         2766.61083000
2770         2768.00775000
2771         2769.40496000
2772         2770.77909000
2773         2772.17686000
2774         2773.57491000
2775         2774.97325000
2776         2776.34847000
2777         2777.74737000
2778         2779.14656000
2779         2780.54602000
2780         2781.92234000
2781         2783.32237000
2782         2784.72268000
2783         2786.12328000
2784         2787.50070000
2785         2788.90185000
2786         2790.30330000
2787         2791.70503000
2788         2793.10704000
2789         2794.48582000
2790         2795.88840000
2791         2797.29125000
2792         2798.69440000
2793         2800.09783000
2794         2801.47798000
2795         2802.88197000
2796         2804.28625000
2797         2805.69080000
2798         2807.09564000
2799         2808.47718000
2800         2809.88258000
2801         2811.28827000
2802         2812.69424000
2803         2814.10050000
2804         2815.50704000
2805         2816.89022000
2806         2818.29732000
2807         2819.70471000
2808         2821.11239000
2809         2822.52034000
2810         2823.92859000
2811         2825.33712000
2812         2826.72221000
2813         2828.13130000
2814         2829.54068000
2815         2830.95034000
2816         2832.36028000
2817         2833.77052000
2818         2835.18103000
2819         2836.56805000
2820         2837.97913000
2821         2839.39049000
2822         2840.80213000
2823         2842.21407000
2824         2843.62628000
2825         2845.03878000
2826         2846.45157000
2827         2847.86464000
2828         2849.25414000
2829         2850.66778000
2830         2852.08169000
2831         2853.49589000
2832         2854.91039000
2833         2856.32515000
2834         2857.74021000
2835         2859.15556000
2836         2860.57118000
2837         2861.98710000
2838         2863.40330000
2839         2864.81978000
2840         2866.21259000
2841         2867.62963000
2842         2869.04696000
2843         2870.46458000
2844         2871.88248000
2845         2873.30066000
2846         2874.71913000
2847         2876.13789000
2848         2877.55694000
2849         2878.97627000
2850         2880.39587000
2851         2881.81578000
2852         2883.23596000
2853         2884.65643000
2854         2886.07718000
2855         2887.49822000
2856         2888.91955000
2857         2890.34115000
2858         2891.76305000
2859         2893.18523000
2860         2894.60770000
2861         2896.03045000
2862         2897.45349000
2863         2898.87681000
2864         2900.30041000
2865         2901.72431000
2866         2903.14849000
2867         2904.57296000
2868         2905.99771000
2869         2907.42274000
2870         2908.84805000
2871         2910.27366000
2872         2911.69956000
2873         2913.12573000
2874         2914.55220000
2875         2915.97894000
2876         2917.40597000
2877         2918.83329000
2878         2920.26089000
2879         2921.68878000
2880         2923.11696000
2881         2924.54542000
2882         2925.97417000
2883         2927.40320000
2884         2928.83251000
2885         2930.26212000
2886         2931.69201000
2887         2933.12218000
2888         2934.55263000
2889         2936.00777000
2890         2937.43882000
2891         2938.87014000
2892         2940.30175000
2893         2941.73365000
2894         2943.16583000
2895         2944.59831000
2896         2946.03105000
2897         2947.46410000
2898         2948.89743000
2899         2950.33103000
2900         2951.76493000
2901         2953.22361000
2902         2954.65809000
2903         2956.09285000
2904         2957.52790000
2905         2958.96324000
2906         2960.39885000
2907         2961.83477000
2908         2963.27095000
2909         2964.70743000
2910         2966.14419000
2911         2967.60583000
2912         2969.04317000
2913         2970.48081000
2914         2971.91873000
2915         2973.35692000
2916         2974.79540000
2917         2976.23418000
2918         2977.69789000
2919         2979.13724000
2920         2980.57688000
2921         2982.01681000
2922         2983.45702000
2923         2984.89752000
2924         2986.33831000
2925         2987.80408000
2926         2989.24545000
2927         2990.68710000
2928         2992.12903000
2929         2993.57125000
2930         2995.01376000
2931         2996.48132000
2932         2997.92441000
2933         2999.36778000
2934         3000.81145000
2935         3002.25540000
2936         3003.69963000
2937         3005.16896000
2938         3006.61377000
2939         3008.05888000
2940         3009.50427000
2941         3010.94994000
2942         3012.42076000
2943         3013.86701000
2944         3015.31355000
2945         3016.76037000
2946         3018.20748000
2947         3019.67979000
2948         3021.12748000
2949         3022.57546000
2950         3024.02372000
2951         3025.49722000
2952         3026.94607000
2953         3028.39519000
2954         3029.84462000
2955         3031.29432000
2956         3032.76930000
2957         3034.21959000
2958         3035.67016000
2959         3037.12102000
2960         3038.59718000
2961         3040.04862000
2962         3041.50035000
2963         3042.95236000
2964         3044.42972000
2965         3045.88231000
2966         3047.33520000
2967         3048.78835000
2968         3050.26690000
2969         3051.72065000
2970         3053.17468000
2971         3054.65413000
2972         3056.10874000
2973         3057.56364000
2974         3059.01883000
2975         3060.49947000
2976         3061.95524000
2977         3063.41130000
2978         3064.86764000
2979         3066.34946000
2980         3067.80638000
2981         3069.26359000
2982         3070.74631000
2983         3072.20411000
2984         3073.66218000
2985         3075.14579000
2986         3076.60445000
2987         3078.06340000
2988         3079.54790000
2989         3081.00743000
2990         3082.46725000
2991         3083.92735000
2992         3085.41304000
2993         3086.87373000
2994         3088.33471000
2995         3089.82130000
2996         3091.28286000
2997         3092.74469000
2998         3094.23217000
2999         3095.69460000
3000         3097.15731000
3001         3098.64569000
3002         3100.10898000
3003         3101.57255000
3004         3103.06184000
3005         3104.52600000
3006         3106.01587000
3007         3107.48061000
3008         3108.94564000
3009         3110.43642000
3010         3111.90202000
3011         3113.36792000
3012         3114.85959000
3013         3116.32606000
3014         3117.79284000
3015         3119.28539000
3016         3120.75275000
3017         3122.24591000
3018         3123.71384000
3019         3125.18206000
3020         3126.67612000
3021         3128.14492000
3022         3129.63958000
3023         3131.10896000
3024         3132.57863000
3025         3134.07419000
3026         3135.54443000
3027         3137.04060000
3028         3138.51143000
3029         3139.98255000
3030         3141.47960000
3031         3142.95131000
3032         3144.44897000
3033         3145.92125000
3034         3147.39382000
3035         3148.89238000
3036         3150.36553000
3037         3151.86468000
3038         3153.33842000
3039         3154.83817000
3040         3156.31249000
3041         3157.78710000
3042         3159.28775000
3043         3160.76294000
3044         3162.26419000
3045         3163.73996000
3046         3165.24181000
3047         3166.71817000
3048         3168.22061000
3049         3169.69756000
3050         3171.20061000
3051         3172.67814000
3052         3174.15594000
3053         3175.65989000
3054         3177.13828000
3055         3178.64282000
3056         3180.12181000
3057         3181.62696000
3058         3183.10651000
3059         3184.61226000
3060         3186.09240000
3061         3187.59876000
3062         3189.07949000
3063         3190.58644000
3064         3192.06774000
3065         3193.57530000
3066         3195.05719000
3067         3196.56535000
3068         3198.04782000
3069         3199.55658000
3070         3201.03964000
3071         3202.54899000
3072         3204.03264000
3073         3205.54260000
3074         3207.02681000
3075         3208.53738000
3076         3210.02219000
3077         3211.53335000
3078         3213.01874000
3079         3214.53049000
3080         3216.01647000
3081         3217.52884000
3082         3219.01540000
3083         3220.52836000
3084         3222.01551000
3085         3223.52907000
3086         3225.04294000
3087         3226.53096000
3088         3228.04543000
3089         3229.53405000
3090         3231.04912000
3091         3232.53831000
3092         3234.05398000
3093         3235.54376000
3094         3237.06004000
3095         3238.55039000
3096         3240.06727000
3097         3241.58445000
3098         3243.07570000
3099         3244.59348000
3100         3246.08531000
3101         3247.60369000
3102         3249.09609000
3103         3250.61508000
3104         3252.13438000
3105         3253.62766000
3106         3255.14756000
3107         3256.64143000
3108         3258.16194000
3109         3259.68274000
3110         3261.17749000
3111         3262.69889000
3112         3264.19422000
3113         3265.71623000
3114         3267.23855000
3115         3268.73476000
3116         3270.25767000
3117         3271.75448000
3118         3273.27800000
3119         3274.80182000
3120         3276.29950000
3121         3277.82392000
3122         3279.32220000
3123         3280.84722000
3124         3282.37254000
3125         3283.87170000
3126         3285.39763000
3127         3286.92386000
3128         3288.42390000
3129         3289.95074000
3130         3291.45135000
3131         3292.97880000
3132         3294.50655000
3133         3296.00804000
3134         3297.53640000
3135         3299.06505000
3136         3300.56742000
3137         3302.09668000
3138         3303.62624000
3139         3305.12951000
3140         3306.65967000
3141         3308.19014000
3142         3309.69428000
3143         3311.22535000
3144         3312.75674000
3145         3314.26177000
3146         3315.79375000
3147         3317.32604000
3148         3318.83194000
3149         3320.36483000
3150         3321.89802000
3151         3323.40481000
3152         3324.93861000
3153         3326.47273000
3154         3327.98038000
3155         3329.51510000
3156         3331.05011000
3157         3332.55866000
3158         3334.09428000
3159         3335.63020000
3160         3337.16643000
3161         3338.67616000
3162         3340.21299000
3163         3341.75013000
3164         3343.26074000
3165         3344.79848000
3166         3346.33653000
3167         3347.84802000
3168         3349.38668000
3169         3350.92563000
3170         3352.46489000
3171         3353.97756000
3172         3355.51742000
3173         3357.05760000
3174         3358.59808000
3175         3360.11192000
3176         3361.65301000
3177         3363.19440000
3178         3364.70912000
3179         3366.25112000
3180         3367.79341000
3181         3369.33601000
3182         3370.85193000
3183         3372.39513000
3184         3373.93864000
3185         3375.48247000
3186         3376.99955000
3187         3378.54397000
3188         3380.08870000
3189         3381.63374000
3190         3383.15201000
3191         3384.69765000
3192         3386.24359000
3193         3387.78984000
3194         3389.33639000
3195         3390.85614000
3196         3392.40331000
3197         3393.95077000
3198         3395.49854000
3199         3397.01948000
3200         3398.56785000
3201         3400.11652000
3202         3401.66552000
3203         3403.21481000
3204         3404.73722000
3205         3406.28712000
3206         3407.83731000
3207         3409.38783000
3208         3410.93865000
3209         3412.46254000
3210         3414.01395000
3211         3415.56569000
3212         3417.11771000
3213         3418.67005000
3214         3420.19543000
3215         3421.74837000
3216         3423.30161000
3217         3424.85517000
3218         3426.40903000
3219         3427.93588000
3220         3429.49035000
3221         3431.04511000
3222         3432.60019000
3223         3434.15558000
3224         3435.71128000
3225         3437.23990000
3226         3438.79620000
3227         3440.35280000
3228         3441.90971000
3229         3443.46693000
3230         3445.02445000
3231         3446.55484000
3232         3448.11298000
3233         3449.67141000
3234         3451.23014000
3235         3452.78920000
3236         3454.34855000
3237         3455.90821000
3238         3457.44068000
3239         3459.00095000
3240         3460.56153000
3241         3462.12240000
3242         3463.68359000
3243         3465.24508000
3244         3466.80688000
3245         3468.34142000
3246         3469.90383000
3247         3471.46654000
3248         3473.02955000
3249         3474.59288000
3250         3476.15651000
3251         3477.72044000
3252         3479.28468000
3253         3480.84924000
3254         3482.38646000
3255         3483.95162000
3256         3485.51707000
3257         3487.08284000
3258         3488.64892000
3259         3490.21530000
3260         3491.78199000
3261         3493.34898000
3262         3494.91629000
3263         3496.48390000
3264         3498.02409000
3265         3499.59231000
3266         3501.16082000
3267         3502.72966000
3268         3504.29879000
3269         3505.86823000
3270         3507.43798000
3271         3509.00804000
3272         3510.57840000
3273         3512.14907000
3274         3513.72005000
3275         3515.29133000
3276         3516.83509000
3277         3518.40699000
3278         3519.97918000
3279         3521.55168000
3280         3523.12449000
3281         3524.69761000
3282         3526.27104000
3283         3527.84477000
3284         3529.41880000
3285         3530.99316000
3286         3532.56781000
3287         3534.14277000
3288         3535.71803000
3289         3537.29362000
3290         3538.86950000
3291         3540.44568000
3292         3542.02218000
3293         3543.59898000
3294         3545.17609000
3295         3546.75351000
3296         3548.33123000
3297         3549.88124000
3298         3551.45958000
3299         3553.03821000
3300         3554.61716000
3301         3556.19641000
3302         3557.77598000
3303         3559.35584000
3304         3560.93601000
3305         3562.51649000
3306         3564.09729000
3307         3565.67838000
3308         3567.25978000
3309         3568.84150000
3310         3570.42352000
3311         3572.00584000
3312         3573.58848000
3313         3575.17142000
3314         3576.75466000
3315         3578.33822000
3316         3579.92208000
3317         3581.50625000
3318         3583.09073000
3319         3584.67551000
3320         3586.26061000
3321         3587.84601000
3322         3589.43172000
3323         3591.01773000
3324         3592.60406000
3325         3594.19068000
3326         3595.77762000
3327         3597.39315000
3328         3598.98072000
3329         3600.56858000
3330         3602.15675000
3331         3603.74524000
3332         3605.33404000
3333         3606.92314000
3334         3608.51254000
3335         3610.10226000
3336         3611.69227000
3337         3613.28260000
3338         3614.87324000
3339         3616.46419000
3340         3618.05545000
3341         3619.64701000
3342         3621.23888000
3343         3622.83105000
3344         3624.42354000
3345         3626.01633000
3346         3627.60942000
3347         3629.20283000
3348         3630.82502000
3349         3632.41905000
3350         3634.01339000
3351         3635.60803000
3352         3637.20300000
3353         3638.79826000
3354         3640.39382000
3355         3641.98971000
3356         3643.58589000
3357         3645.18239000
3358         3646.77918000
3359         3648.37630000
3360         3649.97372000
3361         3651.60003000
3362         3653.19807000
3363         3654.79642000
3364         3656.39507000
3365         3657.99404000
3366         3659.59332000
3367         3661.19290000
3368         3662.79279000
3369         3664.39298000
3370         3665.99349000
3371         3667.62299000
3372         3669.22412000
3373         3670.82556000
3374         3672.42730000
3375         3674.02936000
3376         3675.63172000
3377         3677.23438000
3378         3678.83737000
3379         3680.44066000
3380         3682.07302000
3381         3683.67692000
3382         3685.28114000
3383         3686.88567000
3384         3688.49051000
3385         3690.09566000
3386         3691.70111000
3387         3693.30687000
3388         3694.94176000
3389         3696.54815000
3390         3698.15485000
3391         3699.76185000
3392         3701.36916000
3393         3702.97678000
3394         3704.58470000
3395         3706.22183000
3396         3707.83039000
3397         3709.43925000
3398         3711.04842000
3399         3712.65789000
3400         3714.26767000
3401         3715.90672000
3402         3717.51713000
3403         3719.12784000
3404         3720.73888000
3405         3722.35021000
3406         3723.96185000
3407         3725.60281000
3408         3727.21507000
3409         3728.82766000
3410         3730.44055000
3411         3732.05373000
3412         3733.66725000
3413         3735.31011000
3414         3736.92424000
3415         3738.53868000
3416         3740.15342000
3417         3741.76847000
3418         3743.41294000
3419         3745.02862000
3420         3746.64461000
3421         3748.26090000
3422         3749.87751000
3423         3751.52358000
3424         3753.14080000
3425         3754.75834000
3426         3756.37619000
3427         3757.99435000
3428         3759.64201000
3429         3761.26079000
3430         3762.87988000
3431         3764.49928000
3432         3766.11899000
3433         3767.76825000
3434         3769.38859000
3435         3771.00922000
3436         3772.63018000
3437         3774.25144000
3438         3775.90228000
3439         3777.52418000
3440         3779.14637000
3441         3780.76888000
3442         3782.42101000
3443         3784.04413000
3444         3785.66758000
3445         3787.29133000
3446         3788.94474000
3447         3790.56911000
3448         3792.19379000
3449         3793.81879000
3450         3795.47348000
3451         3797.09910000
3452         3798.72503000
3453         3800.35127000
3454         3802.00722000
3455         3803.63410000
3456         3805.26127000
3457         3806.88875000
3458         3808.54600000
3459         3810.17410000
3460         3811.80253000
3461         3813.43125000
3462         3815.08977000
3463         3816.71913000
3464         3818.34879000
3465         3819.97876000
3466         3821.63858000
3467         3823.26917000
3468         3824.90007000
3469         3826.53129000
3470         3828.19238000
3471         3829.82423000
3472         3831.45638000
3473         3833.11843000
3474         3834.75122000
3475         3836.38430000
3476         3838.01769000
3477         3839.68103000
3478         3841.31505000
3479         3842.94938000
3480         3844.61369000
3481         3846.24865000
3482         3847.88391000
3483         3849.54917000
3484         3851.18507000
3485         3852.82127000
3486         3854.45779000
3487         3856.12433000
3488         3857.76148000
3489         3859.39893000
3490         3861.06642000
3491         3862.70451000
3492         3864.34289000
3493         3866.01136000
3494         3867.65038000
3495         3869.28971000
3496         3870.95914000
3497         3872.59909000
3498         3874.23936000
3499         3875.90974000
3500         3877.55064000
