   1            9.76159000
   2           18.62980000
   3           27.56020000
   4           36.50249000
   5           45.44929000
   6           54.39839000
   7           63.34888000
   8           72.30034000
   9           81.25249000
  10           90.20525000
  11           99.15848000
  12          108.11216000
  13          117.06622000
  14          126.02067000
  15          134.97546000
  16          143.93057000
  17          152.88600000
  18          161.84173000
  19          170.79780000
  20          179.75412000
  21          188.71078000
  22          197.66768000
  23          206.62489000
  24          215.58237000
  25          224.54016000
  26          233.49822000
  27          242.45654000
  28          251.41519000
  29          260.37408000
  30          269.33325000
  31          278.29274000
  32          287.25248000
  33          296.21259000
  34          305.17294000
  35          314.13365000
  36          323.09475000
  37          332.05619000
  38          341.01806000
  39          349.98032000
  40          358.94318000
  41          367.90652000
  42          376.87050000
  43          385.83520000
  44          394.80065000
  45          403.76701000
  46          412.73430000
  47          421.70279000
  48          430.67246000
  49          439.64362000
  50          448.61630000
  51          457.59067000
  52          466.56706000
  53          475.54555000
  54          484.52639000
  55          493.50984000
  56          502.49610000
  57          511.48545000
  58          520.47815000
  59          529.47458000
  60          538.47491000
  61          547.47948000
  62          556.48864000
  63          565.50271000
  64          574.52202000
  65          583.54688000
  66          592.57773000
  67          601.61488000
  68          610.65862000
  69          619.70952000
  70          628.76772000
  71          637.83387000
  72          646.90809000
  73          655.99112000
  74          665.08308000
  75          674.18428000
  76          683.29550000
  77          692.41679000
  78          701.54872000
  79          710.69166000
  80          719.84613000
  81          729.01228000
  82          738.19071000
  83          747.38187000
  84          756.58591000
  85          765.80332000
  86          775.03475000
  87          784.28018000
  88          793.54029000
  89          802.81520000
  90          812.10562000
  91          821.41164000
  92          830.73384000
  93          840.07246000
  94          849.42760000
  95          858.80015000
  96          868.18995000
  97          877.59779000
  98          887.02367000
  99          896.46806000
 100          905.94009000
 101          915.42227000
 102          924.92394000
 103          934.44525000
 104          943.98660000
 105          953.54824000
 106          963.13029000
 107          972.73321000
 108          982.35693000
 109          992.01219000
 110         1001.67896000
 111         1011.36766000
 112         1021.07856000
 113         1030.81150000
 114         1040.56694000
 115         1050.35557000
 116         1060.15676000
 117         1069.98087000
 118         1079.83924000
 119         1089.71034000
 120         1099.60502000
 121         1109.53470000
 122         1119.47724000
 123         1129.44404000
 124         1139.44661000
 125         1149.46221000
 126         1159.51400000
 127         1169.57896000
 128         1179.68070000
 129         1189.79552000
 130         1199.94744000
 131         1210.12483000
 132         1220.31559000
 133         1230.54404000
 134         1240.79801000
 135         1251.07803000
 136         1261.38385000
 137         1271.71548000
 138         1282.06046000
 139         1292.45707000
 140         1302.86712000
 141         1313.30338000
 142         1323.76579000
 143         1334.25466000
 144         1344.76981000
 145         1355.32514000
 146         1365.89323000
 147         1376.50151000
 148         1387.12287000
 149         1397.78458000
 150         1408.45910000
 151         1419.17425000
 152         1429.91650000
 153         1440.68546000
 154         1451.48106000
 155         1462.30367000
 156         1473.15304000
 157         1484.02932000
 158         1494.93254000
 159         1505.86244000
 160         1516.83436000
 161         1527.81787000
 162         1538.84369000
 163         1549.89662000
 164         1560.96065000
 165         1572.06719000
 166         1583.20079000
 167         1594.36122000
 168         1605.54834000
 169         1616.76241000
 170         1628.01957000
 171         1639.28717000
 172         1650.59827000
 173         1661.91917000
 174         1673.28371000
 175         1684.67514000
 176         1696.09302000
 177         1707.53798000
 178         1719.00927000
 179         1730.52475000
 180         1742.04950000
 181         1753.61809000
 182         1765.19597000
 183         1776.81773000
 184         1788.46631000
 185         1800.14120000
 186         1811.84260000
 187         1823.58868000
 188         1835.34256000
 189         1847.14147000
 190         1858.94811000
 191         1870.79968000
 192         1882.67731000
 193         1894.58116000
 194         1906.51136000
 195         1918.48629000
 196         1930.46893000
 197         1942.49644000
 198         1954.55000000
 199         1966.60988000
 200         1978.73491000
 201         1990.86638000
 202         2003.02356000
 203         2015.22645000
 204         2027.43497000
 205         2039.68939000
 206         2051.96966000
 207         2064.27534000
 208         2076.62746000
 209         2088.98460000
 210         2101.38771000
 211         2113.79567000
 212         2126.24970000
 213         2138.72935000
 214         2151.23436000
 215         2163.78583000
 216         2176.34132000
 217         2188.94341000
 218         2201.57114000
 219         2214.22390000
 220         2226.90133000
 221         2239.60414000
 222         2252.35390000
 223         2265.12921000
 224         2277.92930000
 225         2290.75415000
 226         2303.60409000
 227         2316.47837000
 228         2329.40080000
 229         2342.32500000
 230         2355.29659000
 231         2368.29311000
 232         2381.33773000
 233         2394.38354000
 234         2407.47754000
 235         2420.57194000
 236         2433.71530000
 237         2446.88250000
 238         2460.09872000
 239         2473.31495000
 240         2486.57981000
 241         2499.86921000
 242         2513.18266000
 243         2526.52053000
 244         2539.88220000
 245         2553.29363000
 246         2566.70362000
 247         2580.16288000
 248         2593.64656000
 249         2607.15378000
 250         2620.71140000
 251         2634.29280000
 252         2647.87168000
 253         2661.50103000
 254         2675.15373000
 255         2688.85722000
 256         2702.55785000
 257         2716.30859000
 258         2730.08347000
 259         2743.88172000
 260         2757.70390000
 261         2771.57701000
 262         2785.44591000
 263         2799.36659000
 264         2813.31032000
 265         2827.27773000
 266         2841.29679000
 267         2855.31086000
 268         2869.37678000
 269         2883.46599000
 270         2897.57902000
 271         2911.71517000
 272         2925.90329000
 273         2940.08603000
 274         2954.32078000
 275         2968.57900000
 276         2982.86068000
 277         2997.19479000
 278         3011.52270000
 279         3025.90319000
 280         3040.30714000
 281         3054.73439000
 282         3069.18411000
 283         3083.68791000
 284         3098.18370000
 285         3112.73366000
 286         3127.30636000
 287         3141.90197000
 288         3156.55190000
 289         3171.19321000
 290         3185.88955000
 291         3200.60836000
 292         3215.35009000
 293         3230.11467000
 294         3244.93388000
 295         3259.77626000
 296         3274.60965000
 297         3289.49734000
 298         3304.44098000
 299         3319.37441000
 300         3334.33097000
 301         3349.34315000
 302         3364.37763000
 303         3379.43548000
 304         3394.51564000
 305         3409.65212000
 306         3424.81162000
 307         3439.95977000
 308         3455.16449000
 309         3470.39211000
 310         3485.67588000
 311         3500.94882000
 312         3516.27834000
 313         3531.63096000
 314         3547.00606000
 315         3562.40364000
 316         3577.82409000
 317         3593.30184000
 318         3608.80276000
 319         3624.32596000
 320         3639.87179000
 321         3655.44040000
 322         3671.03110000
 323         3686.68067000
 324         3702.35285000
 325         3718.04744000
 326         3733.76492000
 327         3749.50433000
 328         3765.26683000
 329         3781.08845000
 330         3796.93211000
 331         3812.79934000
 332         3828.68856000
 333         3844.60030000
 334         3860.57235000
 335         3876.52857000
 336         3892.54584000
 337         3908.58500000
 338         3924.64699000
 339         3940.73173000
 340         3956.87653000
 341         3973.04455000
 342         3989.19667000
 343         4005.40942000
 344         4021.64525000
 345         4037.94208000
 346         4054.22275000
 347         4070.56501000
 348         4086.89005000
 349         4103.27765000
 350         4119.68713000
 351         4136.15963000
 352         4152.61446000
 353         4169.09157000
 354         4185.63180000
 355         4202.19374000
 356         4218.77933000
 357         4235.38708000
 358         4252.05812000
 359         4268.71087000
 360         4285.42680000
 361         4302.12454000
 362         4318.88589000
 363         4335.66957000
 364         4352.51800000
 365         4369.34712000
 366         4386.24032000
 367         4403.11410000
 368         4420.05276000
 369         4437.01411000
 370         4453.99831000
 371         4471.04728000
 372         4488.07608000
 373         4505.17010000
 374         4522.28771000
 375         4539.42739000
 376         4556.58936000
 377         4573.77460000
 378         4590.98146000
 379         4608.25604000
 380         4625.50854000
 381         4642.82733000
 382         4660.16969000
 383         4677.53406000
 384         4694.92073000
 385         4712.37587000
 386         4729.80721000
 387         4747.30775000
 388         4764.83075000
 389         4782.32990000
 390         4799.94386000
 391         4817.53486000
 392         4835.14873000
 393         4852.83118000
 394         4870.48914000
 395         4888.21702000
 396         4905.96792000
 397         4923.74025000
 398         4941.53618000
 399         4959.35456000
 400         4977.24291000
 401         4995.10711000
 402         5013.04043000
 403         5030.99724000
 404         5048.97637000
 405         5066.97908000
 406         5085.00427000
 407         5103.09980000
 408         5121.17023000
 409         5139.31258000
 410         5157.47676000
 411         5175.66464000
 412         5193.87448000
 413         5212.10761000
 414         5230.36405000
 415         5248.69179000
 416         5266.99360000
 417         5285.36720000
 418         5303.76488000
 419         5322.18555000
 420         5340.62753000
 421         5359.09395000
 422         5377.58255000
 423         5396.09339000
 424         5414.67894000
 425         5433.28673000
 426         5451.91819000
 427         5470.52134000
 428         5489.24956000
 429         5507.94982000
 430         5526.67249000
 431         5545.41904000
 432         5564.24003000
 433         5583.08363000
 434         5601.89879000
 435         5620.78940000
 436         5639.70258000
 437         5658.63922000
 438         5677.65139000
 439         5696.63375000
 440         5715.69307000
 441         5734.72136000
 442         5753.82674000
 443         5772.95524000
 444         5792.10642000
 445         5811.28258000
 446         5830.47991000
 447         5849.70069000
 448         5868.99995000
 449         5888.26722000
 450         5907.61245000
 451         5926.98046000
 452         5946.31754000
 453         5965.73251000
 454         5985.17041000
 455         6004.68811000
 456         6024.17295000
 457         6043.68093000
 458         6063.26869000
 459         6082.87909000
 460         6102.45690000
 461         6122.11449000
 462         6141.79498000
 463         6161.49943000
 464         6181.22746000
 465         6201.03537000
 466         6220.80991000
 467         6240.60687000
 468         6260.48560000
 469         6280.38816000
 470         6300.25521000
 471         6320.20450000
 472         6340.17801000
 473         6360.23213000
 474         6380.25193000
 475         6400.29445000
 476         6420.36081000
 477         6440.51000000
 478         6460.68227000
 479         6480.81915000
 480         6501.03940000
 481         6521.28201000
 482         6541.54936000
 483         6561.83955000
 484         6582.15375000
 485         6602.55223000
 486         6622.91283000
 487         6643.35849000
 488         6663.76727000
 489         6684.25955000
 490         6704.77693000
 491         6725.31659000
 492         6745.88106000
 493         6766.46920000
 494         6787.08025000
 495         6807.71593000
 496         6828.43740000
 497         6849.11942000
 498         6869.88855000
 499         6890.61852000
 500         6911.43523000
 501         6932.27572000
 502         6953.13928000
 503         6974.02766000
 504         6994.93970000
 505         7015.87513000
 506         7036.89876000
 507         7057.88131000
 508         7078.88882000
 509         7099.98455000
 510         7121.10319000
 511         7142.18184000
 512         7163.34958000
 513         7184.54017000
 514         7205.75546000
 515         7226.99473000
 516         7248.25728000
 517         7269.61020000
 518         7290.92067000
 519         7312.32166000
 520         7333.68108000
 521         7355.12944000
 522         7376.53661000
 523         7398.03426000
 524         7419.55483000
 525         7441.10077000
 526         7462.67049000
 527         7484.26444000
 528         7505.88293000
 529         7527.59188000
 530         7549.25814000
 531         7570.94852000
 532         7592.73042000
 533         7614.53755000
 534         7636.30023000
 535         7658.15451000
 536         7680.03412000
 537         7701.93748000
 538         7723.86556000
 539         7745.81821000
 540         7767.79420000
 541         7789.86466000
 542         7811.88988000
 543         7833.93861000
 544         7856.08247000
 545         7878.17930000
 546         7900.37209000
 547         7922.58898000
 548         7944.82984000
 549         7967.02480000
 550         7989.31480000
 551         8011.62842000
 552         8034.03922000
 553         8056.40338000
 554         8078.79025000
 555         8101.20263000
 556         8123.71032000
 557         8146.17164000
 558         8168.72956000
 559         8191.31138000
 560         8213.84546000
 561         8236.47753000
 562         8259.13262000
 563         8281.81358000
 564         8304.51855000
 565         8327.24806000
 566         8350.00260000
 567         8372.78050000
 568         8395.65806000
 569         8418.48681000
 570         8441.33867000
 571         8464.29047000
 572         8487.19211000
 573         8510.19269000
 574         8533.21884000
 575         8556.26989000
 576         8579.26926000
 577         8602.36977000
 578         8625.49333000
 579         8648.64363000
 580         8671.89471000
 581         8695.09283000
 582         8718.31688000
 583         8741.56623000
 584         8764.91551000
 585         8788.21345000
 586         8811.61348000
 587         8834.96054000
 588         8858.41053000
 589         8881.88517000
 590         8905.38381000
 591         8928.83121000
 592         8952.37967000
 593         8975.95414000
 594         8999.55327000
 595         9023.25486000
 596         9046.90479000
 597         9070.57857000
 598         9094.27698000
 599         9118.08030000
 600         9141.82916000
 601         9165.68128000
 602         9189.48059000
 603         9213.38296000
 604         9237.31161000
 605         9261.18509000
 606         9285.16351000
 607         9309.16816000
 608         9333.19696000
 609         9357.24999000
 610         9381.32922000
 611         9405.43404000
 612         9429.56231000
 613         9453.79819000
 614         9477.97839000
 615         9502.18202000
 616         9526.49375000
 617         9550.74818000
 618         9575.11054000
 619         9599.41589000
 620         9623.82750000
 621         9648.26593000
 622         9672.64687000
 623         9697.13459000
 624         9721.64917000
 625         9746.18844000
 626         9770.75255000
 627         9795.34280000
 628         9819.95778000
 629         9844.59766000
 630         9869.34800000
 631         9894.03904000
 632         9918.75507000
 633         9943.58132000
 634         9968.34831000
 635         9993.22618000
 636        10018.04435000
 637        10042.97170000
 638        10067.92529000
 639        10092.81961000
 640        10117.82372000
 641        10142.85420000
 642        10167.91045000
 643        10192.99102000
 644        10218.09810000
 645        10243.23110000
 646        10268.38770000
 647        10293.57096000
 648        10318.78030000
 649        10344.10168000
 650        10369.36176000
 651        10394.64599000
 652        10420.04541000
 653        10445.38197000
 654        10470.83112000
 655        10496.21875000
 656        10521.72097000
 657        10547.24714000
 658        10572.80043000
 659        10598.29027000
 660        10623.89319000
 661        10649.52439000
 662        10675.18054000
 663        10700.86106000
 664        10726.56920000
 665        10752.30160000
 666        10778.05953000
 667        10803.93486000
 668        10829.74536000
 669        10855.57978000
 670        10881.44142000
 671        10907.41859000
 672        10933.33256000
 673        10959.36228000
 674        10985.32638000
 675        11011.40839000
 676        11037.51630000
 677        11063.55645000
 678        11089.71727000
 679        11115.90235000
 680        11142.11307000
 681        11168.25810000
 682        11194.52131000
 683        11220.80953000
 684        11247.12519000
 685        11273.46676000
 686        11299.83266000
 687        11326.31919000
 688        11352.73935000
 689        11379.18319000
 690        11405.65422000
 691        11432.24536000
 692        11458.76724000
 693        11485.31568000
 694        11511.98512000
 695        11538.58416000
 696        11565.30654000
 697        11592.05326000
 698        11618.73222000
 699        11645.53198000
 700        11672.35755000
 701        11699.11317000
 702        11725.99266000
 703        11752.89518000
 704        11779.82654000
 705        11806.78406000
 706        11833.76612000
 707        11860.77534000
 708        11887.81118000
 709        11914.87094000
 710        11941.95832000
 711        11969.17071000
 712        11996.30976000
 713        12023.47585000
 714        12050.76684000
 715        12077.98448000
 716        12105.22966000
 717        12132.59966000
 718        12159.89518000
 719        12187.31801000
 720        12214.66707000
 721        12242.14049000
 722        12269.64289000
 723        12297.07038000
 724        12324.62330000
 725        12352.20461000
 726        12379.81149000
 727        12407.44344000
 728        12435.10320000
 729        12462.78910000
 730        12490.50065000
 731        12518.23942000
 732        12546.00493000
 733        12573.79549000
 734        12601.61268000
 735        12629.45723000
 736        12657.32744000
 737        12685.32601000
 738        12713.25043000
 739        12741.19871000
 740        12769.27895000
 741        12797.28026000
 742        12825.41294000
 743        12853.46747000
 744        12881.65208000
 745        12909.76031000
 746        12937.99887000
 747        12966.15850000
 748        12994.45123000
 749        13022.76894000
 750        13051.11242000
 751        13079.37861000
 752        13107.77757000
 753        13136.20045000
 754        13164.65275000
 755        13193.13145000
 756        13221.63349000
 757        13250.16570000
 758        13278.72374000
 759        13307.30714000
 760        13335.91756000
 761        13364.55588000
 762        13393.32425000
 763        13422.01665000
 764        13450.73373000
 765        13479.47638000
 766        13508.35353000
 767        13537.15172000
 768        13566.08118000
 769        13594.93396000
 770        13623.81027000
 771        13652.82188000
 772        13681.85997000
 773        13710.81837000
 774        13739.90930000
 775        13768.92009000
 776        13798.06641000
 777        13827.23777000
 778        13856.43729000
 779        13885.55644000
 780        13914.80661000
 781        13944.08863000
 782        13973.39644000
 783        14002.72962000
 784        14032.09131000
 785        14061.47824000
 786        14090.89286000
 787        14120.33402000
 788        14149.80276000
 789        14179.29745000
 790        14208.81915000
 791        14238.36813000
 792        14268.05720000
 793        14297.65676000
 794        14327.28750000
 795        14356.94460000
 796        14386.73860000
 797        14416.44953000
 798        14446.30057000
 799        14476.06143000
 800        14505.96712000
 801        14535.78515000
 802        14565.74307000
 803        14595.61435000
 804        14625.62726000
 805        14655.55090000
 806        14685.61791000
 807        14715.71102000
 808        14745.71691000
 809        14775.86619000
 810        14806.04106000
 811        14836.24270000
 812        14866.47133000
 813        14896.72816000
 814        14926.89414000
 815        14957.20513000
 816        14987.54222000
 817        15017.90667000
 818        15048.29868000
 819        15078.71788000
 820        15109.16233000
 821        15139.75381000
 822        15170.25379000
 823        15200.78013000
 824        15231.33463000
 825        15261.91696000
 826        15292.64112000
 827        15323.27880000
 828        15353.94217000
 829        15384.74902000
 830        15415.46675000
 831        15446.21299000
 832        15477.10107000
 833        15507.90069000
 834        15538.84565000
 835        15569.69967000
 836        15600.69890000
 837        15631.60666000
 838        15662.66322000
 839        15693.74207000
 840        15724.73186000
 841        15755.86878000
 842        15787.03265000
 843        15818.10303000
 844        15849.32230000
 845        15880.56629000
 846        15911.84035000
 847        15943.14068000
 848        15974.46876000
 849        16005.70309000
 850        16037.08640000
 851        16068.49520000
 852        16099.93315000
 853        16131.39819000
 854        16162.89002000
 855        16194.40873000
 856        16226.08047000
 857        16257.65227000
 858        16289.25591000
 859        16320.88568000
 860        16352.54323000
 861        16384.22465000
 862        16416.06301000
 863        16447.80319000
 864        16479.56672000
 865        16511.48731000
 866        16543.30683000
 867        16575.15667000
 868        16607.15619000
 869        16639.06111000
 870        16671.11553000
 871        16703.07481000
 872        16735.18749000
 873        16767.20043000
 874        16799.36689000
 875        16831.43685000
 876        16863.65637000
 877        16895.78075000
 878        16928.05672000
 879        16960.36366000
 880        16992.69357000
 881        17024.92900000
 882        17057.31610000
 883        17089.73156000
 884        17122.17340000
 885        17154.51747000
 886        17187.01320000
 887        17219.54078000
 888        17252.09406000
 889        17284.67482000
 890        17317.28703000
 891        17349.92246000
 892        17382.58693000
 893        17415.27839000
 894        17447.99865000
 895        17480.74758000
 896        17513.52091000
 897        17546.32470000
 898        17579.15672000
 899        17612.14092000
 900        17645.02914000
 901        17677.94309000
 902        17710.88257000
 903        17743.85166000
 904        17776.98137000
 905        17810.00307000
 906        17843.05603000
 907        17876.26762000
 908        17909.37442000
 909        17942.50997000
 910        17975.80633000
 911        18008.99696000
 912        18042.34634000
 913        18075.59362000
 914        18109.00185000
 915        18142.30090000
 916        18175.76529000
 917        18209.12307000
 918        18242.63978000
 919        18276.18740000
 920        18309.62746000
 921        18343.22871000
 922        18376.72392000
 923        18410.38369000
 924        18444.06929000
 925        18477.78282000
 926        18511.38903000
 927        18545.16108000
 928        18578.95616000
 929        18612.78302000
 930        18646.63707000
 931        18680.51709000
 932        18714.29126000
 933        18748.22925000
 934        18782.19277000
 935        18816.18728000
 936        18850.20812000
 937        18884.25974000
 938        18918.33402000
 939        18952.44105000
 940        18986.57384000
 941        19020.73464000
 942        19055.06100000
 943        19089.27968000
 944        19123.52480000
 945        19157.79721000
 946        19192.10040000
 947        19226.42951000
 948        19260.92457000
 949        19295.31001000
 950        19329.72453000
 951        19364.16328000
 952        19398.77274000
 953        19433.27023000
 954        19467.79395000
 955        19502.48729000
 956        19537.07016000
 957        19571.67995000
 958        19606.45606000
 959        19641.12188000
 960        19675.95766000
 961        19710.67663000
 962        19745.56799000
 963        19780.34548000
 964        19815.29201000
 965        19850.12514000
 966        19885.13100000
 967        19920.16150000
 968        19955.07921000
 969        19990.16712000
 970        20025.28555000
 971        20060.28650000
 972        20095.45904000
 973        20130.66170000
 974        20165.74467000
 975        20201.00447000
 976        20236.29017000
 977        20271.60548000
 978        20306.80111000
 979        20342.17381000
 980        20377.57314000
 981        20412.99915000
 982        20448.45395000
 983        20483.94021000
 984        20519.44882000
 985        20554.99108000
 986        20590.55916000
 987        20626.01245000
 988        20661.63443000
 989        20697.28958000
 990        20732.97135000
 991        20768.82627000
 992        20804.56504000
 993        20840.33271000
 994        20876.12779000
 995        20911.94903000
 996        20947.80127000
 997        20983.68189000
 998        21019.58964000
 999        21055.67317000
1000        21091.63973000
1001        21127.63029000
1002        21163.65248000
1003        21199.70229000
1004        21235.92973000
1005        21272.03343000
1006        21308.16965000
1007        21344.48229000
1008        21380.67164000
1009        21416.89177000
1010        21453.29126000
1011        21489.56627000
1012        21525.87084000
1013        21562.35323000
1014        21598.71589000
1015        21635.25420000
1016        21671.67332000
1017        21708.27075000
1018        21744.74728000
1019        21781.39818000
1020        21817.93160000
1021        21854.64208000
1022        21891.22932000
1023        21927.99776000
1024        21964.79727000
1025        22001.46826000
1026        22038.32355000
1027        22075.20661000
1028        22111.96580000
1029        22148.90420000
1030        22185.87264000
1031        22222.71779000
1032        22259.74083000
1033        22296.79653000
1034        22333.87913000
1035        22370.83725000
1036        22407.97496000
1037        22445.14488000
1038        22482.34119000
1039        22519.56565000
1040        22556.82046000
1041        22593.94901000
1042        22631.26013000
1043        22668.59892000
1044        22705.96758000
1045        22743.36638000
1046        22780.78939000
1047        22818.24501000
1048        22855.72731000
1049        22893.24083000
1050        22930.77807000
1051        22968.34902000
1052        23005.94774000
1053        23043.57134000
1054        23081.22676000
1055        23118.91116000
1056        23156.78239000
1057        23194.52020000
1058        23232.29097000
1059        23270.08865000
1060        23307.91630000
1061        23345.76783000
1062        23383.65350000
1063        23421.72481000
1064        23459.66543000
1065        23497.63499000
1066        23535.63547000
1067        23573.82182000
1068        23611.87630000
1069        23649.96089000
1070        23688.23478000
1071        23726.37429000
1072        23764.54520000
1073        23802.90561000
1074        23841.13523000
1075        23879.38860000
1076        23917.83615000
1077        23956.15036000
1078        23994.65321000
1079        24033.02665000
1080        24071.58834000
1081        24110.01719000
1082        24148.63491000
1083        24187.12209000
1084        24225.79943000
1085        24264.34449000
1086        24303.07695000
1087        24341.67943000
1088        24380.47232000
1089        24419.12888000
1090        24457.97885000
1091        24496.86075000
1092        24535.60488000
1093        24574.54027000
1094        24613.50670000
1095        24652.33972000
1096        24691.36069000
1097        24730.41412000
1098        24769.33151000
1099        24808.44349000
1100        24847.57996000
1101        24886.58424000
1102        24925.78153000
1103        24965.00948000
1104        25004.26322000
1105        25043.54857000
1106        25082.69736000
1107        25122.03650000
1108        25161.40873000
1109        25200.80914000
1110        25240.23947000
1111        25279.69475000
1112        25319.18272000
1113        25358.69842000
1114        25398.07711000
1115        25437.64659000
1116        25477.25203000
1117        25516.88289000
1118        25556.54347000
1119        25596.23228000
1120        25635.95175000
1121        25675.69992000
1122        25715.47551000
1123        25755.27886000
1124        25795.11622000
1125        25834.97996000
1126        25875.04113000
1127        25914.96121000
1128        25954.91303000
1129        25994.89265000
1130        26034.90072000
1131        26074.93755000
1132        26115.00569000
1133        26155.09811000
1134        26195.39469000
1135        26235.55058000
1136        26275.73156000
1137        26315.94217000
1138        26356.18271000
1139        26396.62662000
1140        26436.92452000
1141        26477.24968000
1142        26517.60629000
1143        26558.16658000
1144        26598.57969000
1145        26639.02159000
1146        26679.66857000
1147        26720.17147000
1148        26760.69887000
1149        26801.43557000
1150        26842.02333000
1151        26882.64245000
1152        26923.46072000
1153        26964.13841000
1154        27005.01859000
1155        27045.75240000
1156        27086.68766000
1157        27127.48123000
1158        27168.30343000
1159        27209.33050000
1160        27250.20862000
1161        27291.29293000
1162        27332.23095000
1163        27373.37413000
1164        27414.36722000
1165        27455.56887000
1166        27496.80280000
1167        27537.88161000
1168        27579.17340000
1169        27620.31273000
1170        27661.66194000
1171        27703.03545000
1172        27744.26526000
1173        27785.70096000
1174        27826.98912000
1175        27868.48001000
1176        27910.00551000
1177        27951.37837000
1178        27992.96175000
1179        28034.57068000
1180        28076.21171000
1181        28117.70109000
1182        28159.40349000
1183        28201.12883000
1184        28242.88805000
1185        28284.49449000
1186        28326.31211000
1187        28368.15659000
1188        28410.03018000
1189        28451.93598000
1190        28493.68760000
1191        28535.64962000
1192        28577.64253000
1193        28619.66507000
1194        28661.71152000
1195        28703.79525000
1196        28745.90384000
1197        28787.86073000
1198        28830.02632000
1199        28872.22434000
1200        28914.45130000
1201        28956.70934000
1202        28998.99040000
1203        29041.30805000
1204        29083.65195000
1205        29126.02655000
1206        29168.42601000
1207        29210.85943000
1208        29253.32096000
1209        29295.81280000
1210        29338.32907000
1211        29380.88124000
1212        29423.46112000
1213        29466.07093000
1214        29508.70707000
1215        29551.37177000
1216        29594.07076000
1217        29636.98372000
1218        29679.73601000
1219        29722.52115000
1220        29765.33552000
1221        29808.17903000
1222        29851.05042000
1223        29893.95191000
1224        29937.07266000
1225        29980.03191000
1226        30023.02103000
1227        30066.03985000
1228        30109.09194000
1229        30152.35889000
1230        30195.46418000
1231        30238.60119000
1232        30281.76868000
1233        30325.15376000
1234        30368.37850000
1235        30411.63214000
1236        30455.10852000
1237        30498.42244000
1238        30541.76265000
1239        30585.13381000
1240        30628.72807000
1241        30672.16122000
1242        30715.80906000
1243        30759.30135000
1244        30802.82049000
1245        30846.56317000
1246        30890.13721000
1247        30933.74645000
1248        30977.57700000
1249        31021.24423000
1250        31065.12925000
1251        31108.85661000
1252        31152.80561000
1253        31196.59018000
1254        31240.59911000
1255        31284.43935000
1256        31328.31147000
1257        31372.41078000
1258        31416.34171000
1259        31460.49370000
1260        31504.68015000
1261        31548.70254000
1262        31592.94481000
1263        31637.02132000
1264        31681.32681000
1265        31725.46455000
1266        31769.82769000
1267        31814.02400000
1268        31858.44704000
1269        31902.89998000
1270        31947.18641000
1271        31991.69225000
1272        32036.23680000
1273        32080.60870000
1274        32125.21203000
1275        32169.64101000
1276        32214.30008000
1277        32258.99097000
1278        32303.71093000
1279        32348.25807000
1280        32393.03837000
1281        32437.84475000
1282        32482.48673000
1283        32527.35289000
1284        32572.24913000
1285        32617.17489000
1286        32661.93521000
1287        32706.92003000
1288        32751.93456000
1289        32796.98100000
1290        32841.85818000
1291        32886.96018000
1292        32932.09430000
1293        32977.25719000
1294        33022.45317000
1295        33067.67939000
1296        33112.72802000
1297        33158.01424000
1298        33203.32764000
1299        33248.67090000
1300        33294.04394000
1301        33339.44272000
1302        33384.87504000
1303        33430.13741000
1304        33475.62848000
1305        33521.14774000
1306        33566.69735000
1307        33612.27896000
1308        33657.88962000
1309        33703.52812000
1310        33749.19661000
1311        33794.89963000
1312        33840.62846000
1313        33886.38877000
1314        33932.17357000
1315        33977.99370000
1316        34023.84215000
1317        34069.72174000
1318        34115.62542000
1319        34161.56411000
1320        34207.53075000
1321        34253.53114000
1322        34299.55523000
1323        34345.61400000
1324        34391.70036000
1325        34437.81717000
1326        34484.17080000
1327        34530.34435000
1328        34576.55217000
1329        34622.78712000
1330        34669.05207000
1331        34715.34284000
1332        34761.67057000
1333        34808.02505000
1334        34854.62011000
1335        34901.02988000
1336        34947.47629000
1337        34993.94907000
1338        35040.45422000
1339        35086.98859000
1340        35133.75693000
1341        35180.34966000
1342        35226.97443000
1343        35273.62807000
1344        35320.30941000
1345        35367.23042000
1346        35413.97342000
1347        35460.74494000
1348        35507.55111000
1349        35554.58892000
1350        35601.45187000
1351        35648.34298000
1352        35695.47647000
1353        35742.42586000
1354        35789.40423000
1355        35836.63157000
1356        35883.67195000
1357        35930.74311000
1358        35977.83754000
1359        36025.18247000
1360        36072.34249000
1361        36119.74578000
1362        36166.96253000
1363        36214.21385000
1364        36261.70550000
1365        36309.01733000
1366        36356.35597000
1367        36403.93738000
1368        36451.33601000
1369        36498.98193000
1370        36546.44022000
1371        36594.13840000
1372        36641.65927000
1373        36689.20958000
1374        36737.00113000
1375        36784.61026000
1376        36832.46303000
1377        36880.13063000
1378        36928.04643000
1379        36975.77214000
1380        37023.74959000
1381        37071.53201000
1382        37119.56744000
1383        37167.41502000
1384        37215.51143000
1385        37263.41169000
1386        37311.56874000
1387        37359.53350000
1388        37407.75088000
1389        37455.99669000
1390        37504.04833000
1391        37552.35394000
1392        37600.47270000
1393        37648.83780000
1394        37697.01551000
1395        37745.43527000
1396        37793.89419000
1397        37842.15805000
1398        37890.67561000
1399        37939.21624000
1400        37987.57585000
1401        38036.17909000
1402        38084.59631000
1403        38133.26429000
1404        38181.95836000
1405        38230.46318000
1406        38279.21905000
1407        38328.00879000
1408        38376.60396000
1409        38425.44945000
1410        38474.32609000
1411        38523.23275000
1412        38571.95083000
1413        38620.91713000
1414        38669.91219000
1415        38718.94153000
1416        38767.77770000
1417        38816.86603000
1418        38865.97921000
1419        38915.12995000
1420        38964.08286000
1421        39013.29553000
1422        39062.53373000
1423        39111.79995000
1424        39160.87551000
1425        39210.20401000
1426        39259.56495000
1427        39308.95826000
1428        39358.37189000
1429        39407.82236000
1430        39457.07962000
1431        39506.59043000
1432        39556.13322000
1433        39605.69953000
1434        39655.30235000
1435        39704.93321000
1436        39754.59574000
1437        39804.05951000
1438        39853.78025000
1439        39903.52968000
1440        39953.31421000
1441        40003.12627000
1442        40052.96954000
1443        40102.83919000
1444        40152.74464000
1445        40202.67728000
1446        40252.64082000
1447        40302.63518000
1448        40352.42686000
1449        40402.48243000
1450        40452.56859000
1451        40502.68144000
1452        40552.82853000
1453        40602.99734000
1454        40653.20505000
1455        40703.43912000
1456        40753.70715000
1457        40804.00522000
1458        40854.32453000
1459        40904.68244000
1460        40955.07014000
1461        41005.48756000
1462        41055.93462000
1463        41106.41029000
1464        41156.91638000
1465        41207.68754000
1466        41258.25646000
1467        41308.85463000
1468        41359.47706000
1469        41410.14137000
1470        41460.82677000
1471        41511.54903000
1472        41562.30013000
1473        41613.07508000
1474        41663.88362000
1475        41714.72476000
1476        41765.83218000
1477        41816.73449000
1478        41867.66020000
1479        41918.62318000
1480        41969.61839000
1481        42020.63768000
1482        42071.68906000
1483        42123.00656000
1484        42174.12208000
1485        42225.26132000
1486        42276.43643000
1487        42327.64328000
1488        42378.87266000
1489        42430.37065000
1490        42481.66830000
1491        42532.99740000
1492        42584.34960000
1493        42635.73720000
1494        42687.38386000
1495        42738.83400000
1496        42790.31104000
1497        42841.81489000
1498        42893.59159000
1499        42945.15646000
1500        42996.75298000
1501        43048.38017000
1502        43100.27648000
1503        43151.96922000
1504        43203.68309000
1505        43255.43245000
1506        43307.45136000
1507        43359.26570000
1508        43411.10596000
1509        43463.21094000
1510        43515.11573000
1511        43567.04619000
1512        43619.24683000
1513        43671.24140000
1514        43723.26569000
1515        43775.55531000
1516        43827.63896000
1517        43879.74775000
1518        43932.14039000
1519        43984.31243000
1520        44036.51286000
1521        44088.98964000
1522        44141.25810000
1523        44193.55120000
1524        44246.12016000
1525        44298.47563000
1526        44351.10636000
1527        44403.51951000
1528        44455.97013000
1529        44508.68833000
1530        44561.20062000
1531        44613.97541000
1532        44666.54462000
1533        44719.39071000
1534        44772.02099000
1535        44824.68384000
1536        44877.61496000
1537        44930.33763000
1538        44983.33408000
1539        45036.11340000
1540        45089.17040000
1541        45142.01881000
1542        45195.13072000
1543        45248.03434000
1544        45301.21155000
1545        45354.17917000
1546        45407.42060000
1547        45460.44280000
1548        45513.74280000
1549        45566.83302000
1550        45620.19288000
1551        45673.33706000
1552        45726.76490000
1553        45779.97117000
1554        45833.45285000
1555        45886.72249000
1556        45940.26697000
1557        45993.85217000
1558        46047.21061000
1559        46100.84342000
1560        46154.25904000
1561        46207.96409000
1562        46261.44599000
1563        46315.20818000
1564        46369.00127000
1565        46422.56964000
1566        46476.42412000
1567        46530.05412000
1568        46583.97446000
1569        46637.91583000
1570        46691.63593000
1571        46745.64273000
1572        46799.68464000
1573        46853.50050000
1574        46907.59786000
1575        46961.72533000
1576        47015.63002000
1577        47069.82211000
1578        47123.78682000
1579        47178.03843000
1580        47232.32465000
1581        47286.63567000
1582        47340.72239000
1583        47395.09234000
1584        47449.50640000
1585        47503.68634000
1586        47558.14911000
1587        47612.64603000
1588        47666.91711000
1589        47721.47702000
1590        47776.06594000
1591        47830.68875000
1592        47885.08046000
1593        47939.76074000
1594        47994.46904000
1595        48048.95610000
1596        48103.73211000
1597        48158.53161000
1598        48213.36453000
1599        48268.23585000
1600        48322.86822000
1601        48377.79584000
1602        48432.75158000
1603        48487.74043000
1604        48542.50510000
1605        48597.54964000
1606        48652.62641000
1607        48707.74178000
1608        48762.87974000
1609        48817.79226000
1610        48872.99537000
1611        48928.23107000
1612        48983.48836000
1613        49038.78388000
1614        49094.10663000
1615        49149.20761000
1616        49204.59473000
1617        49260.01404000
1618        49315.45963000
1619        49370.93791000
1620        49426.44817000
1621        49481.72477000
1622        49537.30384000
1623        49592.90424000
1624        49648.53635000
1625        49704.19422000
1626        49759.88956000
1627        49815.61640000
1628        49871.36942000
1629        49927.15380000
1630        49982.71279000
1631        50038.55363000
1632        50094.43155000
1633        50150.34058000
1634        50206.28599000
1635        50262.25704000
1636        50318.25900000
1637        50374.28585000
1638        50430.34941000
1639        50486.44368000
1640        50542.56858000
1641        50598.72405000
1642        50654.91544000
1643        50711.13185000
1644        50767.37261000
1645        50823.39033000
1646        50879.69742000
1647        50936.03467000
1648        50992.40746000
1649        51048.81027000
1650        51105.23700000
1651        51161.69965000
1652        51218.19211000
1653        51274.72534000
1654        51331.27722000
1655        51387.86423000
1656        51444.48078000
1657        51501.12626000
1658        51557.80167000
1659        51614.77932000
1660        51671.51907000
1661        51728.29360000
1662        51785.09725000
1663        51841.92384000
1664        51898.78552000
1665        51955.68175000
1666        52012.60682000
1667        52069.56066000
1668        52126.54885000
1669        52183.57135000
1670        52240.61057000
1671        52297.69013000
1672        52354.80381000
1673        52411.94585000
1674        52469.11617000
1675        52526.59073000
1676        52583.82906000
1677        52641.08349000
1678        52698.37788000
1679        52755.70020000
1680        52813.06192000
1681        52870.45143000
1682        52927.86867000
1683        52985.31935000
1684        53043.06911000
1685        53100.57504000
1686        53158.12006000
1687        53215.69245000
1688        53273.29797000
1689        53330.93072000
1690        53388.59017000
1691        53446.55624000
1692        53504.28803000
1693        53562.04676000
1694        53619.83235000
1695        53677.65064000
1696        53735.50750000
1697        53793.65308000
1698        53851.56930000
1699        53909.51203000
1700        53967.48716000
1701        54025.48864000
1702        54083.80366000
1703        54141.86979000
1704        54199.96808000
1705        54258.09204000
1706        54316.24839000
1707        54374.71895000
1708        54432.93935000
1709        54491.19157000
1710        54549.46949000
1711        54608.06822000
1712        54666.40321000
1713        54724.77622000
1714        54783.18074000
1715        54841.90052000
1716        54900.36807000
1717        54958.86695000
1718        55017.39709000
1719        55076.23035000
1720        55134.82300000
1721        55193.44674000
1722        55252.09529000
1723        55311.06635000
1724        55369.78312000
1725        55428.52448000
1726        55487.58222000
1727        55546.38520000
1728        55605.22504000
1729        55664.09544000
1730        55723.28309000
1731        55782.21462000
1732        55841.17023000
1733        55900.44975000
1734        55959.47207000
1735        56018.52487000
1736        56077.88934000
1737        56137.00881000
1738        56196.15827000
1739        56255.61977000
1740        56314.82919000
1741        56374.06172000
1742        56433.61972000
1743        56492.92488000
1744        56552.25964000
1745        56611.90718000
1746        56671.30756000
1747        56731.01450000
1748        56790.47381000
1749        56849.95567000
1750        56909.76409000
1751        56969.31118000
1752        57028.89384000
1753        57088.79023000
1754        57148.43754000
1755        57208.39229000
1756        57268.09747000
1757        57327.83118000
1758        57387.88599000
1759        57447.68395000
1760        57507.79647000
1761        57567.66482000
1762        57627.84139000
1763        57687.76009000
1764        57747.71370000
1765        57807.98227000
1766        57867.99906000
1767        57928.33125000
1768        57988.40433000
1769        58048.80639000
1770        58108.94214000
1771        58169.40047000
1772        58229.59866000
1773        58289.83110000
1774        58350.37992000
1775        58410.67460000
1776        58471.28573000
1777        58531.64902000
1778        58592.32224000
1779        58652.74035000
1780        58713.48900000
1781        58773.96152000
1782        58834.75814000
1783        58895.29868000
1784        58956.17032000
1785        59016.77171000
1786        59077.69760000
1787        59138.36645000
1788        59199.35318000
1789        59260.08238000
1790        59321.12960000
1791        59381.91890000
1792        59443.03347000
1793        59503.88956000
1794        59565.06424000
1795        59626.26547000
1796        59687.22142000
1797        59748.48934000
1798        59809.48348000
1799        59870.81785000
1800        59931.89203000
1801        59993.28563000
1802        60054.41854000
1803        60115.87108000
1804        60177.06951000
1805        60238.58782000
1806        60300.13902000
1807        60361.42830000
1808        60423.03783000
1809        60484.38496000
1810        60546.05967000
1811        60607.77413000
1812        60669.21117000
1813        60730.98333000
1814        60792.48472000
1815        60854.32151000
1816        60916.17622000
1817        60977.77378000
1818        61039.69994000
1819        61101.36852000
1820        61163.35147000
1821        61225.37369000
1822        61287.12309000
1823        61349.20900000
1824        61411.31946000
1825        61473.16367000
1826        61535.33744000
1827        61597.25175000
1828        61659.48861000
1829        61721.75702000
1830        61783.75790000
1831        61846.09271000
1832        61908.45890000
1833        61970.55315000
1834        62032.97440000
1835        62095.43045000
1836        62157.62123000
1837        62220.13930000
1838        62282.69583000
1839        62344.97519000
1840        62407.58966000
1841        62470.23497000
1842        62532.61356000
1843        62595.32018000
1844        62658.05003000
1845        62720.82164000
1846        62783.32558000
1847        62846.15802000
1848        62909.02086000
1849        62971.61531000
1850        63034.54621000
1851        63097.50354000
1852        63160.18795000
1853        63223.20171000
1854        63286.26063000
1855        63349.34190000
1856        63412.15309000
1857        63475.29780000
1858        63538.48000000
1859        63601.68811000
1860        63664.62518000
1861        63727.90013000
1862        63791.20079000
1863        63854.52727000
1864        63917.58928000
1865        63980.98970000
1866        64044.41556000
1867        64107.87457000
1868        64171.06060000
1869        64234.58948000
1870        64298.13961000
1871        64361.72659000
1872        64425.03178000
1873        64488.68821000
1874        64552.35799000
1875        64616.06809000
1876        64679.80689000
1877        64743.27845000
1878        64807.08220000
1879        64870.91844000
1880        64934.78313000
1881        64998.68815000
1882        65062.30886000
1883        65126.27031000
1884        65190.25228000
1885        65254.28208000
1886        65318.33597000
1887        65382.42190000
1888        65446.23805000
1889        65510.38770000
1890        65574.56518000
1891        65638.77850000
1892        65703.02763000
1893        65767.30036000
1894        65831.29787000
1895        65895.62584000
1896        65960.00126000
1897        66024.40001000
1898        66088.83425000
1899        66153.29575000
1900        66217.48472000
1901        66282.00858000
1902        66346.56773000
1903        66411.15390000
1904        66475.77936000
1905        66540.43173000
1906        66605.10719000
1907        66669.82140000
1908        66734.25708000
1909        66799.03688000
1910        66863.84326000
1911        66928.68446000
1912        66993.56044000
1913        67058.46282000
1914        67123.39986000
1915        67188.37154000
1916        67253.36522000
1917        67318.39341000
1918        67383.13273000
1919        67448.22962000
1920        67513.35246000
1921        67578.50537000
1922        67643.69255000
1923        67708.91394000
1924        67774.16102000
1925        67839.44219000
1926        67904.75316000
1927        67970.10240000
1928        68035.47706000
1929        68100.88135000
1930        68166.31142000
1931        68231.78762000
1932        68296.97099000
1933        68362.50156000
1934        68428.06146000
1935        68493.66356000
1936        68559.29057000
1937        68624.94673000
1938        68690.63631000
1939        68756.36361000
1940        68822.11555000
1941        68887.89641000
1942        68953.71919000
1943        69019.55827000
1944        69085.43423000
1945        69151.34325000
1946        69217.28965000
1947        69283.26023000
1948        69349.26370000
1949        69415.30002000
1950        69481.37354000
1951        69547.47097000
1952        69613.60109000
1953        69679.76384000
1954        69745.95917000
1955        69812.18703000
1956        69878.43022000
1957        69944.71852000
1958        70011.04364000
1959        70077.39215000
1960        70143.77738000
1961        70210.19034000
1962        70276.63994000
1963        70343.11715000
1964        70409.62190000
1965        70476.16314000
1966        70542.74083000
1967        70609.34137000
1968        70675.97373000
1969        70742.64693000
1970        70809.33442000
1971        70876.38720000
1972        70943.14649000
1973        71009.94646000
1974        71076.76882000
1975        71143.62261000
1976        71210.50779000
1977        71277.43348000
1978        71344.38128000
1979        71411.36031000
1980        71478.37511000
1981        71545.42104000
1982        71612.49803000
1983        71679.60603000
1984        71746.74499000
1985        71813.91101000
1986        71881.43980000
1987        71948.67147000
1988        72015.93853000
1989        72083.24094000
1990        72150.56464000
1991        72217.92358000
1992        72285.31772000
1993        72352.74233000
1994        72420.19734000
1995        72487.68270000
1996        72555.53774000
1997        72623.08382000
1998        72690.66480000
1999        72758.27591000
2000        72825.92657000
2001        72893.59391000
2002        72961.29980000
2003        73029.03560000
2004        73097.14223000
2005        73164.94261000
2006        73232.77752000
2007        73300.64210000
2008        73368.54110000
2009        73436.46968000
2010        73504.42777000
2011        73572.75289000
2012        73640.77966000
2013        73708.83579000
2014        73776.92120000
2015        73845.03585000
2016        73913.18936000
2017        73981.37199000
2018        74049.90903000
2019        74118.14992000
2020        74186.43438000
2021        74254.73798000
2022        74323.07530000
2023        74391.78620000
2024        74460.19102000
2025        74528.62451000
2026        74597.08660000
2027        74665.59202000
2028        74734.11608000
2029        74803.01458000
2030        74871.60552000
2031        74940.23470000
2032        75008.88718000
2033        75077.57284000
2034        75146.62870000
2035        75215.38074000
2036        75284.16582000
2037        75352.96499000
2038        75421.81097000
2039        75491.03284000
2040        75559.93970000
2041        75628.87932000
2042        75697.84664000
2043        75767.19545000
2044        75836.22825000
2045        75905.29360000
2046        75974.39147000
2047        76043.52688000
2048        76113.02934000
2049        76182.21959000
2050        76251.44723000
2051        76320.70714000
2052        76390.33462000
2053        76459.64889000
2054        76529.00550000
2055        76598.38905000
2056        76668.14581000
2057        76737.57933000
2058        76807.06408000
2059        76876.57556000
2060        76946.45563000
2061        77016.02568000
2062        77085.63778000
2063        77155.61369000
2064        77225.28406000
2065        77294.98079000
2066        77364.71940000
2067        77434.82232000
2068        77504.61877000
2069        77574.44133000
2070        77644.30564000
2071        77714.53997000
2072        77784.46166000
2073        77854.40923000
2074        77924.74823000
2075        77994.76335000
2076        78064.80944000
2077        78134.89702000
2078        78205.35023000
2079        78275.49441000
2080        78345.66936000
2081        78416.21697000
2082        78486.45348000
2083        78556.72060000
2084        78627.37004000
2085        78697.70908000
2086        78768.07322000
2087        78838.81478000
2088        78909.24522000
2089        78979.71133000
2090        79050.54989000
2091        79121.07125000
2092        79191.62813000
2093        79262.56863000
2094        79333.18582000
2095        79403.83840000
2096        79474.86418000
2097        79545.58760000
2098        79616.32998000
2099        79687.45682000
2100        79758.26430000
2101        79829.11236000
2102        79900.33439000
2103        79971.23634000
2104        80042.17874000
2105        80113.49551000
2106        80184.49695000
2107        80255.52774000
2108        80326.94427000
2109        80398.03928000
2110        80469.52032000
2111        80540.66430000
2112        80611.86347000
2113        80683.43247000
2114        80754.68983000
2115        80825.97054000
2116        80897.64926000
2117        80968.99896000
2118        81040.73024000
2119        81112.14316000
2120        81183.59031000
2121        81255.41946000
2122        81326.92392000
2123        81398.82188000
2124        81470.39468000
2125        81542.00149000
2126        81613.98531000
2127        81685.65454000
2128        81757.71236000
2129        81829.44381000
2130        81901.20336000
2131        81973.35759000
2132        82045.18473000
2133        82117.39546000
2134        82189.28430000
2135        82261.21239000
2136        82333.51877000
2137        82405.50255000
2138        82477.87632000
2139        82549.92703000
2140        82622.36227000
2141        82694.47397000
2142        82766.97623000
2143        82839.15449000
2144        82911.36009000
2145        82983.95666000
2146        83056.22852000
2147        83128.89745000
2148        83201.22959000
2149        83273.95326000
2150        83346.35128000
2151        83419.14696000
2152        83491.60484000
2153        83564.10125000
2154        83636.97417000
2155        83709.53599000
2156        83782.48447000
2157        83855.10564000
2158        83928.12552000
2159        84000.80582000
2160        84073.88511000
2161        84146.63024000
2162        84219.77466000
2163        84292.59036000
2164        84365.79377000
2165        84438.66799000
2166        84511.94208000
2167        84584.88056000
2168        84657.85099000
2169        84731.21577000
2170        84804.25616000
2171        84877.68518000
2172        84950.78336000
2173        85024.27644000
2174        85097.44422000
2175        85171.00116000
2176        85244.22630000
2177        85317.84690000
2178        85391.14128000
2179        85464.82535000
2180        85538.17667000
2181        85611.92401000
2182        85685.71517000
2183        85759.16070000
2184        85833.00877000
2185        85906.52291000
2186        85980.43376000
2187        86054.01022000
2188        86127.98366000
2189        86201.62836000
2190        86275.67035000
2191        86349.37083000
2192        86423.47501000
2193        86497.24337000
2194        86571.40956000
2195        86645.23943000
2196        86719.47361000
2197        86793.37101000
2198        86867.66680000
2199        86941.62533000
2200        87015.98252000
2201        87090.38291000
2202        87164.43284000
2203        87238.88810000
2204        87313.00490000
2205        87387.53360000
2206        87461.71083000
2207        87536.29397000
2208        87610.54400000
2209        87685.19395000
2210        87759.87418000
2211        87834.21428000
2212        87908.96736000
2213        87983.37353000
2214        88058.18030000
2215        88132.64598000
2216        88207.52527000
2217        88282.42811000
2218        88356.99553000
2219        88431.96426000
2220        88506.59710000
2221        88581.63153000
2222        88656.69562000
2223        88731.41672000
2224        88806.55266000
2225        88881.33869000
2226        88956.53343000
2227        89031.38422000
2228        89106.65047000
2229        89181.93958000
2230        89256.88402000
2231        89332.23789000
2232        89407.25960000
2233        89482.67805000
2234        89558.12556000
2235        89633.23371000
2236        89708.75857000
2237        89784.29927000
2238        89859.50647000
2239        89935.12427000
2240        90010.38846000
2241        90086.06354000
2242        90161.77385000
2243        90237.14296000
2244        90312.91682000
2245        90388.34242000
2246        90464.17302000
2247        90540.05187000
2248        90615.57512000
2249        90691.50380000
2250        90767.47399000
2251        90843.09448000
2252        90919.12748000
2253        90995.18856000
2254        91070.89921000
2255        91147.03617000
2256        91222.80883000
2257        91299.00142000
2258        91375.22183000
2259        91451.10405000
2260        91527.39321000
2261        91603.71005000
2262        91679.68126000
2263        91756.06658000
2264        91832.48617000
2265        91908.55269000
2266        91985.03374000
2267        92061.54894000
2268        92137.72119000
2269        92214.29756000
2270        92290.91476000
2271        92367.17062000
2272        92443.84187000
2273        92520.54700000
2274        92596.91058000
2275        92673.67629000
2276        92750.48261000
2277        92826.93295000
2278        92903.80647000
2279        92980.69981000
2280        93057.25024000
2281        93134.21047000
2282        93211.21111000
2283        93288.23826000
2284        93364.91467000
2285        93442.00142000
2286        93519.13539000
2287        93595.90400000
2288        93673.09032000
2289        93750.30981000
2290        93827.18415000
2291        93904.46966000
2292        93981.78821000
2293        94059.14678000
2294        94136.13823000
2295        94213.55544000
2296        94290.99847000
2297        94368.09477000
2298        94445.61024000
2299        94523.15138000
2300        94600.72519000
2301        94677.95137000
2302        94755.59021000
2303        94833.26159000
2304        94910.57755000
2305        94988.32082000
2306        95066.08937000
2307        95143.89029000
2308        95221.33485000
2309        95299.20732000
2310        95377.10893000
2311        95455.03866000
2312        95532.61109000
2313        95610.61205000
2314        95688.63785000
2315        95766.31288000
2316        95844.40245000
2317        95922.53117000
2318        96000.68451000
2319        96078.47891000
2320        96156.71016000
2321        96234.95862000
2322        96313.24603000
2323        96391.17356000
2324        96469.52402000
2325        96547.90601000
2326        96626.31950000
2327        96704.76444000
2328        96782.85566000
2329        96861.37052000
2330        96939.90934000
2331        97018.48678000
2332        97096.70960000
2333        97175.34926000
2334        97254.02005000
2335        97332.72192000
2336        97411.07565000
2337        97489.83935000
2338        97568.64141000
2339        97647.48587000
2340        97726.35712000
2341        97804.86427000
2342        97883.78945000
2343        97962.75281000
2344        98041.75430000
2345        98120.39076000
2346        98199.44578000
2347        98278.54633000
2348        98357.66986000
2349        98436.82382000
2350        98515.61906000
2351        98594.84864000
2352        98674.10096000
2353        98753.38352000
2354        98832.70385000
2355        98911.66434000
2356        98991.04474000
2357        99070.46279000
2358        99149.91086000
2359        99229.39651000
2360        99308.90446000
2361        99388.05119000
2362        99467.63798000
2363        99547.25816000
2364        99626.90040000
2365        99706.57233000
2366        99785.88191000
2367        99865.62056000
2368        99945.39644000
2369       100025.19411000
2370       100105.03665000
2371       100184.90860000
2372       100264.40910000
2373       100344.33952000
2374       100424.31471000
2375       100504.31134000
2376       100584.33714000
2377       100664.39982000
2378       100744.09742000
2379       100824.22579000
2380       100904.38313000
2381       100984.57721000
2382       101064.81991000
2383       101145.07955000
2384       101224.96489000
2385       101305.28184000
2386       101385.64321000
2387       101466.02533000
2388       101546.44392000
2389       101626.89895000
2390       101707.39039000
2391       101787.49796000
2392       101868.04605000
2393       101948.62247000
2394       102029.24309000
2395       102109.89196000
2396       102190.56904000
2397       102271.27426000
2398       102351.61782000
2399       102432.39498000
2400       102513.21223000
2401       102594.06139000
2402       102674.93045000
2403       102755.83539000
2404       102836.76814000
2405       102917.74476000
2406       102998.34185000
2407       103079.37366000
2408       103160.44116000
2409       103241.54433000
2410       103322.67502000
2411       103403.84128000
2412       103485.03497000
2413       103566.27228000
2414       103647.12002000
2415       103728.41175000
2416       103809.75109000
2417       103891.11355000
2418       103972.50314000
2419       104053.92800000
2420       104135.37987000
2421       104216.87515000
2422       104298.39735000
2423       104379.94644000
2424       104461.12815000
2425       104542.74714000
2426       104624.40111000
2427       104706.08177000
2428       104787.80562000
2429       104869.54776000
2430       104951.32472000
2431       105033.14884000
2432       105115.00366000
2433       105196.87655000
2434       105278.79244000
2435       105360.73462000
2436       105442.29844000
2437       105524.30957000
2438       105606.34683000
2439       105688.41856000
2440       105770.52471000
2441       105852.66526000
2442       105934.83174000
2443       106017.03253000
2444       106099.27601000
2445       106181.54936000
2446       106263.85283000
2447       106346.18199000
2448       106428.55374000
2449       106510.95107000
2450       106592.95831000
2451       106675.42346000
2452       106757.92257000
2453       106840.44705000
2454       106923.00540000
2455       107005.60611000
2456       107088.23207000
2457       107170.88320000
2458       107253.57660000
2459       107336.31632000
2460       107419.06843000
2461       107501.85411000
2462       107584.67333000
2463       107667.53468000
2464       107750.41222000
2465       107833.33182000
2466       107916.27613000
2467       107999.27112000
2468       108082.28205000
2469       108165.32624000
2470       108248.40362000
2471       108331.11604000
2472       108414.25954000
2473       108497.43614000
2474       108580.64578000
2475       108663.88842000
2476       108747.16403000
2477       108830.47257000
2478       108913.80520000
2479       108997.18826000
2480       109080.58652000
2481       109164.02634000
2482       109247.49889000
2483       109331.01700000
2484       109414.54603000
2485       109498.11650000
2486       109581.71952000
2487       109665.35507000
2488       109749.01419000
2489       109832.71463000
2490       109916.44747000
2491       110000.21265000
2492       110084.00120000
2493       110167.83095000
2494       110251.69291000
2495       110335.60005000
2496       110419.52635000
2497       110503.48473000
2498       110587.47517000
2499       110671.49762000
2500       110755.55202000
2501       110839.63836000
2502       110923.76560000
2503       111007.91566000
2504       111092.10656000
2505       111176.32017000
2506       111260.58765000
2507       111344.87373000
2508       111429.19144000
2509       111513.54074000
2510       111597.92159000
2511       111682.33394000
2512       111766.77774000
2513       111851.26212000
2514       111935.77788000
2515       112020.31581000
2516       112104.90740000
2517       112189.51705000
2518       112274.15791000
2519       112358.82993000
2520       112443.54229000
2521       112528.28574000
2522       112613.06024000
2523       112698.28599000
2524       112783.12262000
2525       112867.99943000
2526       112952.91113000
2527       113037.84966000
2528       113122.81897000
2529       113207.81902000
2530       113292.84976000
2531       113377.92049000
2532       113463.01249000
2533       113548.15376000
2534       113633.31621000
2535       113718.50913000
2536       113803.75528000
2537       113889.01843000
2538       113974.31194000
2539       114059.63576000
2540       114144.99927000
2541       114230.38356000
2542       114315.80748000
2543       114401.26152000
2544       114486.76462000
2545       114572.71251000
2546       114658.27988000
2547       114743.86371000
2548       114829.49650000
2549       114915.14965000
2550       115000.83264000
2551       115086.54540000
2552       115172.29746000
2553       115258.07923000
2554       115343.90023000
2555       115429.75486000
2556       115515.64467000
2557       115601.55440000
2558       115687.50324000
2559       115773.48152000
2560       115859.93543000
2561       115945.97263000
2562       116032.04881000
2563       116118.16394000
2564       116204.32197000
2565       116290.49552000
2566       116376.69818000
2567       116462.94938000
2568       116549.21991000
2569       116635.51943000
2570       116721.85765000
2571       116808.23456000
2572       116895.07921000
2573       116981.52778000
2574       117067.99136000
2575       117154.50330000
2576       117241.03412000
2577       117327.60341000
2578       117414.20131000
2579       117500.83763000
2580       117587.50246000
2581       117674.20961000
2582       117761.37210000
2583       117848.14218000
2584       117934.94061000
2585       118021.76733000
2586       118108.62229000
2587       118195.52534000
2588       118282.44660000
2589       118369.40593000
2590       118456.41725000
2591       118543.88517000
2592       118630.93875000
2593       118718.03028000
2594       118805.15973000
2595       118892.30698000
2596       118979.50212000
2597       119066.71496000
2598       119153.98966000
2599       119241.27803000
2600       119329.03822000
2601       119416.38195000
2602       119503.77343000
2603       119591.19241000
2604       119678.63882000
2605       119766.12276000
2606       119853.65833000
2607       119941.19693000
2608       120029.22889000
2609       120116.83231000
2610       120204.49351000
2611       120292.16140000
2612       120379.87681000
2613       120467.61925000
2614       120555.41312000
2615       120643.66683000
2616       120731.51081000
2617       120819.39192000
2618       120907.29984000
2619       120995.23451000
2620       121083.20620000
2621       121171.22914000
2622       121259.72323000
2623       121347.78529000
2624       121435.89461000
2625       121524.03041000
2626       121612.20303000
2627       121700.40204000
2628       121789.08737000
2629       121877.37439000
2630       121965.67332000
2631       122054.00890000
2632       122142.37064000
2633       122230.76895000
2634       122319.20380000
2635       122408.11559000
2636       122496.62755000
2637       122585.16154000
2638       122673.72141000
2639       122762.31765000
2640       122850.93967000
2641       122940.06062000
2642       123028.75539000
2643       123117.49030000
2644       123206.25753000
2645       123295.05032000
2646       123383.87924000
2647       123473.18683000
2648       123562.07745000
2649       123651.00410000
2650       123739.97064000
2651       123828.95856000
2652       123918.43658000
2653       124007.49650000
2654       124096.58157000
2655       124185.69170000
2656       124274.85909000
2657       124364.05537000
2658       124453.72805000
2659       124542.97049000
2660       124632.25934000
2661       124721.57299000
2662       124810.92221000
2663       124900.76324000
2664       124990.19838000
2665       125079.64345000
2666       125169.12394000
2667       125258.63982000
2668       125348.64829000
2669       125438.22415000
2670       125527.83529000
2671       125617.49645000
2672       125707.17805000
2673       125797.34209000
2674       125887.08325000
2675       125976.85952000
2676       126066.67085000
2677       126156.50623000
2678       126246.86160000
2679       126336.76713000
2680       126426.70758000
2681       126516.68293000
2682       126606.68207000
2683       126697.18720000
2684       126787.27104000
2685       126877.37471000
2686       126967.51310000
2687       127057.68616000
2688       127148.35494000
2689       127238.58631000
2690       127328.85224000
2691       127419.16769000
2692       127509.96449000
2693       127600.33409000
2694       127690.72693000
2695       127781.16535000
2696       127871.63814000
2697       127962.61186000
2698       128053.14221000
2699       128143.70679000
2700       128234.30559000
2701       128325.39082000
2702       128416.05811000
2703       128506.77462000
2704       128597.49876000
2705       128688.72125000
2706       128779.52493000
2707       128870.35122000
2708       128961.20005000
2709       129052.09412000
2710       129143.51390000
2711       129234.46443000
2712       129325.46012000
2713       129416.47812000
2714       129508.00731000
2715       129599.09284000
2716       129690.22723000
2717       129781.37996000
2718       129873.04454000
2719       129964.26452000
2720       130055.51796000
2721       130146.80484000
2722       130238.60803000
2723       130329.96187000
2724       130421.34904000
2725       130512.76950000
2726       130604.69157000
2727       130696.17870000
2728       130787.70277000
2729       130879.26786000
2730       130971.31191000
2731       131062.93174000
2732       131154.57293000
2733       131246.72848000
2734       131338.46294000
2735       131430.20318000
2736       131521.98799000
2737       131614.27613000
2738       131706.12681000
2739       131798.01401000
2740       131889.93020000
2741       131982.35033000
2742       132074.32028000
2743       132166.33464000
2744       132258.38159000
2745       132350.94866000
2746       132443.06087000
2747       132535.19370000
2748       132627.84339000
2749       132720.05309000
2750       132812.29514000
2751       132904.58515000
2752       132997.37708000
2753       133089.71619000
2754       133182.08751000
2755       133274.96491000
2756       133367.42836000
2757       133459.89626000
2758       133552.39620000
2759       133645.40285000
2760       133737.99100000
2761       133830.58706000
2762       133923.71808000
2763       134016.37809000
2764       134109.09404000
2765       134201.82973000
2766       134295.07321000
2767       134387.87255000
2768       134480.73150000
2769       134574.07078000
2770       134666.96522000
2771       134759.90337000
2772       134852.87306000
2773       134946.36749000
2774       135039.38812000
2775       135132.45234000
2776       135226.03812000
2777       135319.16524000
2778       135412.35182000
2779       135506.03229000
2780       135599.25337000
2781       135692.51789000
2782       135786.29267000
2783       135879.63193000
2784       135973.00595000
2785       136066.39500000
2786       136160.30726000
2787       136253.77079000
2788       136347.26522000
2789       136441.28704000
2790       136534.84338000
2791       136628.44291000
2792       136722.55426000
2793       136816.20304000
2794       136909.91103000
2795       137004.12765000
2796       137097.88099000
2797       137191.66487000
2798       137285.97397000
2799       137379.86022000
2800       137473.74827000
2801       137568.14949000
2802       137662.09848000
2803       137756.10294000
2804       137850.59588000
2805       137944.66472000
2806       138038.76016000
2807       138133.36971000
2808       138227.52567000
2809       138321.71172000
2810       138416.42861000
2811       138510.68760000
2812       138604.96388000
2813       138699.76787000
2814       138794.12957000
2815       138888.53749000
2816       138983.43183000
2817       139077.88322000
2818       139172.37711000
2819       139267.37418000
2820       139361.94404000
2821       139456.52714000
2822       139551.62664000
2823       139646.28189000
2824       139740.96664000
2825       139836.18470000
2826       139930.92855000
2827       140025.71466000
2828       140121.01809000
2829       140215.87954000
2830       140310.76670000
2831       140406.17164000
2832       140501.11742000
2833       140596.09234000
2834       140691.61500000
2835       140786.66128000
2836       140882.22608000
2837       140977.34357000
2838       141072.49002000
2839       141168.17206000
2840       141263.37648000
2841       141358.63586000
2842       141454.40163000
2843       141549.70567000
2844       141645.06817000
2845       141740.94708000
2846       141836.35043000
2847       141931.79551000
2848       142027.76096000
2849       142123.29318000
2850       142219.31619000
2851       142314.90201000
2852       142410.50300000
2853       142506.65511000
2854       142602.33943000
2855       142698.03877000
2856       142794.27296000
2857       142890.05545000
2858       142986.36336000
2859       143082.20231000
2860       143178.08265000
2861       143274.48536000
2862       143370.42192000
2863       143466.40327000
2864       143562.91733000
2865       143658.95116000
2866       143755.52151000
2867       143851.64146000
2868       143947.78567000
2869       144044.45347000
2870       144140.65324000
2871       144237.37687000
2872       144333.67596000
2873       144429.97213000
2874       144526.80614000
2875       144623.17096000
2876       144719.60729000
2877       144816.53788000
2878       144912.99855000
2879       145009.99790000
2880       145106.54049000
2881       145203.12736000
2882       145300.22273000
2883       145396.86066000
2884       145494.02445000
2885       145590.74749000
2886       145687.48044000
2887       145784.75339000
2888       145881.55411000
2889       145978.88145000
2890       146075.76698000
2891       146172.67590000
2892       146270.09813000
2893       146367.06072000
2894       146464.58169000
2895       146561.62539000
2896       146658.68187000
2897       146756.27999000
2898       146853.43465000
2899       146951.10020000
2900       147048.30457000
2901       147146.03738000
2902       147243.29467000
2903       147340.62341000
2904       147438.44981000
2905       147535.81393000
2906       147633.70723000
2907       147731.16915000
2908       147828.62583000
2909       147926.62615000
2910       148024.14907000
2911       148122.24741000
2912       148219.83645000
2913       148317.96978000
2914       148415.63886000
2915       148513.35120000
2916       148611.57678000
2917       148709.33743000
2918       148807.64321000
2919       148905.46948000
2920       149003.35301000
2921       149101.75050000
2922       149199.68195000
2923       149298.14517000
2924       149396.15946000
2925       149494.68827000
2926       149592.76441000
2927       149690.85159000
2928       149789.50316000
2929       149887.65525000
2930       149986.36876000
2931       150084.59996000
2932       150183.38192000
2933       150281.66342000
2934       150380.50705000
2935       150478.86740000
2936       150577.27036000
2937       150676.20389000
2938       150774.68227000
2939       150873.68041000
2940       150972.21183000
2941       151071.28889000
2942       151169.88103000
2943       151269.02244000
2944       151367.69623000
2945       151466.39129000
2946       151565.62157000
2947       151664.38028000
2948       151763.67450000
2949       151862.51455000
2950       151961.88718000
2951       152060.80197000
2952       152160.24156000
2953       152259.20500000
2954       152358.19257000
2955       152457.73139000
2956       152556.79989000
2957       152656.40203000
2958       152755.53016000
2959       152855.21021000
2960       152954.41905000
2961       153054.14741000
2962       153153.40085000
2963       153253.20685000
2964       153352.54073000
2965       153451.89506000
2966       153551.81727000
2967       153651.24866000
2968       153751.23666000
2969       153850.71528000
2970       153950.74759000
2971       154050.30299000
2972       154150.43055000
2973       154250.04774000
2974       154350.23424000
2975       154449.92802000
2976       154550.17969000
2977       154649.93497000
2978       154750.23028000
2979       154850.06191000
2980       154950.45208000
2981       155050.32989000
2982       155150.27579000
2983       155250.74742000
2984       155350.74243000
2985       155451.29045000
2986       155551.34313000
2987       155651.93718000
2988       155752.08398000
2989       155852.75417000
2990       155952.95841000
2991       156053.70779000
2992       156153.97247000
2993       156254.77943000
2994       156355.08913000
2995       156455.99027000
2996       156556.37532000
2997       156657.33380000
2998       156757.77880000
2999       156858.80069000
3000       156959.32080000
3001       157060.39971000
3002       157160.97947000
3003       157262.13682000
3004       157362.79146000
3005       157464.02096000
3006       157564.75348000
3007       157666.04271000
3008       157766.81593000
3009       157868.16470000
3010       157969.03097000
3011       158070.43913000
3012       158171.36126000
3013       158272.85969000
3014       158373.85919000
3015       158475.40120000
3016       158576.45627000
3017       158678.09142000
3018       158779.20498000
3019       158880.88027000
3020       158982.08337000
3021       159083.85164000
3022       159185.09730000
3023       159286.90535000
3024       159388.22469000
3025       159490.12550000
3026       159591.51842000
3027       159693.45869000
3028       159794.94386000
3029       159896.95793000
3030       159998.48193000
3031       160100.55387000
3032       160202.16991000
3033       160304.31540000
3034       160405.95407000
3035       160508.19181000
3036       160609.93520000
3037       160712.21155000
3038       160813.99603000
3039       160916.36446000
3040       161018.22169000
3041       161120.62834000
3042       161222.57713000
3043       161325.05671000
3044       161427.05910000
3045       161529.61151000
3046       161631.67324000
3047       161734.29837000
3048       161836.41335000
3049       161939.11402000
3050       162041.30113000
3051       162144.07135000
3052       162246.33048000
3053       162349.15989000
3054       162452.00644000
3055       162554.37348000
3056       162657.31129000
3057       162759.71768000
3058       162862.70841000
3059       162965.21882000
3060       163068.28439000
3061       163170.83380000
3062       163273.95200000
3063       163376.59192000
3064       163479.78178000
3065       163582.47374000
3066       163685.73516000
3067       163788.51746000
3068       163891.83396000
3069       163995.20260000
3070       164098.07509000
3071       164201.49859000
3072       164304.40617000
3073       164407.92008000
3074       164510.93122000
3075       164614.48037000
3076       164717.54561000
3077       164821.18497000
3078       164924.30413000
3079       165027.99486000
3080       165131.20370000
3081       165234.96505000
3082       165338.77837000
3083       165442.07596000
3084       165545.94314000
3085       165649.29128000
3086       165753.22877000
3087       165856.66623000
3088       165960.65725000
3089       166064.14495000
3090       166168.24226000
3091       166272.33843000
3092       166375.93061000
3093       166480.11621000
3094       166583.76105000
3095       166687.99685000
3096       166791.72777000
3097       166896.03598000
3098       166999.85294000
3099       167104.21105000
3100       167208.62359000
3101       167312.51048000
3102       167416.97267000
3103       167520.96500000
3104       167625.49639000
3105       167729.53782000
3106       167834.15799000
3107       167938.25109000
3108       168042.90349000
3109       168147.60739000
3110       168251.82301000
3111       168356.59567000
3112       168460.84277000
3113       168565.72093000
3114       168670.05329000
3115       168774.94599000
3116       168879.90993000
3117       168984.32727000
3118       169089.33969000
3119       169193.84473000
3120       169298.90815000
3121       169403.49545000
3122       169508.64681000
3123       169613.82960000
3124       169718.48391000
3125       169823.71729000
3126       169928.47623000
3127       170033.77733000
3128       170138.58362000
3129       170243.98965000
3130       170349.39220000
3131       170454.28194000
3132       170559.78930000
3133       170664.74600000
3134       170770.28322000
3135       170875.32678000
3136       170980.96605000
3137       171086.60405000
3138       171191.74775000
3139       171297.47020000
3140       171402.66031000
3141       171508.45221000
3142       171614.27499000
3143       171719.56469000
3144       171825.49189000
3145       171930.84779000
3146       172036.80377000
3147       172142.24591000
3148       172248.26830000
3149       172354.30626000
3150       172459.86503000
3151       172565.96917000
3152       172671.59116000
3153       172777.79935000
3154       172884.02036000
3155       172989.70535000
3156       173095.99221000
3157       173201.78071000
3158       173308.13331000
3159       173414.53666000
3160       173520.42318000
3161       173626.87426000
3162       173732.80549000
3163       173839.36027000
3164       173945.90951000
3165       174051.93822000
3166       174158.57308000
3167       174264.70247000
3168       174371.39996000
3169       174478.13254000
3170       174584.34099000
3171       174691.11795000
3172       174797.41135000
3173       174904.27110000
3174       175011.16327000
3175       175117.57132000
3176       175224.52807000
3177       175330.96157000
3178       175438.02148000
3179       175545.07492000
3180       175651.62260000
3181       175758.76087000
3182       175865.39057000
3183       175972.61120000
3184       176079.82503000
3185       176186.53204000
3186       176293.84870000
3187       176401.17667000
3188       176507.99720000
3189       176615.40960000
3190       176722.29342000
3191       176829.76702000
3192       176937.29323000
3193       177044.25339000
3194       177151.82221000
3195       177258.88448000
3196       177366.51654000
3197       177474.19873000
3198       177581.37376000
3199       177689.10052000
3200       177796.87736000
3201       177904.14637000
3202       178011.98607000
3203       178119.29659000
3204       178227.21991000
3205       178335.15370000
3206       178442.57625000
3207       178550.61214000
3208       178658.65839000
3209       178766.15543000
3210       178874.28496000
3211       178981.86251000
3212       179090.07297000
3213       179198.29357000
3214       179305.98251000
3215       179414.26738000
3216       179522.58101000
3217       179630.36227000
3218       179738.75875000
3219       179846.60131000
3220       179955.05718000
3221       180063.56505000
3222       180171.51830000
3223       180280.06649000
3224       180388.66661000
3225       180496.73031000
3226       180605.37049000
3227       180714.08150000
3228       180822.21743000
3229       180931.00851000
3230       181039.22402000
3231       181148.05480000
3232       181256.91828000
3233       181365.24355000
3234       181474.16553000
3235       181583.13921000
3236       181691.57401000
3237       181800.58686000
3238       181909.67050000
3239       182018.19541000
3240       182127.31800000
3241       182236.49214000
3242       182345.10681000
3243       182454.36030000
3244       182563.64177000
3245       182672.36518000
3246       182781.70868000
3247       182890.49150000
3248       182999.89260000
3249       183109.34512000
3250       183218.23623000
3251       183327.72678000
3252       183437.28807000
3253       183546.28725000
3254       183655.90791000
3255       183765.53673000
3256       183874.62424000
3257       183984.35324000
3258       184094.07075000
3259       184203.26577000
3260       184313.10287000
3261       184422.94788000
3262       184532.25227000
3263       184642.15597000
3264       184752.08907000
3265       184861.52013000
3266       184971.51171000
3267       185081.57193000
3268       185191.09014000
3269       185301.18897000
3270       185411.35845000
3271       185520.96145000
3272       185631.16727000
3273       185741.42395000
3274       185851.13321000
3275       185961.44577000
3276       186071.80915000
3277       186181.62442000
3278       186292.04547000
3279       186402.49342000
3280       186512.39454000
3281       186622.92182000
3282       186733.47591000
3283       186843.50247000
3284       186954.13575000
3285       187064.77575000
3286       187174.90952000
3287       187285.62656000
3288       187396.37216000
3289       187506.59084000
3290       187617.43342000
3291       187728.28436000
3292       187838.60775000
3293       187949.53543000
3294       188060.49336000
3295       188170.91929000
3296       188281.93170000
3297       188393.01466000
3298       188503.52456000
3299       188614.68398000
3300       188725.82917000
3301       188836.44294000
3302       188947.68652000
3303       189058.95629000
3304       189169.65335000
3305       189281.00106000
3306       189392.39527000
3307       189503.21790000
3308       189614.64729000
3309       189726.10448000
3310       189837.63216000
3311       189948.58362000
3312       190060.16659000
3313       190171.75494000
3314       190282.82966000
3315       190394.51591000
3316       190506.20738000
3317       190617.38642000
3318       190729.15329000
3319       190840.94761000
3320       190952.22889000
3321       191064.11912000
3322       191176.03847000
3323       191287.39932000
3324       191399.37133000
3325       191511.39303000
3326       191623.44022000
3327       191734.95222000
3328       191847.05353000
3329       191959.20271000
3330       192070.81606000
3331       192183.03999000
3332       192295.27006000
3333       192406.98448000
3334       192519.28908000
3335       192631.66405000
3336       192744.04328000
3337       192855.90609000
3338       192968.35968000
3339       193080.84000000
3340       193192.78228000
3341       193305.33678000
3342       193417.94060000
3343       193529.98140000
3344       193642.63655000
3345       193755.34094000
3346       193868.07020000
3347       193980.25991000
3348       194093.04184000
3349       194205.87131000
3350       194318.16056000
3351       194431.04247000
3352       194544.01591000
3353       194656.38161000
3354       194769.36324000
3355       194882.41514000
3356       194995.47030000
3357       195108.00502000
3358       195221.11210000
3359       195334.28786000
3360       195446.92123000
3361       195560.14873000
3362       195673.44648000
3363       195786.74717000
3364       195899.48158000
3365       196012.87812000
3366       196126.27744000
3367       196239.13279000
3368       196352.62635000
3369       196466.14706000
3370       196579.67033000
3371       196692.64726000
3372       196806.28767000
3373       196919.90888000
3374       197033.02786000
3375       197146.74304000
3376       197260.48360000
3377       197374.27264000
3378       197487.49072000
3379       197601.35188000
3380       197715.23685000
3381       197829.17022000
3382       197942.50992000
3383       198056.51378000
3384       198170.54416000
3385       198284.00199000
3386       198398.10411000
3387       198512.20792000
3388       198626.38185000
3389       198739.98233000
3390       198854.18253000
3391       198968.47478000
3392       199082.76852000
3393       199196.51259000
3394       199310.85559000
3395       199425.24528000
3396       199539.10670000
3397       199653.54543000
3398       199768.07632000
3399       199882.60833000
3400       199996.58914000
3401       200111.16989000
3402       200225.79720000
3403       200340.49457000
3404       200454.59288000
3405       200569.33873000
3406       200684.10757000
3407       200798.92418000
3408       200913.16300000
3409       201028.02650000
3410       201142.96000000
3411       201257.27036000
3412       201372.27417000
3413       201487.27838000
3414       201602.35260000
3415       201716.82504000
3416       201831.94691000
3417       201947.06896000
3418       202062.25975000
3419       202176.87265000
3420       202292.11077000
3421       202407.41883000
3422       202522.74941000
3423       202637.50115000
3424       202752.87875000
3425       202868.27988000
3426       202983.75093000
3427       203098.63988000
3428       203214.15765000
3429       203329.72035000
3430       203445.33028000
3431       203560.33444000
3432       203676.01353000
3433       203791.69198000
3434       203907.41641000
3435       204022.58190000
3436       204138.37525000
3437       204254.23848000
3438       204370.07796000
3439       204485.40338000
3440       204601.31151000
3441       204717.26547000
3442       204833.28928000
3443       204948.70435000
3444       205064.77365000
3445       205180.88769000
3446       205297.04856000
3447       205412.59970000
3448       205528.82883000
3449       205645.05651000
3450       205761.33086000
3451       205877.01760000
3452       205993.38208000
3453       206109.77007000
3454       206226.15631000
3455       206342.02558000
3456       206458.47955000
3457       206575.00327000
3458       206691.54831000
3459       206807.52910000
3460       206924.16499000
3461       207040.79973000
3462       207157.50421000
3463       207274.20649000
3464       207390.34339000
3465       207507.13628000
3466       207623.97549000
3467       207740.81228000
3468       207857.12975000
3469       207974.03354000
3470       208091.00701000
3471       208207.97786000
3472       208324.38067000
3473       208441.46625000
3474       208558.54905000
3475       208675.67792000
3476       208792.85113000
3477       208909.45611000
3478       209026.67217000
3479       209143.95788000
3480       209261.24049000
3481       209377.97767000
3482       209495.32650000
3483       209612.76872000
3484       209730.18386000
3485       209847.02817000
3486       209964.55772000
3487       210082.08381000
3488       210199.67950000
3489       210317.27161000
3490       210434.31648000
3491       210551.99823000
3492       210669.72562000
3493       210787.44922000
3494       210904.62476000
3495       211022.43782000
3496       211140.29641000
3497       211258.15099000
3498       211376.09915000
3499       211493.42464000
3500       211611.41326000
