   1            1.51983000
   2            4.13255000
   3            7.03692000
   4           10.37832000
   5           14.12183000
   6           18.23173000
   7           22.67900000
   8           27.44017000
   9           32.49595000
  10           37.83017000
  11           43.42901000
  12           49.28056000
  13           55.37436000
  14           61.70116000
  15           68.25265000
  16           75.02140000
  17           82.00067000
  18           89.18429000
  19           96.56662000
  20          104.14245000
  21          111.90698000
  22          119.85572000
  23          127.98452000
  24          136.28946000
  25          144.76695000
  26          153.41348000
  27          162.22589000
  28          171.20110000
  29          180.33615000
  30          189.62839000
  31          199.07516000
  32          208.67404000
  33          218.42261000
  34          228.31863000
  35          238.35995000
  36          248.54446000
  37          258.87027000
  38          269.33545000
  39          279.93811000
  40          290.67661000
  41          301.54916000
  42          312.55417000
  43          323.69012000
  44          334.95541000
  45          346.34866000
  46          357.86841000
  47          369.51334000
  48          381.28201000
  49          393.17331000
  50          405.18591000
  51          417.31854000
  52          429.57013000
  53          441.93951000
  54          454.42554000
  55          467.02722000
  56          479.74350000
  57          492.57330000
  58          505.51562000
  59          518.56964000
  60          531.73425000
  61          545.00867000
  62          558.39185000
  63          571.88306000
  64          585.48145000
  65          599.18604000
  66          612.99622000
  67          626.91101000
  68          640.92975000
  69          655.05170000
  70          669.27606000
  71          683.60211000
  72          698.02917000
  73          712.55646000
  74          727.18341000
  75          741.90930000
  76          756.73346000
  77          771.65527000
  78          786.67407000
  79          801.78931000
  80          817.00043000
  81          832.30664000
  82          847.70752000
  83          863.20251000
  84          878.79083000
  85          894.47217000
  86          910.24603000
  87          926.11151000
  88          942.06854000
  89          958.11621000
  90          974.25446000
  91          990.48230000
  92         1006.79962000
  93         1023.20581000
  94         1039.70020000
  95         1056.28259000
  96         1072.95251000
  97         1089.70947000
  98         1106.55298000
  99         1123.48254000
 100         1140.49792000
 101         1157.59839000
 102         1174.78381000
 103         1192.05371000
 104         1209.40759000
 105         1226.84534000
 106         1244.36609000
 107         1261.96973000
 108         1279.65588000
 109         1297.42407000
 110         1315.27405000
 111         1333.20532000
 112         1351.21790000
 113         1369.31079000
 114         1387.48401000
 115         1405.73718000
 116         1424.06995000
 117         1442.48193000
 118         1460.97314000
 119         1479.54260000
 120         1498.19055000
 121         1516.91638000
 122         1535.71960000
 123         1554.60034000
 124         1573.55811000
 125         1592.59277000
 126         1611.70349000
 127         1630.89038000
 128         1650.15308000
 129         1669.49133000
 130         1688.90466000
 131         1708.39294000
 132         1727.95618000
 133         1747.59351000
 134         1767.32260000
 135         1787.10820000
 136         1806.96717000
 137         1826.89950000
 138         1846.90507000
 139         1866.98327000
 140         1887.13398000
 141         1907.35684000
 142         1927.65160000
 143         1948.01826000
 144         1968.45645000
 145         1988.96606000
 146         2009.56644000
 147         2030.21785000
 148         2050.93970000
 149         2071.73210000
 150         2092.59434000
 151         2113.52640000
 152         2134.52829000
 153         2155.62107000
 154         2176.76159000
 155         2197.97121000
 156         2219.24944000
 157         2240.59603000
 158         2262.03360000
 159         2283.51712000
 160         2305.06827000
 161         2326.71057000
 162         2348.39671000
 163         2370.15073000
 164         2391.99532000
 165         2413.88310000
 166         2435.83779000
 167         2457.88347000
 168         2479.97120000
 169         2502.14938000
 170         2524.36892000
 171         2546.67986000
 172         2569.03124000
 173         2591.47323000
 174         2613.95497000
 175         2636.52803000
 176         2659.13964000
 177         2681.84278000
 178         2704.61058000
 179         2727.41580000
 180         2750.31272000
 181         2773.27360000
 182         2796.29915000
 183         2819.38839000
 184         2842.54160000
 185         2865.75826000
 186         2889.00999000
 187         2912.35310000
 188         2935.78880000
 189         2959.25859000
 190         2982.79114000
 191         3006.38642000
 192         3030.04420000
 193         3053.76423000
 194         3077.57730000
 195         3101.42209000
 196         3125.32890000
 197         3149.32873000
 198         3173.35860000
 199         3197.48222000
 200         3221.66762000
 201         3245.88210000
 202         3270.19033000
 203         3294.55985000
 204         3318.99067000
 205         3343.48232000
 206         3368.03503000
 207         3392.64856000
 208         3417.32267000
 209         3442.05835000
 210         3466.85315000
 211         3491.70855000
 212         3516.65896000
 213         3541.63483000
 214         3566.70596000
 215         3591.80134000
 216         3616.99274000
 217         3642.24404000
 218         3667.55475000
 219         3692.92586000
 220         3718.35591000
 221         3743.84562000
 222         3769.39478000
 223         3795.00361000
 224         3820.67092000
 225         3846.43585000
 226         3872.22134000
 227         3898.10450000
 228         3924.04642000
 229         3950.04808000
 230         3976.06855000
 231         4002.18727000
 232         4028.40499000
 233         4054.64106000
 234         4080.93568000
 235         4107.33011000
 236         4133.74188000
 237         4160.25303000
 238         4186.78076000
 239         4213.40889000
 240         4240.09493000
 241         4266.83986000
 242         4293.68509000
 243         4320.54564000
 244         4347.46462000
 245         4374.48472000
 246         4401.56331000
 247         4428.65522000
 248         4455.85007000
 249         4483.10195000
 250         4510.41237000
 251         4537.82611000
 252         4565.25193000
 253         4592.78114000
 254         4620.32239000
 255         4647.96713000
 256         4675.67001000
 257         4703.43008000
 258         4731.29552000
 259         4759.17174000
 260         4787.15242000
 261         4815.14387000
 262         4843.23987000
 263         4871.39464000
 264         4899.60676000
 265         4927.92533000
 266         4956.25292000
 267         4984.68755000
 268         5013.13017000
 269         5041.67993000
 270         5070.28717000
 271         5098.95239000
 272         5127.72669000
 273         5156.50723000
 274         5185.39646000
 275         5214.34429000
 276         5243.34928000
 277         5272.41291000
 278         5301.58600000
 279         5330.76528000
 280         5360.05462000
 281         5389.40178000
 282         5418.80724000
 283         5448.27054000
 284         5477.79120000
 285         5507.42501000
 286         5537.11679000
 287         5566.86705000
 288         5596.67484000
 289         5626.54065000
 290         5656.52172000
 291         5686.50395000
 292         5716.60057000
 293         5746.75539000
 294         5777.02633000
 295         5807.29839000
 296         5837.68669000
 297         5868.13337000
 298         5898.63844000
 299         5929.20241000
 300         5959.82531000
 301         5990.56515000
 302         6021.36455000
 303         6052.22255000
 304         6083.14065000
 305         6114.11642000
 306         6145.21180000
 307         6176.36647000
 308         6207.58046000
 309         6238.85377000
 310         6270.24862000
 311         6301.63999000
 312         6333.15304000
 313         6364.72663000
 314         6396.42215000
 315         6428.11470000
 316         6459.93034000
 317         6491.80672000
 318         6523.74191000
 319         6555.80228000
 320         6587.85791000
 321         6620.03840000
 322         6652.27989000
 323         6684.64703000
 324         6717.00893000
 325         6749.49814000
 326         6782.04758000
 327         6814.65828000
 328         6847.39644000
 329         6880.19654000
 330         6912.98983000
 331         6945.98117000
 332         6978.96429000
 333         7012.07867000
 334         7045.18475000
 335         7078.49114000
 336         7111.78978000
 337         7145.22070000
 338         7178.64332000
 339         7212.19792000
 340         7245.88596000
 341         7279.56499000
 342         7313.37866000
 343         7347.25460000
 344         7381.19336000
 345         7415.26794000
 346         7449.40504000
 347         7483.60519000
 348         7517.86892000
 349         7552.19528000
 350         7586.65986000
 351         7621.18778000
 352         7655.85379000
 353         7690.50979000
 354         7725.30411000
 355         7760.16254000
 356         7795.08613000
 357         7830.15025000
 358         7865.20260000
 359         7900.47268000
 360         7935.73154000
 361         7971.05342000
 362         8006.51978000
 363         8042.05086000
 364         8077.72632000
 365         8113.38880000
 366         8149.19537000
 367         8185.06850000
 368         8221.08761000
 369         8257.09276000
 370         8293.24514000
 371         8329.54428000
 372         8365.82976000
 373         8402.26325000
 374         8438.76288000
 375         8475.33070000
 376         8512.04780000
 377         8548.74947000
 378         8585.60116000
 379         8622.60596000
 380         8659.59309000
 381         8696.73306000
 382         8734.02793000
 383         8771.30393000
 384         8808.73559000
 385         8846.23589000
 386         8883.80486000
 387         8921.52829000
 388         8959.23510000
 389         8997.09815000
 390         9035.11848000
 391         9073.12300000
 392         9111.28357000
 393         9149.60226000
 394         9187.90294000
 395         9226.36351000
 396         9264.89529000
 397         9303.49729000
 398         9342.26105000
 399         9381.09582000
 400         9420.00266000
 401         9458.98063000
 402         9498.12158000
 403         9537.33546000
 404         9576.71381000
 405         9616.07098000
 406         9655.59442000
 407         9695.19168000
 408         9734.95469000
 409         9774.69603000
 410         9814.70155000
 411         9854.68450000
 412         9894.74222000
 413         9934.96940000
 414         9975.36611000
 415        10015.74180000
 416        10056.28784000
 417        10096.90931000
 418        10137.60729000
 419        10178.47548000
 420        10219.42100000
 421        10260.44083000
 422        10301.63588000
 423        10342.80793000
 424        10384.25549000
 425        10425.67918000
 426        10467.27940000
 427        10508.95875000
 428        10550.71220000
 429        10592.64617000
 430        10634.55650000
 431        10676.74710000
 432        10718.91418000
 433        10761.26211000
 434        10803.68795000
 435        10846.19279000
 436        10888.88148000
 437        10931.64796000
 438        10974.49434000
 439        11017.52550000
 440        11060.63639000
 441        11103.82707000
 442        11147.09759000
 443        11190.55530000
 444        11234.09372000
 445        11277.71598000
 446        11321.52332000
 447        11365.41331000
 448        11409.38496000
 449        11453.54680000
 450        11497.78910000
 451        11542.11607000
 452        11586.52673000
 453        11631.12795000
 454        11675.81271000
 455        11720.69271000
 456        11765.54404000
 457        11810.59151000
 458        11855.83315000
 459        11901.04906000
 460        11946.46106000
 461        11991.95854000
 462        12037.65371000
 463        12083.43418000
 464        12129.30108000
 465        12175.25446000
 466        12221.40700000
 467        12267.64690000
 468        12314.08758000
 469        12360.50176000
 470        12407.11865000
 471        12453.82080000
 472        12500.73041000
 473        12547.72618000
 474        12594.81027000
 475        12642.10287000
 476        12689.48152000
 477        12736.95053000
 478        12784.50890000
 479        12832.27515000
 480        12880.13273000
 481        12928.07749000
 482        12976.23540000
 483        13024.48350000
 484        13072.82293000
 485        13121.37446000
 486        13170.01821000
 487        13218.75216000
 488        13267.70140000
 489        13316.74491000
 490        13365.87960000
 491        13415.10766000
 492        13464.55042000
 493        13514.08959000
 494        13563.84407000
 495        13613.69589000
 496        13663.64088000
 497        13713.68018000
 498        13763.94058000
 499        13814.29835000
 500        13864.74930000
 501        13915.42246000
 502        13966.19291000
 503        14017.05971000
 504        14068.15086000
 505        14119.21094000
 506        14170.62397000
 507        14222.00716000
 508        14273.61629000
 509        14325.32484000
 510        14377.26318000
 511        14429.29870000
 512        14481.43467000
 513        14533.66798000
 514        14586.13374000
 515        14638.69887000
 516        14691.36341000
 517        14744.26369000
 518        14797.26328000
 519        14850.36335000
 520        14903.70028000
 521        14957.13757000
 522        15010.67744000
 523        15064.45640000
 524        15118.33568000
 525        15172.31860000
 526        15226.54391000
 527        15280.87060000
 528        15335.30089000
 529        15389.97257000
 530        15444.61076000
 531        15499.63085000
 532        15554.61547000
 533        15609.84745000
 534        15665.18299000
 535        15720.76549000
 536        15776.31317000
 537        15832.24964000
 538        15888.15147000
 539        15944.30191000
 540        16000.56023000
 541        16056.92653000
 542        16113.54371000
 543        16170.26765000
 544        16227.10065000
 545        16284.18791000
 546        16341.38410000
 547        16398.69043000
 548        16456.25111000
 549        16513.92403000
 550        16571.70596000
 551        16629.74454000
 552        16687.89534000
 553        16746.16066000
 554        16804.68161000
 555        16863.31809000
 556        16922.06356000
 557        16981.07362000
 558        17040.19587000
 559        17099.43044000
 560        17158.93078000
 561        17218.39397000
 562        17278.27373000
 563        17338.11652000
 564        17398.22683000
 565        17458.45277000
 566        17518.94583000
 567        17579.55664000
 568        17640.28309000
 569        17701.12527000
 570        17762.23965000
 571        17823.47301000
 572        17884.97705000
 573        17946.60000000
 574        18008.34305000
 575        18070.20297000
 576        18132.33979000
 577        18194.59450000
 578        18257.12911000
 579        18319.78374000
 580        18382.55964000
 581        18445.45466000
 582        18508.63022000
 583        18571.92819000
 584        18635.50742000
 585        18699.20897000
 586        18763.03408000
 587        18826.98058000
 588        18891.21240000
 589        18955.56778000
 590        19020.04685000
 591        19084.81362000
 592        19149.70398000
 593        19214.88737000
 594        19280.19082000
 595        19345.62358000
 596        19411.18118000
 597        19477.03019000
 598        19543.00739000
 599        19609.11059000
 600        19675.50763000
 601        19742.03402000
 602        19808.85612000
 603        19875.80637000
 604        19942.88715000
 605        20010.09627000
 606        20077.59949000
 607        20145.24132000
 608        20213.00808000
 609        20281.07597000
 610        20349.27677000
 611        20417.78063000
 612        20486.41615000
 613        20555.18345000
 614        20624.08263000
 615        20693.29019000
 616        20762.62840000
 617        20832.27460000
 618        20902.05484000
 619        20971.97156000
 620        21042.02023000
 621        21112.38224000
 622        21182.87727000
 623        21253.68759000
 624        21324.63202000
 625        21395.71535000
 626        21466.93301000
 627        21538.46901000
 628        21610.14043000
 629        21682.12979000
 630        21754.25802000
 631        21826.52524000
 632        21899.11290000
 633        21971.65650000
 634        22044.70860000
 635        22117.71449000
 636        22191.04393000
 637        22264.51476000
 638        22338.31111000
 639        22412.24761000
 640        22486.32675000
 641        22560.73392000
 642        22635.28723000
 643        22709.97967000
 644        22785.00267000
 645        22860.17066000
 646        22935.48378000
 647        23011.12761000
 648        23086.91529000
 649        23162.85172000
 650        23239.12143000
 651        23315.53861000
 652        23392.29106000
 653        23469.00403000
 654        23546.24191000
 655        23623.43815000
 656        23700.97278000
 657        23778.65982000
 658        23856.68724000
 659        23934.66781000
 660        24013.18833000
 661        24091.66952000
 662        24170.49180000
 663        24249.46418000
 664        24328.78213000
 665        24408.25371000
 666        24487.87908000
 667        24567.85260000
 668        24647.97860000
 669        24728.25966000
 670        24808.89147000
 671        24889.67948000
 672        24970.62382000
 673        25051.91908000
 674        25133.36935000
 675        25214.97726000
 676        25296.94112000
 677        25379.06129000
 678        25461.54442000
 679        25543.97804000
 680        25626.97579000
 681        25709.93416000
 682        25793.24882000
 683        25876.72730000
 684        25960.56661000
 685        26044.56844000
 686        26128.72795000
 687        26213.25588000
 688        26297.94514000
 689        26382.79836000
 690        26468.01768000
 691        26553.40214000
 692        26638.94936000
 693        26724.86281000
 694        26810.94773000
 695        26897.40346000
 696        26984.02431000
 697        27070.80789000
 698        27157.96999000
 699        27245.08996000
 700        27332.79611000
 701        27420.45790000
 702        27508.50150000
 703        27596.92332000
 704        27685.30073000
 705        27774.27390000
 706        27863.20295000
 707        27952.51604000
 708        28041.99953000
 709        28131.65356000
 710        28221.69435000
 711        28312.12086000
 712        28402.50827000
 713        28493.28003000
 714        28584.22485000
 715        28675.56382000
 716        28767.07708000
 717        28858.98146000
 718        28950.83897000
 719        29043.09656000
 720        29135.74544000
 721        29228.56854000
 722        29321.57376000
 723        29414.97298000
 724        29508.55556000
 725        29602.30868000
 726        29696.46890000
 727        29790.80344000
 728        29885.32026000
 729        29980.24176000
 730        30075.33892000
 731        30170.61973000
 732        30266.30535000
 733        30362.39995000
 734        30458.45068000
 735        30554.91161000
 736        30651.77905000
 737        30748.60522000
 738        30845.84436000
 739        30943.49275000
 740        31041.33250000
 741        31139.34529000
 742        31237.55500000
 743        31336.17471000
 744        31435.21918000
 745        31534.21207000
 746        31633.63098000
 747        31733.46685000
 748        31833.49282000
 749        31933.70635000
 750        32034.11028000
 751        32134.93457000
 752        32235.95583000
 753        32337.39963000
 754        32439.03901000
 755        32541.10578000
 756        32643.12111000
 757        32745.81116000
 758        32848.45273000
 759        32951.53054000
 760        33054.79326000
 761        33158.49980000
 762        33262.39519000
 763        33366.49040000
 764        33471.01605000
 765        33575.74821000
 766        33680.91031000
 767        33786.27474000
 768        33891.83624000
 769        33997.83867000
 770        34104.04215000
 771        34210.44410000
 772        34317.28984000
 773        34424.33532000
 774        34531.82679000
 775        34639.52201000
 776        34747.41840000
 777        34855.76914000
 778        34964.31408000
 779        35073.31837000
 780        35182.52085000
 781        35291.93273000
 782        35401.79856000
 783        35511.86680000
 784        35622.14309000
 785        35732.87347000
 786        35843.81598000
 787        35955.21203000
 788        36066.82429000
 789        36178.63345000
 790        36290.91574000
 791        36403.39897000
 792        36516.10007000
 793        36629.26045000
 794        36742.89295000
 795        36856.47272000
 796        36970.52869000
 797        37085.04847000
 798        37199.78723000
 799        37314.73388000
 800        37430.15851000
 801        37545.78948000
 802        37661.64390000
 803        37777.96794000
 804        37894.51392000
 805        38011.52893000
 806        38128.77007000
 807        38246.22040000
 808        38364.15692000
 809        38482.31823000
 810        38600.68732000
 811        38719.54558000
 812        38838.88316000
 813        38958.44818000
 814        39078.23219000
 815        39198.24109000
 816        39318.73004000
 817        39439.72085000
 818        39560.65424000
 819        39682.08796000
 820        39804.01207000
 821        39926.16508000
 822        40048.53554000
 823        40171.41098000
 824        40294.50519000
 825        40418.10673000
 826        40541.92542000
 827        40665.98477000
 828        40790.53110000
 829        40915.31944000
 830        41040.32657000
 831        41165.84999000
 832        41291.86499000
 833        41417.84982000
 834        41544.60292000
 835        41671.32918000
 836        41798.56244000
 837        41926.01560000
 838        42053.99286000
 839        42182.20021000
 840        42310.92218000
 841        42439.87857000
 842        42569.07548000
 843        42698.78108000
 844        42829.01197000
 845        42959.19904000
 846        43089.90979000
 847        43221.12791000
 848        43352.60261000
 849        43484.30713000
 850        43616.54304000
 851        43749.01612000
 852        43881.72949000
 853        44014.97131000
 854        44148.46086000
 855        44282.47516000
 856        44416.73857000
 857        44551.52913000
 858        44686.57013000
 859        44821.85269000
 860        44957.67455000
 861        45094.02524000
 862        45230.34274000
 863        45367.19957000
 864        45504.58828000
 865        45642.23179000
 866        45780.12111000
 867        45918.55761000
 868        46057.23821000
 869        46196.47148000
 870        46335.95020000
 871        46475.68997000
 872        46615.97010000
 873        46756.51577000
 874        46897.60109000
 875        47038.94718000
 876        47180.83838000
 877        47322.99486000
 878        47465.40124000
 879        47608.37452000
 880        47751.59285000
 881        47895.37738000
 882        48039.41457000
 883        48183.72652000
 884        48328.58275000
 885        48474.01010000
 886        48619.39743000
 887        48765.65323000
 888        48911.85993000
 889        49058.95117000
 890        49205.99684000
 891        49353.60412000
 892        49501.49211000
 893        49649.93464000
 894        49798.65931000
 895        49947.94409000
 896        50097.50293000
 897        50247.64021000
 898        50398.04342000
 899        50548.71911000
 900        50699.97323000
 901        50851.49484000
 902        51003.60373000
 903        51155.98155000
 904        51308.94267000
 905        51462.17734000
 906        51615.68898000
 907        51769.78387000
 908        51924.47672000
 909        52079.11616000
 910        52234.67562000
 911        52390.18526000
 912        52546.30003000
 913        52703.00220000
 914        52859.98383000
 915        53017.24508000
 916        53175.10996000
 917        53333.56717000
 918        53491.98838000
 919        53651.33528000
 920        53810.64000000
 921        53970.54752000
 922        54131.05957000
 923        54291.86361000
 924        54452.94333000
 925        54614.63411000
 926        54776.61194000
 927        54939.20665000
 928        55102.07989000
 929        55265.57585000
 930        55429.34511000
 931        55593.74629000
 932        55758.42884000
 933        55923.40968000
 934        56089.00232000
 935        56255.22194000
 936        56421.72915000
 937        56588.53761000
 938        56755.95950000
 939        56923.68071000
 940        57091.69472000
 941        57260.67605000
 942        57429.60821000
 943        57599.18664000
 944        57769.39278000
 945        57939.88911000
 946        58110.68941000
 947        58282.12065000
 948        58453.86420000
 949        58626.22757000
 950        58798.91157000
 951        58972.22475000
 952        59145.84635000
 953        59320.09965000
 954        59494.66977000
 955        59669.53623000
 956        59845.05142000
 957        60021.21023000
 958        60197.68197000
 959        60374.45991000
 960        60551.89865000
 961        60729.63120000
 962        60908.02016000
 963        61086.71829000
 964        61266.07542000
 965        61445.75016000
 966        61626.07954000
 967        61806.71403000
 968        61988.01267000
 969        62169.62495000
 970        62351.57214000
 971        62534.16575000
 972        62717.42163000
 973        62901.00827000
 974        63084.89758000
 975        63269.46666000
 976        63454.69608000
 977        63640.25932000
 978        63826.13528000
 979        64012.68913000
 980        64199.56430000
 981        64387.11284000
 982        64574.99134000
 983        64763.54581000
 984        64952.41745000
 985        65141.98914000
 986        65331.86515000
 987        65522.45107000
 988        65713.34276000
 989        65904.56920000
 990        66096.48739000
 991        66289.09192000
 992        66482.02686000
 993        66675.65799000
 994        66869.62106000
 995        67063.91626000
 996        67258.90380000
 997        67454.59283000
 998        67650.61682000
 999        67846.96866000
1000        68044.03275000
1001        68241.78891000
1002        68439.89045000
1003        68638.32288000
1004        68837.47287000
1005        69036.95526000
1006        69237.15049000
1007        69438.04564000
1008        69639.29083000
1009        69840.87887000
1010        70043.18510000
1011        70245.82081000
1012        70449.19226000
1013        70653.26401000
1014        70857.32067000
1015        71062.46449000
1016        71267.97214000
1017        71473.80630000
1018        71680.37681000
1019        71887.29793000
1020        72094.94299000
1021        72302.94023000
1022        72511.67164000
1023        72721.12400000
1024        72930.93896000
1025        73141.10923000
1026        73352.01143000
1027        73563.27810000
1028        73775.26416000
1029        73988.00199000
1030        74200.71322000
1031        74414.54944000
1032        74628.74699000
1033        74843.29836000
1034        75058.60008000
1035        75274.65407000
1036        75491.05711000
1037        75707.84799000
1038        75925.37144000
1039        76143.64483000
1040        76362.28583000
1041        76581.30241000
1042        76801.07243000
1043        77021.59782000
1044        77242.49394000
1045        77463.76890000
1046        77685.78704000
1047        77908.58161000
1048        78131.74227000
1049        78355.67425000
1050        78579.96603000
1051        78805.03972000
1052        79030.49055000
1053        79256.70237000
1054        79483.30876000
1055        79710.67091000
1056        79938.42132000
1057        80166.93810000
1058        80395.85272000
1059        80625.52849000
1060        80855.99918000
1061        81086.44279000
1062        81318.07958000
1063        81550.09486000
1064        81782.50495000
1065        82016.08249000
1066        82249.66677000
1067        82484.03101000
1068        82719.18522000
1069        82954.73073000
1070        83191.07707000
1071        83427.80013000
1072        83665.33490000
1073        83903.24797000
1074        84141.98368000
1075        84381.09932000
1076        84621.01590000
1077        84861.73542000
1078        85102.85413000
1079        85344.38051000
1080        85586.70519000
1081        85829.84653000
1082        86073.37390000
1083        86317.72898000
1084        86562.47163000
1085        86808.03656000
1086        87054.00724000
1087        87300.80299000
1088        87547.98953000
1089        87796.00394000
1090        88044.83988000
1091        88294.08624000
1092        88543.73492000
1093        88794.21712000
1094        89045.52641000
1095        89297.24105000
1096        89549.78557000
1097        89802.76229000
1098        90056.54648000
1099        90311.18218000
1100        90566.21943000
1101        90821.69226000
1102        91077.98647000
1103        91335.12945000
1104        91592.69418000
1105        91851.10200000
1106        92109.93326000
1107        92369.61047000
1108        92630.13556000
1109        92891.07859000
1110        93152.45698000
1111        93414.66973000
1112        93677.75323000
1113        93941.24937000
1114        94205.61912000
1115        94470.39447000
1116        94736.04632000
1117        95002.55937000
1118        95269.49840000
1119        95536.87227000
1120        95805.54079000
1121        96074.21669000
1122        96344.19124000
1123        96614.59645000
1124        96885.45009000
1125        97157.15875000
1126        97429.76835000
1127        97702.79438000
1128        97976.71545000
1129        98251.05455000
1130        98526.30045000
1131        98801.96599000
1132        99078.54125000
1133        99355.98401000
1134        99633.87606000
1135        99912.64726000
1136       100191.87838000
1137       100472.00937000
1138       100752.99757000
1139       101034.47570000
1140       101316.81382000
1141       101599.63470000
1142       101883.32735000
1143       102167.49556000
1144       102452.55634000
1145       102738.52076000
1146       103024.94591000
1147       103312.26853000
1148       103600.05359000
1149       103888.75713000
1150       104177.90669000
1151       104467.97763000
1152       104758.94469000
1153       105050.40648000
1154       105342.75809000
1155       105636.03813000
1156       105929.77954000
1157       106224.45233000
1158       106519.57899000
1159       106815.64918000
1160       107112.18416000
1161       107409.62870000
1162       107708.02179000
1163       108006.88284000
1164       108306.67691000
1165       108606.93131000
1166       108908.14023000
1167       109210.27784000
1168       109512.88827000
1169       109816.43959000
1170       110120.94324000
1171       110425.91352000
1172       110731.36943000
1173       111038.23297000
1174       111345.13309000
1175       111653.43557000
1176       111962.22840000
1177       112271.94670000
1178       112582.18552000
1179       112893.36219000
1180       113205.04222000
1181       113518.12861000
1182       113831.25513000
1183       114145.80165000
1184       114460.85629000
1185       114776.39072000
1186       115093.38067000
1187       115410.37450000
1188       115728.81843000
1189       116047.76599000
1190       116367.67881000
1191       116688.10670000
1192       117009.49316000
1193       117331.37708000
1194       117654.72487000
1195       117978.10889000
1196       118302.94158000
1197       118628.29597000
1198       118954.14310000
1199       119281.46531000
1200       119609.28315000
1201       119937.62631000
1202       120266.94386000
1203       120597.26729000
1204       120928.57910000
1205       121260.42107000
1206       121592.76392000
1207       121926.60983000
1208       122260.94970000
1209       122595.83330000
1210       122931.69434000
1211       123268.58456000
1212       123606.46631000
1213       123944.88679000
1214       124284.32172000
1215       124624.26722000
1216       124965.23018000
1217       125307.20268000
1218       125649.72918000
1219       125993.24809000
1220       126337.80181000
1221       126682.88266000
1222       127028.99126000
1223       127375.62877000
1224       127723.78855000
1225       128072.48022000
1226       128421.72443000
1227       128771.98424000
1228       129123.29234000
1229       129475.12576000
1230       129828.02076000
1231       130181.92831000
1232       130536.89153000
1233       130892.39507000
1234       131248.44954000
1235       131606.04122000
1236       131964.18688000
1237       132322.89719000
1238       132683.15174000
1239       133043.93253000
1240       133405.29175000
1241       133768.21260000
1242       134131.66293000
1243       134495.69517000
1244       134861.26475000
1245       135226.91508000
1246       135594.12793000
1247       135961.90680000
1248       136330.73703000
1249       136700.65235000
1250       137071.11595000
1251       137442.65719000
1252       137815.26765000
1253       138188.48266000
1254       138562.73820000
1255       138938.08940000
1256       139313.99553000
1257       139691.00045000
1258       140069.07435000
1259       140447.74925000
1260       140827.48547000
1261       141208.32800000
1262       141589.74286000
1263       141972.25641000
1264       142355.86013000
1265       142740.05029000
1266       143125.32288000
1267       143511.71241000
1268       143898.69190000
1269       144287.28892000
1270       144675.95934000
1271       145066.22983000
1272       145457.11702000
1273       145849.11012000
1274       146242.21128000
1275       146635.89987000
1276       147030.71057000
1277       147426.12161000
1278       147823.17150000
1279       148220.81381000
1280       148619.05989000
1281       149018.96307000
1282       149419.46211000
1283       149821.07397000
1284       150223.32792000
1285       150626.67561000
1286       151031.17471000
1287       151436.81638000
1288       151843.04963000
1289       152250.41738000
1290       152658.94417000
1291       153068.08843000
1292       153478.36129000
1293       153889.77616000
1294       154302.36905000
1295       154715.56188000
1296       155129.89080000
1297       155544.86676000
1298       155961.50765000
1299       156378.79881000
1300       156797.22218000
1301       157216.28646000
1302       157636.50882000
1303       158057.89145000
1304       158480.42508000
1305       158903.62771000
1306       159327.96159000
1307       159753.50924000
1308       160179.64910000
1309       160607.52696000
1310       161035.49010000
1311       161465.18418000
1312       161895.51006000
1313       162327.56102000
1314       162759.69979000
1315       163193.60299000
1316       163628.10816000
1317       164063.83452000
1318       164500.72595000
1319       164938.28114000
1320       165377.02797000
1321       165816.98038000
1322       166258.14063000
1323       166699.92287000
1324       167142.93975000
1325       167587.13452000
1326       168032.55666000
1327       168478.61760000
1328       168925.90921000
1329       169374.38621000
1330       169823.56496000
1331       170274.46637000
1332       170726.06086000
1333       171178.31311000
1334       171632.34298000
1335       172087.04572000
1336       172542.97083000
1337       173000.12048000
1338       173457.94668000
1339       173917.00065000
1340       174377.30882000
1341       174838.81306000
1342       175301.58811000
1343       175765.01019000
1344       176229.70648000
1345       176695.05169000
1346       177162.24188000
1347       177630.07200000
1348       178099.18423000
1349       178569.53204000
1350       179040.57218000
1351       179512.86336000
1352       179986.40783000
1353       180461.23247000
1354       180937.29029000
1355       181414.05974000
1356       181892.06553000
1357       182371.38421000
1358       182851.34381000
1359       183333.19540000
1360       183815.72842000
1361       184299.53257000
1362       184784.03250000
1363       185270.38514000
1364       185757.44932000
1365       186245.81759000
1366       186735.42947000
1367       187225.78175000
1368       187717.38076000
1369       188210.31705000
1370       188704.52985000
1371       189200.03407000
1372       189696.24786000
1373       190193.78174000
1374       190692.57448000
1375       191192.70465000
1376       191693.53700000
1377       192196.27199000
1378       192699.73795000
1379       193204.47268000
1380       193709.97891000
1381       194217.37266000
1382       194725.47706000
1383       195234.90940000
1384       195745.68489000
1385       196257.14887000
1386       196770.56542000
1387       197284.69954000
1388       197800.15894000
1389       198316.95893000
1390       198834.50616000
1391       199353.96767000
1392       199874.16670000
1393       200395.70125000
1394       200918.00155000
1395       201442.21347000
1396       201967.19455000
1397       202493.51915000
1398       203021.17642000
1399       203550.19502000
1400       204080.57731000
1401       204611.69635000
1402       205144.18246000
1403       205678.03801000
1404       206213.23875000
1405       206749.81365000
1406       207287.11886000
1407       207825.82832000
1408       208365.87749000
1409       208907.33573000
1410       209450.11145000
1411       209993.70500000
1412       210539.26971000
1413       211085.61539000
1414       211633.29976000
1415       212182.40618000
1416       212732.28387000
1417       213284.17341000
1418       213836.78318000
1419       214390.85057000
1420       214946.28267000
1421       215503.12276000
1422       216060.74290000
1423       216620.36428000
1424       217180.78283000
1425       217742.61754000
1426       218305.84322000
1427       218869.88370000
1428       219435.89769000
1429       220002.75753000
1430       220571.65209000
1431       221141.32688000
1432       221711.82388000
1433       222284.33555000
1434       222858.26951000
1435       223433.00299000
1436       224009.20409000
1437       224587.41784000
1438       225165.85112000
1439       225746.31571000
1440       226328.21546000
1441       226910.92368000
1442       227495.72847000
1443       228081.33109000
1444       228668.39122000
1445       229256.88296000
1446       229846.83706000
1447       230437.58021000
1448       231030.43704000
1449       231624.11478000
1450       232219.26318000
1451       232815.84173000
1452       233413.92430000
1453       234013.44177000
1454       234613.80180000
1455       235216.25279000
1456       235819.53536000
1457       236424.31852000
1458       237031.18732000
1459       237638.28085000
1460       238247.47919000
1461       238858.17341000
1462       239469.69376000
1463       240083.37176000
1464       240697.86478000
1465       241313.87657000
1466       241931.35120000
1467       242550.32018000
1468       243170.78593000
1469       243792.78027000
1470       244415.61319000
1471       245040.61261000
1472       245666.45404000
1473       246293.81772000
1474       246922.67663000
1475       247553.06266000
1476       248184.99325000
1477       248818.39645000
1478       249452.66553000
1479       250089.12460000
1480       250726.48294000
1481       251365.97776000
1482       252006.36038000
1483       252648.30347000
1484       253291.74935000
1485       253936.73047000
1486       254582.59018000
1487       255230.67861000
1488       255880.27936000
1489       256530.76397000
1490       257182.79462000
1491       257837.09699000
1492       258492.22775000
1493       259148.91187000
1494       259807.15176000
1495       260467.01105000
1496       261128.36988000
1497       261790.62534000
1498       262455.11215000
1499       263120.56066000
1500       263788.18528000
1501       264456.74446000
1502       265126.84681000
1503       265799.25803000
1504       266472.51642000
1505       267147.35613000
1506       267823.81073000
1507       268501.17843000
1508       269180.80748000
1509       269861.99650000
1510       270544.16644000
1511       271228.54452000
1512       271913.87594000
1513       272601.45291000
1514       273290.01834000
1515       273980.12543000
1516       274672.55051000
1517       275365.87486000
1518       276060.87454000
1519       276757.42542000
1520       277455.65675000
1521       278154.76122000
1522       278856.23343000
1523       279559.29821000
1524       280263.95791000
1525       280969.56145000
1526       281677.54567000
1527       282386.44543000
1528       283097.63596000
1529       283809.77754000
1530       284523.62400000
1531       285239.08118000
1532       285956.87402000
1533       286675.59278000
1534       287396.02677000
1535       288118.08121000
1536       288841.75853000
1537       289567.15882000
1538       290294.15428000
1539       291022.81249000
1540       291753.13603000
1541       292484.52936000
1542       293218.19040000
1543       293953.55714000
1544       294690.56629000
1545       295428.58713000
1546       296168.98682000
1547       296910.33584000
1548       297654.06996000
1549       298398.85651000
1550       299145.96825000
1551       299894.06959000
1552       300644.56887000
1553       301396.12831000
1554       302150.02530000
1555       302904.91930000
1556       303661.55091000
1557       304419.88929000
1558       305180.61126000
1559       305942.30378000
1560       306705.74416000
1561       307470.93508000
1562       308238.55616000
1563       309007.15510000
1564       309777.51228000
1565       310549.56240000
1566       311323.30784000
1567       312098.85330000
1568       312876.84832000
1569       313655.79769000
1570       314436.48646000
1571       315218.95159000
1572       316003.16131000
1573       316789.15264000
1574       317576.82482000
1575       318366.24912000
1576       319157.49737000
1577       319951.15489000
1578       320745.88649000
1579       321542.34577000
1580       322340.60483000
1581       323140.59653000
1582       323942.39324000
1583       324745.92763000
1584       325551.27226000
1585       326359.08627000
1586       327167.91947000
1587       327978.60572000
1588       328791.07750000
1589       329605.26680000
1590       330422.01204000
1591       331239.89173000
1592       332059.46095000
1593       332880.82829000
1594       333704.72934000
1595       334529.80831000
1596       335356.58644000
1597       336185.90812000
1598       337016.30643000
1599       337849.32650000
1600       338683.35546000
1601       339519.94108000
1602       340357.61088000
1603       341197.91600000
1604       342039.20104000
1605       342883.09188000
1606       343728.77966000
1607       344575.66984000
1608       345425.03088000
1609       346276.23273000
1610       347129.35090000
1611       347984.27878000
1612       348841.01878000
1613       349698.86378000
1614       350560.09172000
1615       351422.42994000
1616       352286.59048000
1617       353152.61270000
1618       354020.53599000
1619       354890.28931000
1620       355762.62624000
1621       356636.12170000
1622       357512.28158000
1623       358389.49259000
1624       359269.37466000
1625       360150.34867000
1626       361034.03778000
1627       361919.54138000
1628       362806.17987000
1629       363695.46884000
1630       364586.72983000
1631       365479.77773000
1632       366374.72773000
1633       367272.41824000
1634       368171.21892000
1635       369071.89182000
1636       369974.51528000
1637       370879.77922000
1638       371786.27469000
1639       372695.37929000
1640       373606.40853000
1641       374519.32672000
1642       375433.52276000
1643       376350.34087000
1644       377269.05579000
1645       378190.59248000
1646       379113.18632000
1647       380037.68452000
1648       380964.20549000
1649       381893.44652000
1650       382823.82892000
1651       383756.97682000
1652       384692.00477000
1653       385629.10966000
1654       386568.06090000
1655       387508.97769000
1656       388451.90176000
1657       389396.83590000
1658       390344.40431000
1659       391293.24997000
1660       392244.77544000
1661       393197.66109000
1662       394153.15447000
1663       395110.63600000
1664       396070.14801000
1665       397031.69323000
1666       397995.11594000
1667       398961.40134000
1668       399928.86488000
1669       400899.19825000
1670       401870.63395000
1671       402844.90638000
1672       403821.23265000
1673       404799.49527000
1674       405779.81705000
1675       406762.91056000
1676       407747.35987000
1677       408734.46682000
1678       409723.60487000
1679       410714.06462000
1680       411707.35337000
1681       412703.43546000
1682       413700.72512000
1683       414700.01869000
1684       415702.31907000
1685       416705.71065000
1686       417712.03458000
1687       418720.33361000
1688       419730.81508000
1689       420743.23583000
1690       421758.52238000
1691       422775.07629000
1692       423794.58537000
1693       424816.08647000
1694       425839.66474000
1695       426865.32290000
1696       427893.10518000
1697       428923.73726000
1698       429955.56891000
1699       430990.42356000
1700       432027.28974000
1701       433066.25349000
1702       434107.31746000
1703       435151.33675000
1704       436196.61030000
1705       437244.71993000
1706       438295.02625000
1707       439347.44792000
1708       440401.98775000
1709       441459.37845000
1710       442518.12096000
1711       443579.84830000
1712       444643.66365000
1713       445709.52697000
1714       446777.61132000
1715       447848.65327000
1716       448921.79534000
1717       449996.21963000
1718       451073.61175000
1719       452154.10552000
1720       453235.76009000
1721       454320.48038000
1722       455406.45108000
1723       456495.53803000
1724       457587.48695000
1725       458680.82331000
1726       459777.15825000
1727       460874.84143000
1728       461975.44306000
1729       463078.26945000
1730       464184.15352000
1731       465291.35172000
1732       466401.57081000
1733       467513.89600000
1734       468628.54944000
1735       469746.10384000
1736       470865.11559000
1737       471987.03478000
1738       473111.33974000
1739       474237.67968000
1740       475367.15988000
1741       476497.93226000
1742       477631.89673000
1743       478767.95216000
1744       479907.11931000
1745       481047.58768000
1746       482191.26433000
1747       483337.04364000
1748       484485.15234000
1749       485636.21247000
1750       486788.85474000
1751       487944.50039000
1752       489103.15396000
1753       490263.35301000
1754       491426.52156000
1755       492591.14943000
1756       493759.64749000
1757       494929.74705000
1758       496101.93508000
1759       497277.29296000
1760       498454.92828000
1761       499635.69653000
1762       500817.89620000
1763       502003.14398000
1764       503190.77375000
1765       504380.65054000
1766       505573.67935000
1767       506769.00827000
1768       507966.59390000
1769       509166.57782000
1770       510369.59034000
1771       511574.96202000
1772       512782.55620000
1773       513992.65505000
1774       515205.79742000
1775       516421.21859000
1776       517639.01469000
1777       518859.18886000
1778       520082.46830000
1779       521308.13290000
1780       522536.13869000
1781       523767.30861000
1782       525000.73221000
1783       526236.60130000
1784       527474.82427000
1785       528716.27418000
1786       529960.03776000
1787       531206.06988000
1788       532454.65917000
1789       533706.30046000
1790       534960.41108000
1791       536217.72513000
1792       537476.54486000
1793       538738.62304000
1794       540003.03987000
1795       541270.72371000
1796       542540.84968000
1797       543813.27581000
1798       545088.14971000
1799       546366.25825000
1800       547646.82194000
1801       548929.74667000
1802       550215.96673000
1803       551504.55479000
1804       552795.66006000
1805       554089.92636000
1806       555386.66837000
1807       556685.88909000
1808       557987.44427000
1809       559292.32289000
1810       560599.69046000
1811       561910.34099000
1812       563223.43850000
1813       564538.93646000
1814       565856.83755000
1815       567178.23548000
1816       568501.94452000
1817       569829.06008000
1818       571157.69829000
1819       572489.75055000
1820       573825.12209000
1821       575162.97095000
1822       576503.19981000
1823       577846.06235000
1824       579192.26002000
1825       580540.79704000
1826       581891.92800000
1827       583246.50727000
1828       584603.43541000
1829       585963.82049000
1830       587326.71345000
1831       588692.11722000
1832       590060.03466000
1833       591431.32374000
1834       592806.04049000
1835       594182.37517000
1836       595562.09360000
1837       596945.20076000
1838       598330.08778000
1839       599718.31961000
1840       601109.90106000
1841       602503.16767000
1842       603900.91031000
1843       605300.13761000
1844       606702.83351000
1845       608108.14027000
1846       609516.97667000
1847       610928.17138000
1848       612342.03939000
1849       613759.34533000
1850       615179.28010000
1851       616602.66158000
1852       618028.62709000
1853       619457.07434000
1854       620889.19084000
1855       622323.79649000
1856       623760.99928000
1857       625201.62050000
1858       626645.00488000
1859       628091.81651000
1860       629541.13387000
1861       630993.27855000
1862       632448.80948000
1863       633906.96259000
1864       635368.61692000
1865       636833.00770000
1866       638300.85508000
1867       639770.35423000
1868       641244.41015000
1869       642720.23140000
1870       644199.52482000
1871       645682.34927000
1872       647167.88251000
1873       648656.12775000
1874       650147.80829000
1875       651642.20820000
1876       653140.21477000
1877       654640.94857000
1878       656144.19461000
1879       657651.11449000
1880       659160.71752000
1881       660674.00364000
1882       662189.81609000
1883       663709.32052000
1884       665231.52311000
1885       666756.48184000
1886       668284.92530000
1887       669816.13236000
1888       671351.10924000
1889       672888.63613000
1890       674429.77554000
1891       675973.69385000
1892       677521.34495000
1893       679071.67155000
1894       680624.62054000
1895       682181.25915000
1896       683740.80720000
1897       685303.88626000
1898       686869.65808000
1899       688439.19401000
1900       690011.54279000
1901       691587.49602000
1902       693166.15673000
1903       694748.60002000
1904       696333.87157000
1905       697921.80453000
1906       699513.47632000
1907       701107.81640000
1908       702706.07529000
1909       704307.97354000
1910       705912.66613000
1911       707520.04139000
1912       709131.35469000
1913       710745.35815000
1914       712363.13699000
1915       713983.78592000
1916       715608.04641000
1917       717235.18450000
1918       718866.11608000
1919       720499.93334000
1920       722137.32133000
1921       723777.66038000
1922       725421.81128000
1923       727068.86344000
1924       728719.61997000
1925       730373.11004000
1926       732030.48845000
1927       733690.84210000
1928       735354.91784000
1929       737021.80048000
1930       738692.47250000
1931       740366.19460000
1932       742043.65646000
1933       743723.94009000
1934       745408.09052000
1935       747095.12944000
1936       748786.04430000
1937       750480.78118000
1938       752178.41876000
1939       753879.01985000
1940       755583.45587000
1941       757291.61216000
1942       759002.92399000
1943       760716.97528000
1944       762434.93932000
1945       764156.82153000
1946       765881.63521000
1947       767610.31603000
1948       769341.93601000
1949       771077.49259000
1950       772816.05686000
1951       774558.44581000
1952       776303.72843000
1953       778052.96611000
1954       779806.28632000
1955       781562.45161000
1956       783322.58672000
1957       785085.63529000
1958       786851.66149000
1959       788622.67288000
1960       790396.60981000
1961       792173.53682000
1962       793954.58500000
1963       795739.45112000
1964       797527.25785000
1965       799318.13192000
1966       801114.09206000
1967       802912.94296000
1968       804714.81193000
1969       806520.83667000
1970       808330.71101000
1971       810143.55312000
1972       811960.44085000
1973       813780.55506000
1974       815604.53633000
1975       817431.50070000
1976       819262.59250000
1977       821097.81745000
1978       822935.84845000
1979       824778.08500000
1980       826624.34318000
1981       828473.79920000
1982       830326.13901000
1983       832183.59765000
1984       834044.13974000
1985       835907.76847000
1986       837775.51018000
1987       839647.30645000
1988       841522.13774000
1989       843401.22515000
1990       845284.31767000
1991       847170.52172000
1992       849059.84075000
1993       850954.27061000
1994       852851.82464000
1995       854753.47169000
1996       856658.38048000
1997       858567.32679000
1998       860479.34796000
1999       862395.54560000
2000       864316.05592000
2001       866240.49261000
2002       868168.15170000
2003       870098.97133000
2004       872035.09498000
2005       873974.25727000
2006       875916.59262000
2007       877863.14390000
2008       879813.98290000
2009       881768.91693000
2010       883726.97515000
2011       885689.20338000
2012       887654.76272000
2013       889625.54622000
2014       891598.42577000
2015       893576.60683000
2016       895558.07049000
2017       897543.73422000
2018       899532.55478000
2019       901525.58432000
2020       903523.02985000
2021       905524.49367000
2022       907529.33328000
2023       909538.53718000
2024       911550.85545000
2025       913567.41230000
2026       915588.28103000
2027       917613.60290000
2028       919641.98786000
2029       921674.76785000
2030       923710.68634000
2031       925752.20482000
2032       927796.80283000
2033       929844.55125000
2034       931897.78071000
2035       933954.44465000
2036       936014.27159000
2037       938079.45997000
2038       940147.95816000
2039       942220.97266000
2040       944297.09786000
2041       946378.67732000
2042       948463.58432000
2043       950551.89163000
2044       952645.53194000
2045       954742.51264000
2046       956843.69801000
2047       958948.51114000
2048       961057.60832000
2049       963171.06501000
2050       965289.09704000
2051       967411.35925000
2052       969536.99223000
2053       971667.07551000
2054       973800.60848000
2055       975939.53798000
2056       978081.85616000
2057       980228.57474000
2058       982378.83201000
2059       984533.42846000
2060       986693.52189000
2061       988855.94405000
2062       991024.08882000
2063       993195.43869000
2064       995371.15280000
2065       997551.52329000
2066       999736.48465000
2067      1001924.66766000
2068      1004117.45121000
2069      1006314.69700000
2070      1008515.46520000
2071      1010721.79584000
2072      1012931.51401000
2073      1015145.71496000
2074      1017363.52940000
2075      1019586.85725000
2076      1021813.66310000
2077      1024045.11845000
2078      1026281.01002000
2079      1028520.31933000
2080      1030765.31821000
2081      1033013.96466000
2082      1035266.99419000
2083      1037523.53252000
2084      1039785.78481000
2085      1042051.62983000
2086      1044321.87762000
2087      1046596.82961000
2088      1048875.23920000
2089      1051159.46804000
2090      1053447.16424000
2091      1055739.43750000
2092      1058036.29330000
2093      1060337.96121000
2094      1062643.03945000
2095      1064952.79042000
2096      1067267.14480000
2097      1069586.25857000
2098      1071909.83649000
2099      1074237.07212000
2100      1076570.12132000
2101      1078906.83866000
2102      1081248.11611000
2103      1083594.03473000
2104      1085943.71077000
2105      1088299.07973000
2106      1090657.98816000
2107      1093021.63485000
2108      1095390.10190000
2109      1097763.16616000
2110      1100140.98587000
2111      1102522.44439000
2112      1104908.66843000
2113      1107300.71125000
2114      1109696.33065000
2115      1112096.73278000
2116      1114500.87402000
2117      1116910.85841000
2118      1119324.35970000
2119      1121743.87196000
2120      1124167.06597000
2121      1126594.99824000
2122      1129027.67421000
2123      1131464.04514000
2124      1133906.45906000
2125      1136352.42178000
2126      1138804.44078000
2127      1141260.09643000
2128      1143720.60711000
2129      1146185.89980000
2130      1148655.98016000
2131      1151131.01150000
2132      1153609.62330000
2133      1156094.25763000
2134      1158582.64025000
2135      1161075.91686000
2136      1163574.01358000
2137      1166076.93617000
2138      1168584.76994000
2139      1171097.68050000
2140      1173615.27453000
2141      1176137.71707000
2142      1178664.02645000
2143      1181196.42331000
2144      1183732.53674000
2145      1186273.52006000
2146      1188820.53010000
2147      1191371.59409000
2148      1193927.30301000
2149      1196488.06653000
2150      1199052.57421000
2151      1201623.30229000
2152      1204198.94057000
2153      1206778.33782000
2154      1209363.81271000
2155      1211954.45973000
2156      1214548.79896000
2157      1217148.07536000
2158      1219753.61959000
2159      1222362.95257000
2160      1224977.40451000
2161      1227596.65219000
2162      1230221.11318000
2163      1232850.46336000
2164      1235484.79109000
2165      1238124.18465000
2166      1240768.81625000
2167      1243418.27667000
2168      1246071.65174000
2169      1248731.20120000
2170      1251396.01314000
2171      1254064.50450000
2172      1256739.27378000
2173      1259417.98291000
2174      1262103.06769000
2175      1264791.93478000
2176      1267487.02256000
2177      1270186.07056000
2178      1272891.60588000
2179      1275601.02773000
2180      1278316.52779000
2181      1281036.09308000
2182      1283760.82342000
2183      1286491.82103000
2184      1289226.72951000
2185      1291966.99123000
2186      1294713.36961000
2187      1297463.75918000
2188      1300219.26363000
2189      1302981.33214000
2190      1305747.17005000
2191      1308518.31205000
2192      1311295.69501000
2193      1314077.29240000
2194      1316864.12616000
2195      1319657.13417000
2196      1322454.28628000
2197      1325257.88545000
2198      1328065.37894000
2199      1330878.13815000
2200      1333697.27759000
2201      1336520.67463000
2202      1339350.29084000
2203      1342184.00039000
2204      1345024.20432000
2205      1347869.79958000
2206      1350719.32822000
2207      1353575.45997000
2208      1356436.73709000
2209      1359302.22687000
2210      1362174.07555000
2211      1365051.26351000
2212      1367933.88548000
2213      1370821.59282000
2214      1373714.74613000
2215      1376613.17390000
2216      1379517.06002000
2217      1382426.14330000
2218      1385341.90766000
2219      1388261.67101000
2220      1391187.00696000
2221      1394118.68628000
2222      1397054.55888000
2223      1399996.96742000
2224      1402944.97525000
2225      1405896.92145000
2226      1408855.60455000
2227      1411819.54386000
2228      1414789.28900000
2229      1417764.12094000
2230      1420744.31731000
2231      1423731.19611000
2232      1426722.41313000
2233      1429718.92123000
2234      1432722.13237000
2235      1435730.73935000
2236      1438743.70577000
2237      1441763.21256000
2238      1444788.40868000
2239      1447819.02458000
2240      1450854.97395000
2241      1453897.67629000
2242      1456944.49472000
2243      1459997.12641000
2244      1463056.25417000
2245      1466120.93140000
2246      1469191.07117000
2247      1472267.05206000
2248      1475348.32150000
2249      1478434.97813000
2250      1481527.30797000
2251      1484626.55552000
2252      1487731.11585000
2253      1490840.03634000
2254      1493955.80137000
2255      1497077.46139000
2256      1500205.51065000
2257      1503337.94274000
2258      1506477.24888000
2259      1509621.04337000
2260      1512771.53658000
2261      1515927.68008000
2262      1519089.38497000
2263      1522258.28634000
2264      1525431.22855000
2265      1528610.99955000
2266      1531795.39406000
2267      1534986.53562000
2268      1538184.52851000
2269      1541386.97084000
2270      1544595.40930000
2271      1547810.43112000
2272      1551031.07764000
2273      1554257.45135000
2274      1557489.75190000
2275      1560728.76008000
2276      1563972.15965000
2277      1567222.57068000
2278      1570479.13074000
2279      1573740.97044000
2280      1577009.74681000
2281      1580283.13751000
2282      1583563.57659000
2283      1586849.71026000
2284      1590141.44626000
2285      1593440.54772000
2286      1596744.09677000
2287      1600054.43558000
2288      1603370.59907000
2289      1606692.49459000
2290      1610021.69584000
2291      1613356.74255000
2292      1616697.34345000
2293      1620043.90098000
2294      1623396.22313000
2295      1626755.49065000
2296      1630120.63568000
2297      1633491.86442000
2298      1636868.88382000
2299      1640252.87774000
2300      1643642.67546000
2301      1647038.58462000
2302      1650440.20963000
2303      1653848.83765000
2304      1657262.41656000
2305      1660684.39704000
2306      1664110.73505000
2307      1667544.30756000
2308      1670982.55127000
2309      1674429.43230000
2310      1677880.69235000
2311      1681339.42060000
2312      1684803.92916000
2313      1688274.53027000
2314      1691750.92373000
2315      1695234.50925000
2316      1698724.10528000
2317      1702221.32048000
2318      1705722.75226000
2319      1709231.61173000
2320      1712746.50882000
2321      1716268.64341000
2322      1719796.82984000
2323      1723330.97075000
2324      1726871.27980000
2325      1730418.64836000
2326      1733972.09523000
2327      1737531.52262000
2328      1741098.76125000
2329      1744671.68185000
2330      1748250.60321000
2331      1751836.83665000
2332      1755429.39939000
2333      1759027.77311000
2334      1762633.79733000
2335      1766244.44259000
2336      1769863.95772000
2337      1773488.00007000
2338      1777119.61857000
2339      1780757.40425000
2340      1784402.78313000
2341      1788053.81259000
2342      1791711.13556000
2343      1795374.75921000
2344      1799046.00702000
2345      1802724.46046000
2346      1806407.70524000
2347      1810098.59715000
2348      1813796.93133000
2349      1817500.07426000
2350      1821210.88848000
2351      1824929.16753000
2352      1828653.59702000
2353      1832384.18272000
2354      1836120.93066000
2355      1839865.60663000
2356      1843617.56967000
2357      1847374.38956000
2358      1851138.72678000
2359      1854910.80802000
2360      1858687.98228000
2361      1862473.59157000
2362      1866264.52484000
2363      1870063.01466000
2364      1873868.85021000
2365      1877680.02966000
2366      1881499.90413000
2367      1885325.13647000
2368      1889157.52316000
2369      1892997.73428000
2370      1896843.10164000
2371      1900697.64889000
2372      1904556.70052000
2373      1908423.60777000
2374      1912298.38051000
2375      1916179.68489000
2376      1920066.85848000
2377      1923961.92094000
2378      1927863.53611000
2379      1931772.83357000
2380      1935688.47424000
2381      1939610.46466000
2382      1943540.38486000
2383      1947476.44391000
2384      1951420.67481000
2385      1955372.41017000
2386      1959329.40508000
2387      1963293.91778000
2388      1967266.40996000
2389      1971245.30882000
2390      1975232.20397000
2391      1979225.52041000
2392      1983225.03598000
2393      1987232.80010000
2394      1991247.00626000
2395      1995268.79183000
2396      1999298.62369000
2397      2003334.91918000
2398      2007378.14496000
2399      2011428.75115000
2400      2015485.84157000
2401      2019551.24974000
2402      2023623.15731000
2403      2027702.70605000
2404      2031788.99956000
2405      2035883.18166000
2406      2039984.12402000
2407      2044092.97139000
2408      2048208.12762000
2409      2052331.67144000
2410      2056461.30400000
2411      2060599.57577000
2412      2064743.94974000
2413      2068896.74617000
2414      2073055.89306000
2415      2077223.24457000
2416      2081396.96000000
2417      2085579.13269000
2418      2089767.44695000
2419      2093964.47257000
2420      2098169.03539000
2421      2102380.47158000
2422      2106598.55086000
2423      2110826.28672000
2424      2115059.05787000
2425      2119300.35631000
2426      2123549.47542000
2427      2127805.27440000
2428      2132069.62818000
2429      2136341.58683000
2430      2140620.48787000
2431      2144906.09779000
2432      2149200.29752000
2433      2153502.13200000
2434      2157810.93941000
2435      2162127.87965000
2436      2166452.05090000
2437      2170783.88682000
2438      2175124.12376000
2439      2179471.12949000
2440      2183826.79712000
2441      2188188.76099000
2442      2192559.15969000
2443      2196936.11160000
2444      2201322.00546000
2445      2205715.87109000
2446      2210116.31169000
2447      2214525.23069000
2448      2218942.88423000
2449      2223366.88847000
2450      2227799.15046000
2451      2232238.51748000
2452      2236686.65435000
2453      2241141.16863000
2454      2245605.38511000
2455      2250075.82404000
2456      2254555.23733000
2457      2259041.80304000
2458      2263536.94351000
2459      2268039.25279000
2460      2272549.65397000
2461      2277068.40563000
2462      2281594.09834000
2463      2286128.66099000
2464      2290669.92823000
2465      2295219.57919000
2466      2299777.62263000
2467      2304344.57347000
2468      2308918.25870000
2469      2313500.36236000
2470      2318089.46751000
2471      2322687.51580000
2472      2327293.49943000
2473      2331908.19070000
2474      2336530.16988000
2475      2341160.61912000
2476      2345797.86003000
2477      2350443.84303000
2478      2355098.57780000
2479      2359761.81731000
2480      2364431.87842000
2481      2369110.71787000
2482      2373798.60367000
2483      2378492.81687000
2484      2383196.09333000
2485      2387907.92582000
2486      2392627.14304000
2487      2397354.67284000
2488      2402090.78407000
2489      2406835.74601000
2490      2411588.12554000
2491      2416348.59008000
2492      2421118.19366000
2493      2425894.97674000
2494      2430681.84029000
2495      2435475.89979000
2496      2440277.42487000
2497      2445088.79533000
2498      2449907.64838000
2499      2454735.44298000
2500      2459570.20764000
2501      2464415.11924000
2502      2469267.54628000
2503      2474128.68583000
2504      2478997.09087000
2505      2483875.68154000
2506      2488762.08776000
2507      2493656.70796000
2508      2498558.89215000
2509      2503471.56852000
2510      2508391.55929000
2511      2513320.06414000
2512      2518257.36028000
2513      2523202.80076000
2514      2528156.51157000
2515      2533120.50553000
2516      2538090.93557000
2517      2543071.39755000
2518      2548060.70486000
2519      2553057.39738000
2520      2558063.22379000
2521      2563078.19397000
2522      2568100.02864000
2523      2573132.76954000
2524      2578172.66299000
2525      2583222.01035000
2526      2588279.72638000
2527      2593346.91604000
2528      2598421.28884000
2529      2603506.35697000
2530      2608598.89930000
2531      2613700.40255000
2532      2618810.87586000
2533      2623929.39991000
2534      2629057.84027000
2535      2634194.07220000
2536      2639339.86521000
2537      2644493.83962000
2538      2649657.39453000
2539      2654829.70423000
2540      2660011.89391000
2541      2665200.80939000
2542      2670399.06349000
2543      2675608.43786000
2544      2680825.12098000
2545      2686049.39936000
2546      2691284.54795000
2547      2696528.52142000
2548      2701780.39730000
2549      2707043.17553000
2550      2712313.02558000
2551      2717592.30040000
2552      2722881.29414000
2553      2728179.16539000
2554      2733485.92204000
2555      2738800.64122000
2556      2744126.62025000
2557      2749461.22698000
2558      2754803.82313000
2559      2760155.63428000
2560      2765516.95707000
2561      2770888.73376000
2562      2776268.82313000
2563      2781657.87812000
2564      2787054.68581000
2565      2792462.56217000
2566      2797879.43109000
2567      2803305.87943000
2568      2808740.40460000
2569      2814185.46179000
2570      2819638.32237000
2571      2825102.60715000
2572      2830574.13053000
2573      2836055.29057000
2574      2841546.09734000
2575      2847047.78826000
2576      2852557.04104000
2577      2858075.96993000
2578      2863604.29130000
2579      2869142.30853000
2580      2874689.73762000
2581      2880246.29258000
2582      2885812.57284000
2583      2891388.88436000
2584      2896972.23011000
2585      2902566.85638000
2586      2908171.54457000
2587      2913785.41365000
2588      2919408.76958000
2589      2925040.38840000
2590      2930683.04452000
2591      2936334.91720000
2592      2941996.91329000
2593      2947668.14439000
2594      2953347.68328000
2595      2959038.31124000
2596      2964738.20158000
2597      2970447.96497000
2598      2976167.91402000
2599      2981895.31028000
2600      2987633.84722000
2601      2993382.60009000
2602      2999140.67062000
2603      3004908.37027000
2604      3010686.01326000
2605      3016473.00020000
2606      3022270.25513000
2607      3028076.87294000
2608      3033893.16770000
2609      3039720.69920000
2610      3045556.99076000
2611      3051402.68191000
2612      3057259.33372000
2613      3063124.77370000
2614      3068999.94876000
2615      3074886.42337000
2616      3080782.65387000
2617      3086687.40163000
2618      3092603.17105000
2619      3098529.03462000
2620      3104464.38149000
2621      3110410.46509000
2622      3116365.42770000
2623      3122330.52418000
2624      3128307.32842000
2625      3134292.41202000
2626      3140287.34695000
2627      3146294.02312000
2628      3152310.25796000
2629      3158335.12066000
2630      3164371.44255000
2631      3170417.35017000
2632      3176475.05450000
2633      3182541.74166000
2634      3188617.72664000
2635      3194705.22443000
2636      3200801.73320000
2637      3206909.45906000
2638      3213027.47353000
2639      3219155.14955000
2640      3225293.13397000
2641      3231441.43754000
2642      3237601.01068000
2643      3243769.02298000
2644      3249949.28732000
2645      3256138.94932000
2646      3262338.66009000
2647      3268549.07371000
2648      3274771.14187000
2649      3281001.70463000
2650      3287243.61948000
2651      3293495.95699000
2652      3299758.72836000
2653      3306031.29424000
2654      3312315.57944000
2655      3318610.65561000
2656      3324913.96386000
2657      3331228.69692000
2658      3337555.84653000
2659      3343891.25482000
2660      3350239.43095000
2661      3356595.22702000
2662      3362962.82867000
2663      3369342.90640000
2664      3375731.61580000
2665      3382131.83538000
2666      3388542.96601000
2667      3394963.69609000
2668      3401395.68916000
2669      3407837.29994000
2670      3414290.80551000
2671      3420755.60943000
2672      3427231.33429000
2673      3433716.10558000
2674      3440213.15049000
2675      3446720.53746000
2676      3453238.27672000
2677      3459766.37743000
2678      3466306.12649000
2679      3472857.26594000
2680      3479418.12612000
2681      3485991.00372000
2682      3492574.96957000
2683      3499169.02205000
2684      3505773.84655000
2685      3512390.39543000
2686      3519015.77808000
2687      3525655.88525000
2688      3532303.82753000
2689      3538964.55747000
2690      3545635.44285000
2691      3552317.17535000
2692      3559011.39138000
2693      3565715.45100000
2694      3572430.38943000
2695      3579156.56114000
2696      3585894.23294000
2697      3592642.81680000
2698      3599403.95515000
2699      3606174.99398000
2700      3612957.32260000
2701      3619749.91523000
2702      3626555.80147000
2703      3633371.27956000
2704      3640199.03497000
2705      3647036.49985000
2706      3653886.26465000
2707      3660747.99333000
2708      3667621.10389000
2709      3674504.20999000
2710      3681399.06931000
2711      3688305.58605000
2712      3695224.47198000
2713      3702152.80100000
2714      3709093.87334000
2715      3716045.35119000
2716      3723009.24355000
2717      3729983.91418000
2718      3736971.73006000
2719      3743969.99333000
2720      3750979.06640000
2721      3757998.95942000
2722      3765031.69140000
2723      3772076.92013000
2724      3779132.64564000
2725      3786200.30517000
2726      3793278.12487000
2727      3800368.12720000
2728      3807471.39981000
2729      3814585.93835000
2730      3821711.03544000
2731      3828848.72102000
2732      3835996.98444000
2733      3843157.27772000
2734      3850329.47279000
2735      3857515.02637000
2736      3864710.83862000
2737      3871918.36726000
2738      3879138.56705000
2739      3886369.41707000
2740      3893611.65464000
2741      3900866.96174000
2742      3908134.25720000
2743      3915413.34030000
2744      3922703.12494000
2745      3930006.39467000
2746      3937321.69635000
2747      3944648.83342000
2748      3951986.34638000
2749      3959337.39474000
2750      3966699.57637000
2751      3974074.21252000
2752      3981461.11254000
2753      3988860.12041000
2754      3996269.93428000
2755      4003693.36026000
2756      4011127.98535000
2757      4018575.87782000
2758      4026034.24596000
2759      4033505.90516000
2760      4040989.55408000
2761      4048485.02387000
2762      4055992.88088000
2763      4063512.95473000
2764      4071045.44107000
2765      4078589.79062000
2766      4086147.51825000
2767      4093716.94310000
2768      4101297.69841000
2769      4108891.86958000
2770      4116498.33518000
2771      4124116.54279000
2772      4131748.58429000
2773      4139391.25267000
2774      4147047.78023000
2775      4154714.95488000
2776      4162396.39557000
2777      4170089.82688000
2778      4177795.08150000
2779      4185512.93744000
2780      4193244.52267000
2781      4200986.64290000
2782      4208742.89822000
2783      4216511.80645000
2784      4224293.16472000
2785      4232086.04278000
2786      4239892.93771000
2787      4247710.98865000
2788      4255542.69533000
2789      4263387.29544000
2790      4271243.86078000
2791      4279113.73103000
2792      4286995.20054000
2793      4294889.99915000
2794      4302798.13917000
2795      4310718.69476000
2796      4318651.83434000
2797      4326599.13652000
2798      4334557.32219000
2799      4342529.30288000
2800      4350513.36645000
2801      4358512.19154000
2802      4366523.51892000
2803      4374546.17625000
2804      4382582.29839000
2805      4390631.89744000
2806      4398693.65152000
2807      4406770.64041000
2808      4414857.28079000
2809      4422959.57911000
2810      4431074.08078000
2811      4439202.13550000
2812      4447342.95588000
2813      4455496.01427000
2814      4463663.86374000
2815      4471842.37265000
2816      4480037.03911000
2817      4488242.78734000
2818      4496461.63905000
2819      4504695.08042000
2820      4512940.84501000
2821      4521200.28687000
2822      4529473.41812000
2823      4537758.90972000
2824      4546057.70971000
2825      4554370.64320000
2826      4562695.56614000
2827      4571034.64811000
2828      4579386.67967000
2829      4587752.48754000
2830      4596133.72189000
2831      4604525.36779000
2832      4612932.05792000
2833      4621352.16670000
2834      4629784.76933000
2835      4638230.40207000
2836      4646692.48432000
2837      4655164.92511000
2838      4663652.60503000
2839      4672153.25403000
2840      4680666.99158000
2841      4689195.90239000
2842      4697737.92666000
2843      4706294.32243000
2844      4714862.50287000
2845      4723445.91437000
2846      4732042.06834000
2847      4740653.06443000
2848      4749275.89017000
2849      4757914.93900000
2850      4766566.26055000
2851      4775231.21943000
2852      4783909.31411000
2853      4792603.26854000
2854      4801311.32102000
2855      4810030.86062000
2856      4818765.78949000
2857      4827514.43092000
2858      4836276.79633000
2859      4845052.38888000
2860      4853843.93833000
2861      4862647.89209000
2862      4871465.61880000
2863      4880299.77041000
2864      4889146.78975000
2865      4898006.26105000
2866      4906880.91545000
2867      4915770.69179000
2868      4924672.95622000
2869      4933589.94145000
2870      4942522.16212000
2871      4951466.90675000
2872      4960427.27546000
2873      4969401.12388000
2874      4978387.96473000
2875      4987390.97147000
2876      4996408.79517000
2877      5005438.78243000
2878      5014484.97754000
2879      5023543.79365000
2880      5032617.91623000
2881      5041705.61443000
2882      5050810.45164000
2883      5059927.08518000
2884      5069059.08196000
2885      5078203.77317000
2886      5087364.34587000
2887      5096540.32604000
2888      5105729.96722000
2889      5114935.04415000
2890      5124151.99424000
2891      5133386.66198000
2892      5142635.04006000
2893      5151896.65400000
2894      5161174.25915000
2895      5170466.01513000
2896      5179772.90124000
2897      5189093.52010000
2898      5198430.18596000
2899      5207780.16537000
2900      5217144.84510000
2901      5226525.61180000
2902      5235920.17990000
2903      5245331.31299000
2904      5254755.37670000
2905      5264195.13276000
2906      5273649.19497000
2907      5283119.42816000
2908      5292603.09333000
2909      5302102.50482000
2910      5311615.82567000
2911      5321145.82632000
2912      5330688.85705000
2913      5340248.14121000
2914      5349823.68039000
2915      5359412.75666000
2916      5369014.91052000
2917      5378634.74326000
2918      5388269.52000000
2919      5397919.25372000
2920      5407583.95772000
2921      5417263.64560000
2922      5426960.63340000
2923      5436670.79111000
2924      5446395.05082000
2925      5456137.57770000
2926      5465892.85007000
2927      5475665.03460000
2928      5485449.98701000
2929      5495252.80783000
2930      5505070.73668000
2931      5514903.78662000
2932      5524751.50510000
2933      5534615.30371000
2934      5544495.65157000
2935      5554389.78883000
2936      5564300.03427000
2937      5574224.56305000
2938      5584166.16574000
2939      5594122.99981000
2940      5604094.60743000
2941      5614084.27574000
2942      5624087.35667000
2943      5634106.64102000
2944      5644140.30703000
2945      5654191.15056000
2946      5664257.79650000
2947      5674338.83543000
2948      5684438.04647000
2949      5694549.80840000
2950      5704679.77390000
2951      5714825.61503000
2952      5724986.39117000
2953      5735162.11393000
2954      5745354.23219000
2955      5755562.71898000
2956      5765787.63280000
2957      5776027.54776000
2958      5786283.43826000
2959      5796557.19869000
2960      5806844.60510000
2961      5817148.46218000
2962      5827468.83746000
2963      5837805.69180000
2964      5848157.21232000
2965      5858525.72431000
2966      5868911.78927000
2967      5879311.53154000
2968      5889729.28282000
2969      5900160.79657000
2970      5910610.35103000
2971      5921074.60544000
2972      5931557.91132000
2973      5942055.94490000
2974      5952571.17305000
2975      5963101.15470000
2976      5973648.78011000
2977      5984210.27313000
2978      5994789.93286000
2979      6005386.78849000
2980      6015999.94609000
2981      6026628.92463000
2982      6037274.73082000
2983      6047935.39409000
2984      6058614.32006000
2985      6069308.62675000
2986      6080021.22779000
2987      6090749.23737000
2988      6101493.66755000
2989      6112254.03265000
2990      6123033.75884000
2991      6133827.44532000
2992      6144640.02414000
2993      6155466.18285000
2994      6166311.26682000
2995      6177173.27844000
2996      6188052.33641000
2997      6198947.44615000
2998      6209858.62226000
2999      6220787.28838000
3000      6231732.55556000
3001      6242695.34266000
3002      6253675.27062000
3003      6264670.31903000
3004      6275684.46012000
3005      6286715.28040000
3006      6297763.69700000
3007      6308825.87406000
3008      6319908.62441000
3009      6331005.16127000
3010      6342120.89180000
3011      6353253.77785000
3012      6364403.96286000
3013      6375570.94901000
3014      6386755.65039000
3015      6397956.14893000
3016      6409175.94398000
3017      6420411.04728000
3018      6431663.54461000
3019      6442933.31205000
3020      6454222.06641000
3021      6465526.56032000
3022      6476849.03437000
3023      6488188.83704000
3024      6499546.13132000
3025      6510920.78300000
3026      6522312.95799000
3027      6533720.57463000
3028      6545149.26740000
3029      6556594.32667000
3030      6568054.50049000
3031      6579534.59269000
3032      6591032.30541000
3033      6602546.59968000
3034      6614078.91104000
3035      6625630.31421000
3036      6637196.92110000
3037      6648783.54506000
3038      6660386.29274000
3039      6672006.77481000
3040      6683644.83191000
3041      6695302.61393000
3042      6706976.57747000
3043      6718667.80523000
3044      6730378.27461000
3045      6742107.46781000
3046      6753852.36280000
3047      6765617.08637000
3048      6777397.53904000
3049      6789198.39417000
3050      6801014.46644000
3051      6812852.05834000
3052      6824706.32394000
3053      6836578.01156000
3054      6848466.59479000
3055      6860374.60324000
3056      6872300.42321000
3057      6884246.24737000
3058      6896208.48354000
3059      6908189.87551000
3060      6920188.59406000
3061      6932206.29333000
3062      6944242.98912000
3063      6956296.71861000
3064      6968368.04506000
3065      6980457.86634000
3066      6992567.29906000
3067      7004696.36213000
3068      7016842.53710000
3069      7029006.71762000
3070      7041189.14471000
3071      7053390.16127000
3072      7065610.89175000
3073      7077847.69838000
3074      7090106.47650000
3075      7102382.23986000
3076      7114676.35055000
3077      7126988.58728000
3078      7139319.20364000
3079      7151671.09058000
3080      7164039.71368000
3081      7176426.20644000
3082      7188834.58401000
3083      7201260.30495000
3084      7213704.25829000
3085      7226166.70970000
3086      7238647.98786000
3087      7251149.23724000
3088      7263668.77902000
3089      7276207.45361000
3090      7288765.58639000
3091      7301343.19435000
3092      7313937.14739000
3093      7326551.74348000
3094      7339185.86378000
3095      7351838.38350000
3096      7364510.16020000
3097      7377200.36623000
3098      7389911.88076000
3099      7402641.85727000
3100      7415389.44110000
3101      7428158.68207000
3102      7440946.13846000
3103      7453750.67301000
3104      7466577.49392000
3105      7479422.57998000
3106      7492287.39087000
3107      7505171.36559000
3108      7518075.09787000
3109      7530996.57948000
3110      7543937.85158000
3111      7556901.54094000
3112      7569880.41720000
3113      7582883.49785000
3114      7595904.10564000
3115      7608943.14191000
3116      7622002.07071000
3117      7635081.49586000
3118      7648179.67403000
3119      7661299.55834000
3120      7674436.78106000
3121      7687594.57025000
3122      7700774.39468000
3123      7713971.01280000
3124      7727188.84130000
3125      7740423.49091000
3126      7753681.42914000
3127      7766958.85549000
3128      7780256.11774000
3129      7793571.71119000
3130      7806910.67397000
3131      7820267.74057000
3132      7833643.77950000
3133      7847039.14629000
3134      7860455.56629000
3135      7873894.00087000
3136      7887350.61976000
3137      7900828.94442000
3138      7914324.88281000
3139      7927844.36628000
3140      7941380.89291000
3141      7954938.94600000
3142      7968517.33860000
3143      7982115.48118000
3144      7995735.81498000
3145      8009374.72135000
3146      8023035.24928000
3147      8036714.98736000
3148      8050416.38451000
3149      8064137.02340000
3150      8077877.29220000
3151      8091639.51157000
3152      8105424.07847000
3153      8119226.49587000
3154      8133050.30501000
3155      8146895.29165000
3156      8160758.78735000
3157      8174645.57106000
3158      8188551.73954000
3159      8202478.93462000
3160      8216427.00638000
3161      8230396.36637000
3162      8244384.95425000
3163      8258395.08652000
3164      8272427.18221000
3165      8286478.77546000
3166      8300552.36986000
3167      8314647.36338000
3168      8328760.44266000
3169      8342895.79257000
3170      8357052.59448000
3171      8371232.95707000
3172      8385430.84260000
3173      8399650.86308000
3174      8413890.52546000
3175      8428155.71133000
3176      8442437.85310000
3177      8456743.66980000
3178      8471067.73062000
3179      8485416.13785000
3180      8499784.91933000
3181      8514174.72441000
3182      8528587.47467000
3183      8543018.74503000
3184      8557472.36284000
3185      8571946.43831000
3186      8586444.36524000
3187      8600962.78524000
3188      8615501.52691000
3189      8630062.90015000
3190      8644646.74003000
3191      8659251.14291000
3192      8673877.59066000
3193      8688524.45143000
3194      8703194.03525000
3195      8717886.18301000
3196      8732598.97860000
3197      8747332.43888000
3198      8762089.81342000
3199      8776868.06284000
3200      8791666.85530000
3201      8806488.49912000
3202      8821332.19276000
3203      8836197.30608000
3204      8851085.32486000
3205      8865996.10421000
3206      8880928.35869000
3207      8895882.10628000
3208      8910856.05369000
3209      8925852.83826000
3210      8940872.63952000
3211      8955914.66144000
3212      8970980.39612000
3213      8986066.26157000
3214      9001175.87861000
3215      9016305.81318000
3216      9031458.72484000
3217      9046631.98653000
3218      9061830.39866000
3219      9077050.52283000
3220      9092293.84972000
3221      9107559.44693000
3222      9122846.28874000
3223      9138155.58033000
3224      9153488.14813000
3225      9168841.73055000
3226      9184219.29570000
3227      9199620.19434000
3228      9215041.49441000
3229      9230487.50773000
3230      9245956.91189000
3231      9261445.42721000
3232      9276958.71476000
3233      9292494.64583000
3234      9308053.36537000
3235      9323635.44316000
3236      9339240.22412000
3237      9354868.52704000
3238      9370518.21412000
3239      9386190.66042000
3240      9401888.04427000
3241      9417606.18501000
3242      9433347.14311000
3243      9449112.41621000
3244      9464901.91497000
3245      9480713.03412000
3246      9496547.73484000
3247      9512405.35232000
3248      9528285.32415000
3249      9544189.62615000
3250      9560117.00589000
3251      9576068.06963000
3252      9592042.84012000
3253      9608039.36294000
3254      9624059.62972000
3255      9640103.06509000
3256      9656170.97949000
3257      9672259.23014000
3258      9688374.17698000
3259      9704513.06306000
3260      9720675.81947000
3261      9736860.37571000
3262      9753068.22828000
3263      9769300.01057000
3264      9785555.12566000
3265      9801834.21113000
3266      9818138.77310000
3267      9834465.94513000
3268      9850815.04281000
3269      9867190.45537000
3270      9883587.75597000
3271      9900009.93056000
3272      9916455.58567000
3273      9932925.37802000
3274      9949419.39659000
3275      9965938.30487000
3276      9982480.06025000
3277      9999046.03619000
3278     10015636.31657000
3279     10032248.72223000
3280     10048887.60897000
3281     10065550.14354000
3282     10082237.00441000
3283     10098948.92958000
3284     10115682.41056000
3285     10132443.19978000
3286     10149225.52680000
3287     10166033.76949000
3288     10182867.95240000
3289     10199723.72514000
3290     10216605.43618000
3291     10233509.53620000
3292     10250440.38288000
3293     10267395.82643000
3294     10284375.12337000
3295     10301378.29522000
3296     10318404.66646000
3297     10335458.62224000
3298     10352538.00343000
3299     10369640.61253000
3300     10386768.68679000
3301     10403918.56260000
3302     10421095.40659000
3303     10438297.04361000
3304     10455522.73813000
3305     10472774.73475000
3306     10490052.32109000
3307     10507352.55445000
3308     10524677.67868000
3309     10542029.92864000
3310     10559405.62152000
3311     10576806.26496000
3312     10594233.36177000
3313     10611682.47399000
3314     10629163.28758000
3315     10646662.43601000
3316     10664190.35729000
3317     10681742.60493000
3318     10699319.19652000
3319     10716923.13918000
3320     10734551.46572000
3321     10752206.44667000
3322     10769885.85148000
3323     10787588.20379000
3324     10805319.51244000
3325     10823073.80731000
3326     10840855.61217000
3327     10858662.68973000
3328     10876492.80953000
3329     10894354.26949000
3330     10912237.30018000
3331     10930144.94661000
3332     10948080.97553000
3333     10966039.38285000
3334     10984028.49703000
3335     11002039.26661000
3336     11020076.27944000
3337     11038143.31408000
3338     11056231.29301000
3339     11074349.33904000
3340     11092489.89281000
3341     11110658.29906000
3342     11128853.04836000
3343     11147071.12845000
3344     11165320.16593000
3345     11183591.03506000
3346     11201889.10018000
3347     11220214.38543000
3348     11238564.59476000
3349     11256942.84202000
3350     11275343.78018000
3351     11293775.07413000
3352     11312232.20545000
3353     11330713.58187000
3354     11349222.33275000
3355     11367759.19899000
3356     11386318.93224000
3357     11404908.38553000
3358     11423522.95836000
3359     11442165.80220000
3360     11460833.09217000
3361     11479529.41231000
3362     11498250.22050000
3363     11516999.31563000
3364     11535773.72613000
3365     11554577.25750000
3366     11573404.56771000
3367     11592259.54349000
3368     11611143.00213000
3369     11630051.79771000
3370     11648988.32914000
3371     11667950.23504000
3372     11686943.00986000
3373     11705959.70188000
3374     11725004.21971000
3375     11744078.18416000
3376     11763175.22848000
3377     11782301.76547000
3378     11801453.81675000
3379     11820633.80593000
3380     11839841.75745000
3381     11859075.28242000
3382     11878337.61850000
3383     11897627.98697000
3384     11916947.10324000
3385     11936291.18340000
3386     11955661.74505000
3387     11975060.42651000
3388     11994489.56431000
3389     12013942.12494000
3390     12033425.18733000
3391     12052937.27852000
3392     12072472.85115000
3393     12092038.99791000
3394     12111631.79589000
3395     12131252.89915000
3396     12150899.87627000
3397     12170576.84164000
3398     12190283.00432000
3399     12210014.96445000
3400     12229774.66459000
3401     12249562.66413000
3402     12269379.95487000
3403     12289224.91215000
3404     12309095.90629000
3405     12328996.26157000
3406     12348926.00605000
3407     12368883.35278000
3408     12388866.97343000
3409     12408879.89391000
3410     12428921.46576000
3411     12448991.71471000
3412     12469090.49944000
3413     12489216.50392000
3414     12509372.75730000
3415     12529556.94577000
3416     12549769.09116000
3417     12570008.37617000
3418     12590278.84126000
3419     12610574.98736000
3420     12630900.68022000
3421     12651255.28179000
3422     12671642.00699000
3423     12692052.81299000
3424     12712494.94749000
3425     12732963.54726000
3426     12753464.37087000
3427     12773991.04760000
3428     12794546.60340000
3429     12815134.65798000
3430     12835749.93731000
3431     12856392.00669000
3432     12877064.74724000
3433     12897764.97316000
3434     12918497.62744000
3435     12939258.66879000
3436     12960046.40403000
3437     12980865.99933000
3438     13001712.97738000
3439     13022590.14893000
3440     13043495.81886000
3441     13064431.51407000
3442     13085396.61497000
3443     13106393.51639000
3444     13127414.90942000
3445     13148469.88158000
3446     13169553.26183000
3447     13190664.66333000
3448     13211809.49341000
3449     13232978.91403000
3450     13254181.17711000
3451     13275412.19153000
3452     13296675.23036000
3453     13317966.19387000
3454     13339285.10165000
3455     13360636.98314000
3456     13382016.85457000
3457     13403427.11849000
3458     13424868.05119000
3459     13446337.03967000
3460     13467839.13390000
3461     13489369.32963000
3462     13510929.15072000
3463     13532519.76600000
3464     13554140.31821000
3465     13575789.67623000
3466     13597472.29552000
3467     13619184.92539000
3468     13640926.69978000
3469     13662700.03876000
3470     13684500.78539000
3471     13706334.92636000
3472     13728199.81040000
3473     13750091.55466000
3474     13772018.27849000
3475     13793971.90894000
3476     13815960.57324000
3477     13837977.69589000
3478     13860023.29655000
3479     13882101.60244000
3480     13904210.23528000
3481     13926348.01507000
3482     13948517.97494000
3483     13970721.65134000
3484     13992953.63804000
3485     14015216.97888000
3486     14037512.29965000
3487     14059836.30118000
3488     14082190.82435000
3489     14104577.99371000
3490     14126997.55825000
3491     14149448.63567000
3492     14171927.27260000
3493     14194440.80483000
3494     14216984.09300000
3495     14239557.74912000
3496     14262165.46716000
3497     14284803.01346000
3498     14307468.56756000
3499     14330172.53457000
3500     14352903.63595000
