   1           22.92033000
   2           52.03074000
   3           85.04196000
   4          121.13445000
   5          160.02960000
   6          201.53348000
   7          245.47614000
   8          291.71493000
   9          340.13959000
  10          390.67076000
  11          443.25431000
  12          497.85439000
  13          554.44701000
  14          613.01491000
  15          673.54380000
  16          736.01979000
  17          800.42791000
  18          866.75122000
  19          934.97051000
  20         1005.06425000
  21         1077.00880000
  22         1150.77867000
  23         1226.34691000
  24         1303.68540000
  25         1382.76528000
  26         1463.55715000
  27         1546.03145000
  28         1630.15865000
  29         1715.90946000
  30         1803.25501000
  31         1892.16699000
  32         1982.61773000
  33         2074.58032000
  34         2168.02864000
  35         2262.93743000
  36         2359.28228000
  37         2457.03966000
  38         2556.18692000
  39         2656.70229000
  40         2758.56484000
  41         2861.75450000
  42         2966.25198000
  43         3072.03877000
  44         3179.09714000
  45         3287.41004000
  46         3396.96115000
  47         3507.73475000
  48         3619.71580000
  49         3732.88979000
  50         3847.24282000
  51         3962.76149000
  52         4079.43290000
  53         4197.24465000
  54         4316.18475000
  55         4436.24165000
  56         4557.40422000
  57         4679.66166000
  58         4803.00357000
  59         4927.41986000
  60         5052.90077000
  61         5179.43683000
  62         5307.01888000
  63         5435.63800000
  64         5565.28554000
  65         5695.95310000
  66         5827.63249000
  67         5960.31578000
  68         6093.99520000
  69         6228.66321000
  70         6364.31246000
  71         6500.93576000
  72         6638.52613000
  73         6777.07672000
  74         6916.58086000
  75         7057.03203000
  76         7198.42386000
  77         7340.75013000
  78         7484.00473000
  79         7628.18171000
  80         7773.27523000
  81         7919.27959000
  82         8066.18919000
  83         8213.99857000
  84         8362.70237000
  85         8512.29533000
  86         8662.77232000
  87         8814.12830000
  88         8966.35834000
  89         9119.45759000
  90         9273.42132000
  91         9428.24489000
  92         9583.92375000
  93         9740.45345000
  94         9897.82961000
  95        10056.04796000
  96        10215.10431000
  97        10374.99455000
  98        10535.71467000
  99        10697.26073000
 100        10859.62887000
 101        11022.81533000
 102        11186.81642000
 103        11351.62852000
 104        11517.24811000
 105        11683.67172000
 106        11850.89599000
 107        12018.91761000
 108        12187.73337000
 109        12357.34012000
 110        12527.73479000
 111        12698.91437000
 112        12870.87596000
 113        13043.61670000
 114        13217.13382000
 115        13391.42462000
 116        13566.48647000
 117        13742.31682000
 118        13918.91318000
 119        14096.27313000
 120        14274.39436000
 121        14453.27457000
 122        14632.91158000
 123        14813.30326000
 124        14994.44755000
 125        15176.34247000
 126        15358.98610000
 127        15542.37660000
 128        15726.51219000
 129        15911.39116000
 130        16097.01188000
 131        16283.37278000
 132        16470.47236000
 133        16658.30918000
 134        16846.88189000
 135        17036.18919000
 136        17226.22986000
 137        17417.00273000
 138        17608.50672000
 139        17800.74080000
 140        17993.70402000
 141        18187.39548000
 142        18381.81437000
 143        18576.95993000
 144        18772.83146000
 145        18969.42836000
 146        19166.75005000
 147        19364.79604000
 148        19563.56592000
 149        19763.05932000
 150        19963.27594000
 151        20164.21555000
 152        20365.87799000
 153        20568.26315000
 154        20771.37100000
 155        20975.20156000
 156        21179.75491000
 157        21385.03122000
 158        21591.03070000
 159        21797.75363000
 160        22005.20034000
 161        22213.37124000
 162        22422.26680000
 163        22631.88755000
 164        22842.23406000
 165        23053.30699000
 166        23265.10706000
 167        23477.63502000
 168        23690.89172000
 169        23904.87804000
 170        24119.59494000
 171        24335.04343000
 172        24551.22457000
 173        24768.13949000
 174        24985.78939000
 175        25204.17551000
 176        25423.29914000
 177        25643.16166000
 178        25863.76448000
 179        26085.10907000
 180        26307.19697000
 181        26530.02977000
 182        26753.60910000
 183        26977.93668000
 184        27203.01426000
 185        27428.84364000
 186        27655.42671000
 187        27882.76536000
 188        28110.86159000
 189        28339.71742000
 190        28569.33492000
 191        28799.71625000
 192        29030.86359000
 193        29262.77917000
 194        29495.46530000
 195        29728.92431000
 196        29963.15862000
 197        30198.17066000
 198        30433.96293000
 199        30670.53799000
 200        30907.89844000
 201        31146.04694000
 202        31384.98617000
 203        31624.71891000
 204        31865.24793000
 205        32106.57611000
 206        32348.70633000
 207        32591.64153000
 208        32835.38473000
 209        33079.93896000
 210        33325.30730000
 211        33571.49290000
 212        33818.49894000
 213        34066.32866000
 214        34314.98533000
 215        34564.47226000
 216        34814.79285000
 217        35065.95049000
 218        35317.94864000
 219        35570.79082000
 220        35824.48058000
 221        36079.02150000
 222        36334.41722000
 223        36590.67143000
 224        36847.78785000
 225        37105.77025000
 226        37364.62244000
 227        37624.34827000
 228        37884.95165000
 229        38146.43652000
 230        38408.80684000
 231        38672.06665000
 232        38936.22001000
 233        39201.27103000
 234        39467.22386000
 235        39734.08267000
 236        40001.85170000
 237        40270.53522000
 238        40540.13753000
 239        40810.66298000
 240        41082.11597000
 241        41354.50091000
 242        41627.82228000
 243        41902.08457000
 244        42177.29234000
 245        42453.45016000
 246        42730.56266000
 247        43008.63449000
 248        43287.67035000
 249        43567.67497000
 250        43848.65313000
 251        44130.60963000
 252        44413.54933000
 253        44697.47709000
 254        44982.39785000
 255        45268.31655000
 256        45555.23819000
 257        45843.16780000
 258        46132.11044000
 259        46422.07121000
 260        46713.05525000
 261        47005.06772000
 262        47298.11383000
 263        47592.19883000
 264        47887.32799000
 265        48183.50662000
 266        48480.74006000
 267        48779.03370000
 268        49078.39295000
 269        49378.82326000
 270        49680.33010000
 271        49982.91900000
 272        50286.59550000
 273        50591.36519000
 274        50897.23369000
 275        51204.20664000
 276        51512.28972000
 277        51821.48866000
 278        52131.80920000
 279        52443.25713000
 280        52755.83825000
 281        53069.55842000
 282        53384.42351000
 283        53700.43944000
 284        54017.61215000
 285        54335.94761000
 286        54655.45185000
 287        54976.13088000
 288        55297.99079000
 289        55621.03768000
 290        55945.27769000
 291        56270.71698000
 292        56597.36175000
 293        56925.21822000
 294        57254.29267000
 295        57584.59138000
 296        57916.12068000
 297        58248.88692000
 298        58582.89648000
 299        58918.15578000
 300        59254.67127000
 301        59592.44943000
 302        59931.49676000
 303        60271.81981000
 304        60613.42513000
 305        60956.31935000
 306        61300.50907000
 307        61646.00097000
 308        61992.80174000
 309        62340.91810000
 310        62690.35679000
 311        63041.12461000
 312        63393.22837000
 313        63746.67490000
 314        64101.47109000
 315        64457.62383000
 316        64815.14006000
 317        65174.02673000
 318        65534.29086000
 319        65895.93945000
 320        66258.97956000
 321        66623.41828000
 322        66989.26271000
 323        67356.52000000
 324        67725.19732000
 325        68095.30188000
 326        68466.84091000
 327        68839.82167000
 328        69214.25146000
 329        69590.13759000
 330        69967.48741000
 331        70346.30832000
 332        70726.60772000
 333        71108.39306000
 334        71491.67180000
 335        71876.45144000
 336        72262.73953000
 337        72650.54361000
 338        73039.87129000
 339        73430.73018000
 340        73823.12793000
 341        74217.07223000
 342        74612.57079000
 343        75009.63134000
 344        75408.26166000
 345        75808.46956000
 346        76210.26285000
 347        76613.64941000
 348        77018.63712000
 349        77425.23391000
 350        77833.44773000
 351        78243.28656000
 352        78654.75842000
 353        79067.87134000
 354        79482.63340000
 355        79899.05271000
 356        80317.13739000
 357        80736.89562000
 358        81158.33559000
 359        81581.46552000
 360        82006.29367000
 361        82432.82834000
 362        82861.07783000
 363        83291.05049000
 364        83722.75471000
 365        84156.19889000
 366        84591.39149000
 367        85028.34096000
 368        85467.05582000
 369        85907.54460000
 370        86349.81586000
 371        86793.87820000
 372        87239.74026000
 373        87687.41069000
 374        88136.89818000
 375        88588.21146000
 376        89041.35928000
 377        89496.35043000
 378        89953.19373000
 379        90411.89802000
 380        90872.47220000
 381        91334.92517000
 382        91799.26588000
 383        92265.50331000
 384        92733.64647000
 385        93203.70441000
 386        93675.68620000
 387        94149.60094000
 388        94625.45778000
 389        95103.26590000
 390        95583.03449000
 391        96064.77281000
 392        96548.49011000
 393        97034.19571000
 394        97521.89894000
 395        98011.60918000
 396        98503.33583000
 397        98997.08834000
 398        99492.87616000
 399        99990.70881000
 400       100490.59583000
 401       100992.54679000
 402       101496.57130000
 403       102002.67899000
 404       102510.87955000
 405       103021.18269000
 406       103533.59814000
 407       104048.13570000
 408       104564.80516000
 409       105083.61638000
 410       105604.57924000
 411       106127.70366000
 412       106652.99960000
 413       107180.47703000
 414       107710.14599000
 415       108242.01653000
 416       108776.09874000
 417       109312.40276000
 418       109850.93875000
 419       110391.71691000
 420       110934.74747000
 421       111480.04072000
 422       112027.60697000
 423       112577.45655000
 424       113129.59985000
 425       113684.04728000
 426       114240.80931000
 427       114799.89643000
 428       115361.31916000
 429       115925.08808000
 430       116491.21378000
 431       117059.70691000
 432       117630.57814000
 433       118203.83820000
 434       118779.49783000
 435       119357.56783000
 436       119938.05902000
 437       120520.98228000
 438       121106.34850000
 439       121694.16865000
 440       122284.45369000
 441       122877.21465000
 442       123472.46259000
 443       124070.20862000
 444       124670.46386000
 445       125273.23950000
 446       125878.54675000
 447       126486.39687000
 448       127096.80116000
 449       127709.77095000
 450       128325.31763000
 451       128943.45260000
 452       129564.18732000
 453       130187.53329000
 454       130813.50205000
 455       131442.10517000
 456       132073.35428000
 457       132707.26103000
 458       133343.83713000
 459       133983.09432000
 460       134625.04438000
 461       135269.69913000
 462       135917.07045000
 463       136567.17025000
 464       137220.01047000
 465       137875.60310000
 466       138533.96019000
 467       139195.09382000
 468       139859.01609000
 469       140525.73919000
 470       141195.27530000
 471       141867.63669000
 472       142542.83565000
 473       143220.88450000
 474       143901.79565000
 475       144585.58150000
 476       145272.25452000
 477       145961.82723000
 478       146654.31219000
 479       147349.72199000
 480       148048.06927000
 481       148749.36674000
 482       149453.62713000
 483       150160.86321000
 484       150871.08781000
 485       151584.31380000
 486       152300.55410000
 487       153019.82167000
 488       153742.12951000
 489       154467.49069000
 490       155195.91831000
 491       155927.42550000
 492       156662.02547000
 493       157399.73145000
 494       158140.55674000
 495       158884.51466000
 496       159631.61860000
 497       160381.88199000
 498       161135.31830000
 499       161891.94106000
 500       162651.76385000
 501       163414.80027000
 502       164181.06402000
 503       164950.56879000
 504       165723.32836000
 505       166499.35654000
 506       167278.66721000
 507       168061.27426000
 508       168847.19167000
 509       169636.43345000
 510       170429.01367000
 511       171224.94643000
 512       172024.24589000
 513       172826.92628000
 514       173633.00186000
 515       174442.48693000
 516       175255.39588000
 517       176071.74310000
 518       176891.54308000
 519       177714.81033000
 520       178541.55943000
 521       179371.80499000
 522       180205.56169000
 523       181042.84426000
 524       181883.66748000
 525       182728.04619000
 526       183575.99526000
 527       184427.52964000
 528       185282.66431000
 529       186141.41433000
 530       187003.79479000
 531       187869.82085000
 532       188739.50770000
 533       189612.87062000
 534       190489.92492000
 535       191370.68596000
 536       192255.16917000
 537       193143.39004000
 538       194035.36409000
 539       194931.10691000
 540       195830.63416000
 541       196733.96153000
 542       197641.10478000
 543       198552.07973000
 544       199466.90223000
 545       200385.58823000
 546       201308.15371000
 547       202234.61469000
 548       203164.98729000
 549       204099.28766000
 550       205037.53201000
 551       205979.73661000
 552       206925.91778000
 553       207876.09192000
 554       208830.27548000
 555       209788.48494000
 556       210750.73689000
 557       211717.04793000
 558       212687.43476000
 559       213661.91411000
 560       214640.50278000
 561       215623.21763000
 562       216610.07558000
 563       217601.09362000
 564       218596.28878000
 565       219595.67817000
 566       220599.27895000
 567       221607.10835000
 568       222619.18364000
 569       223635.52219000
 570       224656.14139000
 571       225681.05872000
 572       226710.29171000
 573       227743.85797000
 574       228781.77514000
 575       229824.06095000
 576       230870.73319000
 577       231921.80970000
 578       232977.30840000
 579       234037.24727000
 580       235101.64434000
 581       236170.51771000
 582       237243.88557000
 583       238321.76614000
 584       239404.17771000
 585       240491.13867000
 586       241582.66742000
 587       242678.78248000
 588       243779.50240000
 589       244884.84581000
 590       245994.83140000
 591       247109.47793000
 592       248228.80424000
 593       249352.82921000
 594       250481.57180000
 595       251615.05105000
 596       252753.28606000
 597       253896.29598000
 598       255044.10005000
 599       256196.71758000
 600       257354.16793000
 601       258516.47054000
 602       259683.64493000
 603       260855.71066000
 604       262032.68739000
 605       263214.59483000
 606       264401.45278000
 607       265593.28109000
 608       266790.09969000
 609       267991.92857000
 610       269198.78782000
 611       270410.69756000
 612       271627.67803000
 613       272849.74950000
 614       274076.93232000
 615       275309.24694000
 616       276546.71385000
 617       277789.35362000
 618       279037.18692000
 619       280290.23445000
 620       281548.51702000
 621       282812.05549000
 622       284080.87081000
 623       285354.98400000
 624       286634.41614000
 625       287919.18841000
 626       289209.32205000
 627       290504.83838000
 628       291805.75878000
 629       293112.10474000
 630       294423.89779000
 631       295741.15956000
 632       297063.91175000
 633       298392.17612000
 634       299725.97455000
 635       301065.32894000
 636       302410.26132000
 637       303760.79377000
 638       305116.94845000
 639       306478.74761000
 640       307846.21356000
 641       309219.36871000
 642       310598.23554000
 643       311982.83660000
 644       313373.19454000
 645       314769.33207000
 646       316171.27199000
 647       317579.03719000
 648       318992.65063000
 649       320412.13534000
 650       321837.51445000
 651       323268.81116000
 652       324706.04877000
 653       326149.25064000
 654       327598.44023000
 655       329053.64106000
 656       330514.87677000
 657       331982.17104000
 658       333455.54766000
 659       334935.03050000
 660       336420.64353000
 661       337912.41076000
 662       339410.35633000
 663       340914.50443000
 664       342424.87938000
 665       343941.50553000
 666       345464.40736000
 667       346993.60942000
 668       348529.13634000
 669       350071.01285000
 670       351619.26375000
 671       353173.91395000
 672       354734.98843000
 673       356302.51226000
 674       357876.51060000
 675       359457.00870000
 676       361044.03191000
 677       362637.60564000
 678       364237.75543000
 679       365844.50686000
 680       367457.88564000
 681       369077.91756000
 682       370704.62848000
 683       372338.04439000
 684       373978.19134000
 685       375625.09547000
 686       377278.78304000
 687       378939.28037000
 688       380606.61389000
 689       382280.81012000
 690       383961.89567000
 691       385649.89725000
 692       387344.84165000
 693       389046.75577000
 694       390755.66659000
 695       392471.60120000
 696       394194.58676000
 697       395924.65056000
 698       397661.81995000
 699       399406.12240000
 700       401157.58546000
 701       402916.23679000
 702       404682.10414000
 703       406455.21535000
 704       408235.59838000
 705       410023.28125000
 706       411818.29212000
 707       413620.65921000
 708       415430.41087000
 709       417247.57554000
 710       419072.18173000
 711       420904.25809000
 712       422743.83336000
 713       424590.93636000
 714       426445.59602000
 715       428307.84139000
 716       430177.70160000
 717       432055.20588000
 718       433940.38357000
 719       435833.26412000
 720       437733.87706000
 721       439642.25205000
 722       441558.41882000
 723       443482.40724000
 724       445414.24725000
 725       447353.96891000
 726       449301.60240000
 727       451257.17797000
 728       453220.72601000
 729       455192.27698000
 730       457171.86147000
 731       459159.51018000
 732       461155.25390000
 733       463159.12353000
 734       465171.15008000
 735       467191.36466000
 736       469219.79852000
 737       471256.48296000
 738       473301.44945000
 739       475354.72952000
 740       477416.35484000
 741       479486.35718000
 742       481564.76841000
 743       483651.62051000
 744       485746.94560000
 745       487850.77588000
 746       489963.14366000
 747       492084.08139000
 748       494213.62160000
 749       496351.79695000
 750       498498.64020000
 751       500654.18425000
 752       502818.46208000
 753       504991.50680000
 754       507173.35164000
 755       509364.02992000
 756       511563.57511000
 757       513772.02076000
 758       515989.40056000
 759       518215.74830000
 760       520451.09791000
 761       522695.48340000
 762       524948.93892000
 763       527211.49874000
 764       529483.19724000
 765       531764.06891000
 766       534054.14838000
 767       536353.47039000
 768       538662.06977000
 769       540979.98152000
 770       543307.24072000
 771       545643.88259000
 772       547989.94246000
 773       550345.45580000
 774       552710.45817000
 775       555084.98527000
 776       557469.07293000
 777       559862.75709000
 778       562266.07381000
 779       564679.05929000
 780       567101.74983000
 781       569534.18188000
 782       571976.39199000
 783       574428.41685000
 784       576890.29327000
 785       579362.05819000
 786       581843.74866000
 787       584335.40189000
 788       586837.05517000
 789       589348.74596000
 790       591870.51182000
 791       594402.39045000
 792       596944.41967000
 793       599496.63745000
 794       602059.08185000
 795       604631.79110000
 796       607214.80354000
 797       609808.15764000
 798       612411.89200000
 799       615026.04536000
 800       617650.65658000
 801       620285.76465000
 802       622931.40872000
 803       625587.62803000
 804       628254.46200000
 805       630931.95013000
 806       633620.13210000
 807       636319.04770000
 808       639028.73687000
 809       641749.23966000
 810       644480.59629000
 811       647222.84709000
 812       649976.03253000
 813       652740.19322000
 814       655515.36992000
 815       658301.60350000
 816       661098.93500000
 817       663907.40556000
 818       666727.05650000
 819       669557.92925000
 820       672400.06539000
 821       675253.50664000
 822       678118.29486000
 823       680994.47206000
 824       683882.08037000
 825       686781.16208000
 826       689691.75962000
 827       692613.91555000
 828       695547.67259000
 829       698493.07359000
 830       701450.16155000
 831       704418.97961000
 832       707399.57107000
 833       710391.97937000
 834       713396.24807000
 835       716412.42090000
 836       719440.54174000
 837       722480.65461000
 838       725532.80368000
 839       728597.03325000
 840       731673.38780000
 841       734761.91193000
 842       737862.65041000
 843       740975.64815000
 844       744100.95020000
 845       747238.60179000
 846       750388.64827000
 847       753551.13516000
 848       756726.10813000
 849       759913.61299000
 850       763113.69572000
 851       766326.40244000
 852       769551.77943000
 853       772789.87313000
 854       776040.73012000
 855       779304.39714000
 856       782580.92110000
 857       785870.34905000
 858       789172.72820000
 859       792488.10592000
 860       795816.52973000
 861       799158.04733000
 862       802512.70655000
 863       805880.55540000
 864       809261.64203000
 865       812656.01477000
 866       816063.72210000
 867       819484.81266000
 868       822919.33526000
 869       826367.33885000
 870       829828.87258000
 871       833303.98572000
 872       836792.72773000
 873       840295.14824000
 874       843811.29701000
 875       847341.22400000
 876       850884.97933000
 877       854442.61325000
 878       858014.17623000
 879       861599.71887000
 880       865199.29195000
 881       868812.94641000
 882       872440.73336000
 883       876082.70410000
 884       879738.91006000
 885       883409.40287000
 886       887094.23432000
 887       890793.45638000
 888       894507.12117000
 889       898235.28100000
 890       901977.98834000
 891       905735.29585000
 892       909507.25635000
 893       913293.92283000
 894       917095.34846000
 895       920911.58660000
 896       924742.69075000
 897       928588.71462000
 898       932449.71207000
 899       936325.73717000
 900       940216.84412000
 901       944123.08735000
 902       948044.52143000
 903       951981.20111000
 904       955933.18136000
 905       959900.51727000
 906       963883.26416000
 907       967881.47751000
 908       971895.21299000
 909       975924.52643000
 910       979969.47386000
 911       984030.11151000
 912       988106.49576000
 913       992198.68319000
 914       996306.73057000
 915      1000430.69485000
 916      1004570.63316000
 917      1008726.60282000
 918      1012898.66135000
 919      1017086.86643000
 920      1021291.27596000
 921      1025511.94801000
 922      1029748.94083000
 923      1034002.31287000
 924      1038272.12279000
 925      1042558.42941000
 926      1046861.29175000
 927      1051180.76903000
 928      1055516.92067000
 929      1059869.80625000
 930      1064239.48557000
 931      1068626.01862000
 932      1073029.46559000
 933      1077449.88685000
 934      1081887.34297000
 935      1086341.89474000
 936      1090813.60310000
 937      1095302.52923000
 938      1099808.73450000
 939      1104332.28045000
 940      1108873.22886000
 941      1113431.64168000
 942      1118007.58108000
 943      1122601.10940000
 944      1127212.28923000
 945      1131841.18332000
 946      1136487.85464000
 947      1141152.36636000
 948      1145834.78186000
 949      1150535.16471000
 950      1155253.57871000
 951      1159990.08783000
 952      1164744.75628000
 953      1169517.64847000
 954      1174308.82899000
 955      1179118.36266000
 956      1183946.31453000
 957      1188792.74981000
 958      1193657.73396000
 959      1198541.33264000
 960      1203443.61170000
 961      1208364.63724000
 962      1213304.47553000
 963      1218263.19309000
 964      1223240.85663000
 965      1228237.53308000
 966      1233253.28959000
 967      1238288.19352000
 968      1243342.31244000
 969      1248415.71415000
 970      1253508.46667000
 971      1258620.63821000
 972      1263752.29722000
 973      1268903.51238000
 974      1274074.35256000
 975      1279264.88687000
 976      1284475.18464000
 977      1289705.31542000
 978      1294955.34896000
 979      1300225.35528000
 980      1305515.40458000
 981      1310825.56729000
 982      1316155.91410000
 983      1321506.51588000
 984      1326877.44375000
 985      1332268.76906000
 986      1337680.56337000
 987      1343112.89848000
 988      1348565.84642000
 989      1354039.47944000
 990      1359533.87002000
 991      1365049.09089000
 992      1370585.21498000
 993      1376142.31548000
 994      1381720.46579000
 995      1387319.73955000
 996      1392940.21066000
 997      1398581.95321000
 998      1404245.04155000
 999      1409929.55027000
1000      1415635.55418000
1001      1421363.12834000
1002      1427112.34805000
1003      1432883.28882000
1004      1438676.02644000
1005      1444490.63692000
1006      1450327.19650000
1007      1456185.78168000
1008      1462066.46918000
1009      1467969.33600000
1010      1473894.45934000
1011      1479841.91667000
1012      1485811.78569000
1013      1491804.14436000
1014      1497819.07088000
1015      1503856.64369000
1016      1509916.94148000
1017      1516000.04319000
1018      1522106.02802000
1019      1528234.97539000
1020      1534386.96500000
1021      1540562.07679000
1022      1546760.39095000
1023      1552981.98791000
1024      1559226.94837000
1025      1565495.35329000
1026      1571787.28386000
1027      1578102.82154000
1028      1584442.04805000
1029      1590805.04535000
1030      1597191.89567000
1031      1603602.68150000
1032      1610037.48558000
1033      1616496.39091000
1034      1622979.48075000
1035      1629486.83863000
1036      1636018.54833000
1037      1642574.69390000
1038      1649155.35964000
1039      1655760.63014000
1040      1662390.59022000
1041      1669045.32499000
1042      1675724.91982000
1043      1682429.46034000
1044      1689159.03245000
1045      1695913.72233000
1046      1702693.61641000
1047      1709498.80141000
1048      1716329.36429000
1049      1723185.39231000
1050      1730066.97299000
1051      1736974.19413000
1052      1743907.14379000
1053      1750865.91031000
1054      1757850.58231000
1055      1764861.24868000
1056      1771897.99859000
1057      1778960.92148000
1058      1786050.10707000
1059      1793165.64537000
1060      1800307.62666000
1061      1807476.14149000
1062      1814671.28072000
1063      1821893.13545000
1064      1829141.79710000
1065      1836417.35736000
1066      1843719.90819000
1067      1851049.54187000
1068      1858406.35092000
1069      1865790.42818000
1070      1873201.86677000
1071      1880640.76009000
1072      1888107.20183000
1073      1895601.28598000
1074      1903123.10681000
1075      1910672.75889000
1076      1918250.33706000
1077      1925855.93649000
1078      1933489.65260000
1079      1941151.58115000
1080      1948841.81816000
1081      1956560.45995000
1082      1964307.60316000
1083      1972083.34470000
1084      1979887.78179000
1085      1987721.01196000
1086      1995583.13303000
1087      2003474.24311000
1088      2011394.44062000
1089      2019343.82429000
1090      2027322.49316000
1091      2035330.54654000
1092      2043368.08408000
1093      2051435.20572000
1094      2059532.01170000
1095      2067658.60259000
1096      2075815.07925000
1097      2084001.54286000
1098      2092218.09489000
1099      2100464.83714000
1100      2108741.87171000
1101      2117049.30104000
1102      2125387.22784000
1103      2133755.75516000
1104      2142154.98637000
1105      2150585.02515000
1106      2159045.97548000
1107      2167537.94167000
1108      2176061.02837000
1109      2184615.34051000
1110      2193200.98337000
1111      2201818.06253000
1112      2210466.68391000
1113      2219146.95374000
1114      2227858.97859000
1115      2236602.86533000
1116      2245378.72118000
1117      2254186.65366000
1118      2263026.77065000
1119      2271899.18033000
1120      2280803.99122000
1121      2289741.31217000
1122      2298711.25235000
1123      2307713.92129000
1124      2316749.42882000
1125      2325817.88513000
1126      2334919.40072000
1127      2344054.08643000
1128      2353222.05346000
1129      2362423.41332000
1130      2371658.27787000
1131      2380926.75931000
1132      2390228.97017000
1133      2399565.02332000
1134      2408935.03200000
1135      2418339.10975000
1136      2427777.37049000
1137      2437249.92845000
1138      2446756.89824000
1139      2456298.39480000
1140      2465874.53340000
1141      2475485.42969000
1142      2485131.19965000
1143      2494811.95961000
1144      2504527.82626000
1145      2514278.91664000
1146      2524065.34813000
1147      2533887.23847000
1148      2543744.70576000
1149      2553637.86846000
1150      2563566.84538000
1151      2573531.75567000
1152      2583532.71887000
1153      2593569.85485000
1154      2603643.28387000
1155      2613753.12653000
1156      2623899.50380000
1157      2634082.53700000
1158      2644302.34783000
1159      2654559.05836000
1160      2664852.79101000
1161      2675183.66857000
1162      2685551.81420000
1163      2695957.35143000
1164      2706400.40417000
1165      2716881.09668000
1166      2727399.55362000
1167      2737955.89998000
1168      2748550.26117000
1169      2759182.76294000
1170      2769853.53144000
1171      2780562.69319000
1172      2791310.37509000
1173      2802096.70439000
1174      2812921.80877000
1175      2823785.81625000
1176      2834688.85525000
1177      2845631.05458000
1178      2856612.54341000
1179      2867633.45131000
1180      2878693.90824000
1181      2889794.04454000
1182      2900933.99094000
1183      2912113.87855000
1184      2923333.83890000
1185      2934594.00386000
1186      2945894.50575000
1187      2957235.47723000
1188      2968617.05140000
1189      2980039.36172000
1190      2991502.54206000
1191      3003006.72670000
1192      3014552.05030000
1193      3026138.64791000
1194      3037766.65502000
1195      3049436.20748000
1196      3061147.44157000
1197      3072900.49395000
1198      3084695.50171000
1199      3096532.60233000
1200      3108411.93370000
1201      3120333.63411000
1202      3132297.84228000
1203      3144304.69732000
1204      3156354.33876000
1205      3168446.90653000
1206      3180582.54100000
1207      3192761.38292000
1208      3204983.57348000
1209      3217249.25428000
1210      3229558.56734000
1211      3241911.65509000
1212      3254308.66038000
1213      3266749.72649000
1214      3279234.99712000
1215      3291764.61639000
1216      3304338.72884000
1217      3316957.47944000
1218      3329621.01359000
1219      3342329.47711000
1220      3355083.01625000
1221      3367881.77770000
1222      3380725.90856000
1223      3393615.55638000
1224      3406550.86913000
1225      3419531.99524000
1226      3432559.08353000
1227      3445632.28331000
1228      3458751.74427000
1229      3471917.61659000
1230      3485130.05087000
1231      3498389.19813000
1232      3511695.20987000
1233      3525048.23801000
1234      3538448.43491000
1235      3551895.95339000
1236      3565390.94671000
1237      3578933.56858000
1238      3592523.97315000
1239      3606162.31505000
1240      3619848.74931000
1241      3633583.43146000
1242      3647366.51746000
1243      3661198.16373000
1244      3675078.52714000
1245      3689007.76503000
1246      3702986.03519000
1247      3717013.49586000
1248      3731090.30577000
1249      3745216.62408000
1250      3759392.61042000
1251      3773618.42491000
1252      3787894.22810000
1253      3802220.18102000
1254      3816596.44519000
1255      3831023.18255000
1256      3845500.55556000
1257      3860028.72713000
1258      3874607.86063000
1259      3889238.11993000
1260      3903919.66935000
1261      3918652.67371000
1262      3933437.29829000
1263      3948273.70886000
1264      3963162.07166000
1265      3978102.55341000
1266      3993095.32132000
1267      4008140.54309000
1268      4023238.38689000
1269      4038389.02139000
1270      4053592.61572000
1271      4068849.33954000
1272      4084159.36298000
1273      4099522.85664000
1274      4114939.99164000
1275      4130410.93959000
1276      4145935.87259000
1277      4161514.96324000
1278      4177148.38462000
1279      4192836.31033000
1280      4208578.91446000
1281      4224376.37161000
1282      4240228.85687000
1283      4256136.54584000
1284      4272099.61462000
1285      4288118.23984000
1286      4304192.59860000
1287      4320322.86853000
1288      4336509.22777000
1289      4352751.85497000
1290      4369050.92929000
1291      4385406.63041000
1292      4401819.13852000
1293      4418288.63433000
1294      4434815.29905000
1295      4451399.31445000
1296      4468040.86278000
1297      4484740.12683000
1298      4501497.28991000
1299      4518312.53586000
1300      4535186.04903000
1301      4552118.01433000
1302      4569108.61716000
1303      4586158.04347000
1304      4603266.47974000
1305      4620434.11298000
1306      4637661.13074000
1307      4654947.72110000
1308      4672294.07267000
1309      4689700.37460000
1310      4707166.81660000
1311      4724693.58889000
1312      4742280.88225000
1313      4759928.88801000
1314      4777637.79802000
1315      4795407.80470000
1316      4813239.10101000
1317      4831131.88045000
1318      4849086.33709000
1319      4867102.66552000
1320      4885181.06091000
1321      4903321.71899000
1322      4921524.83602000
1323      4939790.60883000
1324      4958119.23481000
1325      4976510.91190000
1326      4994965.83863000
1327      5013484.21405000
1328      5032066.23782000
1329      5050712.11012000
1330      5069422.03173000
1331      5088196.20398000
1332      5107034.82879000
1333      5125938.10863000
1334      5144906.24656000
1335      5163939.44620000
1336      5183037.91175000
1337      5202201.84799000
1338      5221431.46027000
1339      5240726.95454000
1340      5260088.53732000
1341      5279516.41570000
1342      5299010.79736000
1343      5318571.89058000
1344      5338199.90423000
1345      5357895.04773000
1346      5377657.53114000
1347      5397487.56508000
1348      5417385.36077000
1349      5437351.13003000
1350      5457385.08526000
1351      5477487.43949000
1352      5497658.40631000
1353      5517898.19994000
1354      5538207.03519000
1355      5558585.12746000
1356      5579032.69279000
1357      5599549.94779000
1358      5620137.10970000
1359      5640794.39637000
1360      5661522.02624000
1361      5682320.21838000
1362      5703189.19247000
1363      5724129.16881000
1364      5745140.36831000
1365      5766223.01251000
1366      5787377.32354000
1367      5808603.52419000
1368      5829901.83785000
1369      5851272.48855000
1370      5872715.70092000
1371      5894231.70025000
1372      5915820.71243000
1373      5937482.96401000
1374      5959218.68214000
1375      5981028.09464000
1376      6002911.42993000
1377      6024868.91709000
1378      6046900.78583000
1379      6069007.26650000
1380      6091188.59011000
1381      6113444.98828000
1382      6135776.69330000
1383      6158183.93809000
1384      6180666.95625000
1385      6203225.98198000
1386      6225861.25017000
1387      6248572.99636000
1388      6271361.45672000
1389      6294226.86810000
1390      6317169.46799000
1391      6340189.49456000
1392      6363287.18663000
1393      6386462.78368000
1394      6409716.52585000
1395      6433048.65396000
1396      6456459.40948000
1397      6479949.03457000
1398      6503517.77204000
1399      6527165.86539000
1400      6550893.55878000
1401      6574701.09705000
1402      6598588.72572000
1403      6622556.69100000
1404      6646605.23975000
1405      6670734.61954000
1406      6694945.07861000
1407      6719236.86589000
1408      6743610.23100000
1409      6768065.42424000
1410      6792602.69662000
1411      6817222.29981000
1412      6841924.48621000
1413      6866709.50888000
1414      6891577.62162000
1415      6916529.07888000
1416      6941564.13585000
1417      6966683.04841000
1418      6991886.07313000
1419      7017173.46731000
1420      7042545.48894000
1421      7068002.39672000
1422      7093544.45007000
1423      7119171.90912000
1424      7144885.03471000
1425      7170684.08840000
1426      7196569.33247000
1427      7222541.02990000
1428      7248599.44444000
1429      7274744.84050000
1430      7300977.48326000
1431      7327297.63861000
1432      7353705.57317000
1433      7380201.55429000
1434      7406785.85006000
1435      7433458.72928000
1436      7460220.46152000
1437      7487071.31706000
1438      7514011.56694000
1439      7541041.48291000
1440      7568161.33749000
1441      7595371.40393000
1442      7622671.95625000
1443      7650063.26918000
1444      7677545.61823000
1445      7705119.27964000
1446      7732784.53043000
1447      7760541.64835000
1448      7788390.91191000
1449      7816332.60040000
1450      7844366.99385000
1451      7872494.37306000
1452      7900715.01958000
1453      7929029.21575000
1454      7957437.24467000
1455      7985939.39020000
1456      8014535.93697000
1457      8043227.17041000
1458      8072013.37669000
1459      8100894.84278000
1460      8129871.85642000
1461      8158944.70614000
1462      8188113.68124000
1463      8217379.07182000
1464      8246741.16875000
1465      8276200.26369000
1466      8305756.64911000
1467      8335410.61824000
1468      8365162.46515000
1469      8395012.48465000
1470      8424960.97239000
1471      8455008.22480000
1472      8485154.53913000
1473      8515400.21341000
1474      8545745.54649000
1475      8576190.83802000
1476      8606736.38846000
1477      8637382.49910000
1478      8668129.47201000
1479      8698977.61010000
1480      8729927.21709000
1481      8760978.59752000
1482      8792132.05675000
1483      8823387.90096000
1484      8854746.43715000
1485      8886207.97317000
1486      8917772.81767000
1487      8949441.28015000
1488      8981213.67093000
1489      9013090.30117000
1490      9045071.48288000
1491      9077157.52888000
1492      9109348.75286000
1493      9141645.46933000
1494      9174047.99366000
1495      9206556.64205000
1496      9239171.73157000
1497      9271893.58012000
1498      9304722.50648000
1499      9337658.83024000
1500      9370702.87189000
1501      9403854.95276000
1502      9437115.39504000
1503      9470484.52179000
1504      9503962.65693000
1505      9537550.12523000
1506      9571247.25237000
1507      9605054.36486000
1508      9638971.79010000
1509      9672999.85637000
1510      9707138.89282000
1511      9741389.22948000
1512      9775751.19726000
1513      9810225.12795000
1514      9844811.35425000
1515      9879510.20970000
1516      9914322.02878000
1517      9949247.14682000
1518      9984285.90007000
1519     10019438.62567000
1520     10054705.66166000
1521     10090087.34696000
1522     10125584.02142000
1523     10161196.02578000
1524     10196923.70169000
1525     10232767.39170000
1526     10268727.43928000
1527     10304804.18881000
1528     10340997.98559000
1529     10377309.17582000
1530     10413738.10664000
1531     10450285.12609000
1532     10486950.58316000
1533     10523734.82775000
1534     10560638.21067000
1535     10597661.08370000
1536     10634803.79952000
1537     10672066.71176000
1538     10709450.17497000
1539     10746954.54466000
1540     10784580.17726000
1541     10822327.43017000
1542     10860196.66170000
1543     10898188.23114000
1544     10936302.49870000
1545     10974539.82558000
1546     11012900.57389000
1547     11051385.10673000
1548     11089993.78813000
1549     11128726.98312000
1550     11167585.05765000
1551     11206568.37866000
1552     11245677.31405000
1553     11284912.23269000
1554     11324273.50444000
1555     11363761.50009000
1556     11403376.59145000
1557     11443119.15130000
1558     11482989.55337000
1559     11522988.17241000
1560     11563115.38415000
1561     11603371.56528000
1562     11643757.09352000
1563     11684272.34754000
1564     11724917.70704000
1565     11765693.55270000
1566     11806600.26621000
1567     11847638.23024000
1568     11888807.82849000
1569     11930109.44564000
1570     11971543.46740000
1571     12013110.28049000
1572     12054810.27263000
1573     12096643.83256000
1574     12138611.35003000
1575     12180713.21584000
1576     12222949.82178000
1577     12265321.56068000
1578     12307828.82639000
1579     12350472.01379000
1580     12393251.51881000
1581     12436167.73839000
1582     12479221.07051000
1583     12522411.91421000
1584     12565740.66955000
1585     12609207.73764000
1586     12652813.52063000
1587     12696558.42174000
1588     12740442.84522000
1589     12784467.19637000
1590     12828631.88157000
1591     12872937.30824000
1592     12917383.88487000
1593     12961972.02099000
1594     13006702.12723000
1595     13051574.61527000
1596     13096589.89786000
1597     13141748.38882000
1598     13187050.50306000
1599     13232496.65655000
1600     13278087.26634000
1601     13323822.75060000
1602     13369703.52852000
1603     13415730.02044000
1604     13461902.64776000
1605     13508221.83297000
1606     13554687.99966000
1607     13601301.57253000
1608     13648062.97735000
1609     13694972.64104000
1610     13742030.99158000
1611     13789238.45808000
1612     13836595.47075000
1613     13884102.46093000
1614     13931759.86105000
1615     13979568.10468000
1616     14027527.62649000
1617     14075638.86231000
1618     14123902.24904000
1619     14172318.22475000
1620     14220887.22863000
1621     14269609.70101000
1622     14318486.08333000
1623     14367516.81819000
1624     14416702.34934000
1625     14466043.12164000
1626     14515539.58113000
1627     14565192.17498000
1628     14615001.35151000
1629     14664967.56021000
1630     14715091.25171000
1631     14765372.87781000
1632     14815812.89146000
1633     14866411.74678000
1634     14917169.89906000
1635     14968087.80476000
1636     15019165.92152000
1637     15070404.70812000
1638     15121804.62456000
1639     15173366.13199000
1640     15225089.69277000
1641     15276975.77043000
1642     15329024.82967000
1643     15381237.33641000
1644     15433613.75776000
1645     15486154.56202000
1646     15538860.21867000
1647     15591731.19843000
1648     15644767.97320000
1649     15697971.01608000
1650     15751340.80140000
1651     15804877.80469000
1652     15858582.50270000
1653     15912455.37341000
1654     15966496.89598000
1655     16020707.55084000
1656     16075087.81962000
1657     16129638.18519000
1658     16184359.13165000
1659     16239251.14432000
1660     16294314.70978000
1661     16349550.31583000
1662     16404958.45152000
1663     16460539.60716000
1664     16516294.27429000
1665     16572222.94571000
1666     16628326.11545000
1667     16684604.27884000
1668     16741057.93244000
1669     16797687.57408000
1670     16854493.70285000
1671     16911476.81911000
1672     16968637.42450000
1673     17025976.02192000
1674     17083493.11556000
1675     17141189.21087000
1676     17199064.81461000
1677     17257120.43480000
1678     17315356.58076000
1679     17373773.76310000
1680     17432372.49371000
1681     17491153.28581000
1682     17550116.65388000
1683     17609263.11372000
1684     17668593.18244000
1685     17728107.37846000
1686     17787806.22150000
1687     17847690.23259000
1688     17907759.93409000
1689     17968015.84968000
1690     18028458.50436000
1691     18089088.42444000
1692     18149906.13758000
1693     18210912.17276000
1694     18272107.06031000
1695     18333491.33187000
1696     18395065.52044000
1697     18456830.16036000
1698     18518785.78732000
1699     18580932.93834000
1700     18643272.15183000
1701     18705803.96751000
1702     18768528.92650000
1703     18831447.57124000
1704     18894560.44558000
1705     18957868.09470000
1706     19021371.06516000
1707     19085069.90491000
1708     19148965.16325000
1709     19213057.39089000
1710     19277347.13989000
1711     19341834.96372000
1712     19406521.41723000
1713     19471407.05666000
1714     19536492.43964000
1715     19601778.12521000
1716     19667264.67380000
1717     19732952.64726000
1718     19798842.60883000
1719     19864935.12316000
1720     19931230.75633000
1721     19997730.07581000
1722     20064433.65053000
1723     20131342.05079000
1724     20198455.84836000
1725     20265775.61642000
1726     20333301.92959000
1727     20401035.36391000
1728     20468976.49686000
1729     20537125.90739000
1730     20605484.17586000
1731     20674051.88410000
1732     20742829.61537000
1733     20811817.95441000
1734     20881017.48739000
1735     20950428.80197000
1736     21020052.48724000
1737     21089889.13380000
1738     21159939.33367000
1739     21230203.68038000
1740     21300682.76892000
1741     21371377.19577000
1742     21442287.55889000
1743     21513414.45771000
1744     21584758.49318000
1745     21656320.26772000
1746     21728100.38524000
1747     21800099.45118000
1748     21872318.07245000
1749     21944756.85749000
1750     22017416.41623000
1751     22090297.36013000
1752     22163400.30214000
1753     22236725.85676000
1754     22310274.64000000
1755     22384047.26938000
1756     22458044.36397000
1757     22532266.54437000
1758     22606714.43270000
1759     22681388.65263000
1760     22756289.82938000
1761     22831418.58969000
1762     22906775.56189000
1763     22982361.37581000
1764     23058176.66289000
1765     23134222.05608000
1766     23210498.18993000
1767     23287005.70053000
1768     23363745.22556000
1769     23440717.40425000
1770     23517922.87744000
1771     23595362.28750000
1772     23673036.27843000
1773     23750945.49579000
1774     23829090.58674000
1775     23907472.20003000
1776     23986090.98600000
1777     24064947.59660000
1778     24144042.68538000
1779     24223376.90750000
1780     24302950.91972000
1781     24382765.38043000
1782     24462820.94962000
1783     24543118.28891000
1784     24623658.06155000
1785     24704440.93240000
1786     24785467.56798000
1787     24866738.63641000
1788     24948254.80747000
1789     25030016.75259000
1790     25112025.14482000
1791     25194280.65888000
1792     25276783.97112000
1793     25359535.75958000
1794     25442536.70394000
1795     25525787.48553000
1796     25609288.78736000
1797     25693041.29412000
1798     25777045.69217000
1799     25861302.66953000
1800     25945812.91592000
1801     26030577.12274000
1802     26115595.98307000
1803     26200870.19169000
1804     26286400.44508000
1805     26372187.44141000
1806     26458231.88055000
1807     26544534.46410000
1808     26631095.89533000
1809     26717916.87927000
1810     26804998.12263000
1811     26892340.33385000
1812     26979944.22312000
1813     27067810.50232000
1814     27155939.88510000
1815     27244333.08681000
1816     27332990.82457000
1817     27421913.81722000
1818     27511102.78536000
1819     27600558.45134000
1820     27690281.53926000
1821     27780272.77499000
1822     27870532.88614000
1823     27961062.60210000
1824     28051862.65404000
1825     28142933.77488000
1826     28234276.69934000
1827     28325892.16390000
1828     28417780.90683000
1829     28509943.66820000
1830     28602381.18987000
1831     28695094.21548000
1832     28788083.49049000
1833     28881349.76215000
1834     28974893.77952000
1835     29068716.29347000
1836     29162818.05670000
1837     29257199.82372000
1838     29351862.35084000
1839     29446806.39624000
1840     29542032.71989000
1841     29637542.08363000
1842     29733335.25110000
1843     29829412.98783000
1844     29925776.06114000
1845     30022425.24026000
1846     30119361.29622000
1847     30216585.00194000
1848     30314097.13219000
1849     30411898.46362000
1850     30509989.77474000
1851     30608371.84592000
1852     30707045.45942000
1853     30806011.39939000
1854     30905270.45186000
1855     31004823.40475000
1856     31104671.04786000
1857     31204814.17290000
1858     31305253.57349000
1859     31405990.04514000
1860     31507024.38528000
1861     31608357.39324000
1862     31709989.87028000
1863     31811922.61958000
1864     31914156.44625000
1865     32016692.15732000
1866     32119530.56175000
1867     32222672.47045000
1868     32326118.69627000
1869     32429870.05401000
1870     32533927.36040000
1871     32638291.43415000
1872     32742963.09591000
1873     32847943.16830000
1874     32953232.47591000
1875     33058831.84529000
1876     33164742.10498000
1877     33270964.08548000
1878     33377498.61928000
1879     33484346.54087000
1880     33591508.68672000
1881     33698985.89530000
1882     33806779.00708000
1883     33914888.86451000
1884     34023316.31210000
1885     34132062.19631000
1886     34241127.36568000
1887     34350512.67072000
1888     34460218.96398000
1889     34570247.10006000
1890     34680597.93556000
1891     34791272.32915000
1892     34902271.14152000
1893     35013595.23541000
1894     35125245.47561000
1895     35237222.72898000
1896     35349527.86441000
1897     35462161.75289000
1898     35575125.26744000
1899     35688419.28319000
1900     35802044.67730000
1901     35916002.32906000
1902     36030293.11981000
1903     36144917.93300000
1904     36259877.65416000
1905     36375173.17091000
1906     36490805.37300000
1907     36606775.15227000
1908     36723083.40266000
1909     36839731.02026000
1910     36956718.90324000
1911     37074047.95191000
1912     37191719.06872000
1913     37309733.15825000
1914     37428091.12719000
1915     37546793.88442000
1916     37665842.34091000
1917     37785237.40983000
1918     37904980.00648000
1919     38025071.04832000
1920     38145511.45499000
1921     38266302.14828000
1922     38387444.05216000
1923     38508938.09278000
1924     38630785.19847000
1925     38752986.29975000
1926     38875542.32932000
1927     38998454.22210000
1928     39121722.91518000
1929     39245349.34787000
1930     39369334.46170000
1931     39493679.20039000
1932     39618384.50989000
1933     39743451.33839000
1934     39868880.63627000
1935     39994673.35617000
1936     40120830.45296000
1937     40247352.88375000
1938     40374241.60791000
1939     40501497.58703000
1940     40629121.78499000
1941     40757115.16789000
1942     40885478.70414000
1943     41014213.36439000
1944     41143320.12156000
1945     41272799.95087000
1946     41402653.82981000
1947     41532882.73815000
1948     41663487.65798000
1949     41794469.57366000
1950     41925829.47186000
1951     42057568.34156000
1952     42189687.17405000
1953     42322186.96294000
1954     42455068.70415000
1955     42588333.39593000
1956     42721982.03888000
1957     42856015.63590000
1958     42990435.19225000
1959     43125241.71554000
1960     43260436.21572000
1961     43396019.70510000
1962     43531993.19834000
1963     43668357.71247000
1964     43805114.26689000
1965     43942263.88337000
1966     44079807.58607000
1967     44217746.40151000
1968     44356081.35862000
1969     44494813.48872000
1970     44633943.82552000
1971     44773473.40513000
1972     44913403.26608000
1973     45053734.44930000
1974     45194467.99815000
1975     45335604.95841000
1976     45477146.37828000
1977     45619093.30840000
1978     45761446.80184000
1979     45904207.91411000
1980     46047377.70318000
1981     46190957.22947000
1982     46334947.55584000
1983     46479349.74763000
1984     46624164.87265000
1985     46769394.00117000
1986     46915038.20594000
1987     47061098.56219000
1988     47207576.14765000
1989     47354472.04252000
1990     47501787.32952000
1991     47649523.09386000
1992     47797680.42326000
1993     47946260.40796000
1994     48095264.14070000
1995     48244692.71676000
1996     48394547.23394000
1997     48544828.79258000
1998     48695538.49553000
1999     48846677.44823000
2000     48998246.75864000
2001     49150247.53727000
2002     49302680.89720000
2003     49455547.95407000
2004     49608849.82609000
2005     49762587.63404000
2006     49916762.50128000
2007     50071375.55376000
2008     50226427.92003000
2009     50381920.73120000
2010     50537855.12101000
2011     50694232.22581000
2012     50851053.18454000
2013     51008319.13876000
2014     51166031.23266000
2015     51324190.61305000
2016     51482798.42938000
2017     51641855.83372000
2018     51801363.98081000
2019     51961324.02801000
2020     52121737.13535000
2021     52282604.46551000
2022     52443927.18384000
2023     52605706.45835000
2024     52767943.45974000
2025     52930639.36137000
2026     53093795.33930000
2027     53257412.57227000
2028     53421492.24173000
2029     53586035.53183000
2030     53751043.62940000
2031     53916517.72401000
2032     54082459.00795000
2033     54248868.67621000
2034     54415747.92653000
2035     54583097.95938000
2036     54750919.97794000
2037     54919215.18819000
2038     55087984.79881000
2039     55257230.02126000
2040     55426952.06977000
2041     55597152.16131000
2042     55767831.51564000
2043     55938991.35530000
2044     56110632.90561000
2045     56282757.39467000
2046     56455366.05338000
2047     56628460.11545000
2048     56802040.81739000
2049     56976109.39851000
2050     57150667.10096000
2051     57325715.16968000
2052     57501254.85248000
2053     57677287.39997000
2054     57853814.06561000
2055     58030836.10571000
2056     58208354.77942000
2057     58386371.34876000
2058     58564887.07860000
2059     58743903.23670000
2060     58923421.09365000
2061     59103441.92297000
2062     59283967.00102000
2063     59464997.60710000
2064     59646535.02335000
2065     59828580.53485000
2066     60011135.42959000
2067     60194200.99844000
2068     60377778.53524000
2069     60561869.33670000
2070     60746474.70250000
2071     60931595.93524000
2072     61117234.34048000
2073     61303391.22670000
2074     61490067.90536000
2075     61677265.69087000
2076     61864985.90060000
2077     62053229.85491000
2078     62241998.87711000
2079     62431294.29352000
2080     62621117.43344000
2081     62811469.62916000
2082     63002352.21597000
2083     63193766.53219000
2084     63385713.91913000
2085     63578195.72112000
2086     63771213.28553000
2087     63964767.96274000
2088     64158861.10618000
2089     64353494.07234000
2090     64548668.22072000
2091     64744384.91391000
2092     64940645.51754000
2093     65137451.40031000
2094     65334803.93401000
2095     65532704.49349000
2096     65731154.45669000
2097     65930155.20464000
2098     66129708.12147000
2099     66329814.59443000
2100     66530476.01384000
2101     66731693.77317000
2102     66933469.26900000
2103     67135803.90104000
2104     67338699.07213999
2105     67542156.18826000
2106     67746176.65854999
2107     67950761.89527000
2108     68155913.31389000
2109     68361632.33299001
2110     68567920.37435000
2111     68774778.86293000
2112     68982209.22686000
2113     69190212.89748000
2114     69398791.30929001
2115     69607945.90003000
2116     69817678.11063001
2117     70027989.38524000
2118     70238881.17122000
2119     70450354.91917001
2120     70662412.08292000
2121     70875054.11953001
2122     71088282.48934001
2123     71302098.65589000
2124     71516504.08603001
2125     71731500.24982999
2126     71947088.62068000
2127     72163270.67520000
2128     72380047.89331999
2129     72597421.75827000
2130     72815393.75654000
2131     73033965.37797999
2132     73253138.11568999
2133     73472913.46613000
2134     73693292.92906000
2135     73914278.00758000
2136     74135870.20812000
2137     74358071.04046001
2138     74580882.01772000
2139     74804304.65638000
2140     75028340.47628000
2141     75252991.00063001
2142     75478257.75601000
2143     75704142.27240001
2144     75930646.08314000
2145     76157770.72499000
2146     76385517.73808999
2147     76613888.66599999
2148     76842885.05569001
2149     77072508.45756000
2150     77302760.42542000
2151     77533642.51654001
2152     77765156.29160000
2153     77997303.31475000
2154     78230085.15358999
2155     78463503.37918000
2156     78697559.56603999
2157     78932255.29218000
2158     79167592.13907000
2159     79403571.69168000
2160     79640195.53848000
2161     79877465.27143000
2162     80115382.48602000
2163     80353948.78121001
2164     80593165.75952999
2165     80833035.02700000
2166     81073558.19321001
2167     81314736.87127000
2168     81556572.67783999
2169     81799067.23314001
2170     82042222.16095001
2171     82286039.08863001
2172     82530519.64709000
2173     82775665.47085001
2174     83021478.19802000
2175     83267959.47028001
2176     83515110.93294001
2177     83762934.23491000
2178     84011431.02872001
2179     84260602.97052000
2180     84510451.72009000
2181     84760978.94087000
2182     85012186.29991999
2183     85264075.46795000
2184     85516648.11937000
2185     85769905.93220000
2186     86023850.58817001
2187     86278483.77269000
2188     86533807.17484000
2189     86789822.48740999
2190     87046531.40688001
2191     87303935.63345000
2192     87562036.87103000
2193     87820836.82725000
2194     88080337.21348999
2195     88340539.74483000
2196     88601446.14012000
2197     88863058.12197000
2198     89125377.41673000
2199     89388405.75452000
2200     89652144.86923000
2201     89916596.49856000
2202     90181762.38394000
2203     90447644.27066000
2204     90714243.90775999
2205     90981563.04810999
2206     91249603.44841000
2207     91518366.86916000
2208     91787855.07470000
2209     92058069.83322001
2210     92329012.91674000
2211     92600686.10112999
2212     92873091.16615000
2213     93146229.89538001
2214     93420104.07633001
2215     93694715.50034000
2216     93970065.96268000
2217     94246157.26250000
2218     94522991.20285000
2219     94800569.59070000
2220     95078894.23694000
2221     95357966.95637999
2222     95637789.56777000
2223     95918363.89381000
2224     96199691.76114000
2225     96481775.00035000
2226     96764615.44599999
2227     97048214.93662000
2228     97332575.31474000
2229     97617698.42685001
2230     97903586.12344000
2231     98190240.25901000
2232     98477662.69207001
2233     98765855.28513999
2234     99054819.90476000
2235     99344558.42151999
2236     99635072.71004000
2237     99926364.64899001
2238    100218436.12108999
2239    100511289.01312000
2240    100804925.21595000
2241    101099346.62450001
2242    101394555.13781001
2243    101690552.65898000
2244    101987341.09523000
2245    102284922.35789999
2246    102583298.36240999
2247    102882471.02834000
2248    103182442.27939001
2249    103483214.04340000
2250    103784788.25236000
2251    104087166.84241000
2252    104390351.75387000
2253    104694344.93120000
2254    104999148.32308000
2255    105304763.88234000
2256    105611193.56603000
2257    105918439.33539000
2258    106226503.15588000
2259    106535386.99717000
2260    106845092.83317000
2261    107155622.64201000
2262    107466978.40606999
2263    107779162.11197001
2264    108092175.75060999
2265    108406021.31715000
2266    108720700.81100000
2267    109036216.23588000
2268    109352569.59980001
2269    109669762.91505000
2270    109987798.19824000
2271    110306677.47030000
2272    110626402.75646999
2273    110946976.08633000
2274    111268399.49378000
2275    111590675.01711001
2276    111913804.69891000
2277    112237790.58618000
2278    112562634.73027000
2279    112888339.18691000
2280    113214906.01622000
2281    113542337.28272000
2282    113870635.05532999
2283    114199801.40738000
2284    114529838.41663000
2285    114860748.16526000
2286    115192532.73989999
2287    115525194.23160000
2288    115858734.73590000
2289    116193156.35277000
2290    116528461.18667001
2291    116864651.34653001
2292    117201728.94577999
2293    117539696.10231000
2294    117878554.93855999
2295    118218307.58146000
2296    118558956.16246000
2297    118900502.81753001
2298    119242949.68720999
2299    119586298.91654000
2300    119930552.65515999
2301    120275713.05723999
2302    120621782.28154001
2303    120968762.49139000
2304    121316655.85471000
2305    121665464.54402000
2306    122015190.73644000
2307    122365836.61371000
2308    122717404.36220001
2309    123069896.17288999
2310    123423314.24141000
2311    123777660.76804000
2312    124132937.95773000
2313    124489148.02006000
2314    124846293.16931000
2315    125204375.62445000
2316    125563397.60912000
2317    125923361.35167000
2318    126284269.08516000
2319    126646123.04736000
2320    127008925.48079000
2321    127372678.63266000
2322    127737384.75498000
2323    128103046.10445000
2324    128469664.94260000
2325    128837243.53567000
2326    129205784.15470000
2327    129575289.07554001
2328    129945760.57879999
2329    130317200.94993000
2330    130689612.47916000
2331    131062997.46156000
2332    131437358.19705001
2333    131812696.99034999
2334    132189016.15106000
2335    132566317.99364001
2336    132944604.83739001
2337    133323879.00652000
2338    133704142.83011000
2339    134085398.64212000
2340    134467648.78143999
2341    134850895.59187001
2342    135235141.42210001
2343    135620388.62579000
2344    136006639.56152001
2345    136393896.59281000
2346    136782162.08816001
2347    137171438.42102000
2348    137561727.96983001
2349    137953033.11800000
2350    138345356.25393999
2351    138738699.77107000
2352    139133066.06782001
2353    139528457.54763001
2354    139924876.61897999
2355    140322325.69540000
2356    140720807.19545001
2357    141120323.54277000
2358    141520877.16604000
2359    141922470.49904001
2360    142325105.98063001
2361    142728786.05478001
2362    143133513.17052001
2363    143539289.78205001
2364    143946118.34865999
2365    144354001.33478999
2366    144762941.20998999
2367    145172940.44902000
2368    145584001.53174001
2369    145996126.94321999
2370    146409319.17368999
2371    146823580.71858999
2372    147238914.07854000
2373    147655321.75937000
2374    148072806.27214000
2375    148491370.13313001
2376    148911015.86386001
2377    149331745.99107999
2378    149753563.04683000
2379    150176469.56838000
2380    150600468.09830001
2381    151025561.18443000
2382    151451751.37990999
2383    151879041.24318999
2384    152307433.33802000
2385    152736930.23348999
2386    153167534.50400999
2387    153599248.72933000
2388    154032075.49456999
2389    154466017.39019999
2390    154901077.01205000
2391    155337256.96136001
2392    155774559.84474000
2393    156212988.27419999
2394    156652544.86717999
2395    157093232.24652001
2396    157535053.04051000
2397    157978009.88284999
2398    158422105.41273001
2399    158867342.27476001
2400    159313723.11906001
2401    159761250.60119000
2402    160209927.38223001
2403    160659756.12875000
2404    161110739.51282001
2405    161562880.21204001
2406    162016180.90955001
2407    162470644.29398999
2408    162926273.05961001
2409    163383069.90615001
2410    163841037.53898001
2411    164300178.66902000
2412    164760496.01278001
2413    165221992.29238001
2414    165684670.23554000
2415    166148532.57560000
2416    166613582.05153999
2417    167079821.40797001
2418    167547253.39515999
2419    168015880.76903999
2420    168485706.29119000
2421    168956732.72889999
2422    169428962.85512999
2423    169902399.44854999
2424    170377045.29355001
2425    170852903.18022999
2426    171329975.90441999
2427    171808266.26769000
2428    172287777.07738999
2429    172768511.14660001
2430    173250471.29418999
2431    173733660.34481001
2432    174218081.12891001
2433    174703736.48274001
2434    175190629.24834999
2435    175678762.27364999
2436    176168138.41235000
2437    176658760.52404001
2438    177150631.47413000
2439    177643754.13393000
2440    178138131.38060999
2441    178633766.09722000
2442    179130661.17275000
2443    179628819.50204000
2444    180128243.98590001
2445    180628937.53105000
2446    181130903.05015001
2447    181634143.46180999
2448    182138661.69062001
2449    182644460.66711000
2450    183151543.32782999
2451    183659912.61530000
2452    184169571.47806001
2453    184680522.87064999
2454    185192769.75365001
2455    185706315.09367001
2456    186221161.86338001
2457    186737313.04150000
2458    187254771.61280999
2459    187773540.56817999
2460    188293622.90458000
2461    188815021.62507001
2462    189337739.73883000
2463    189861780.26115000
2464    190387146.21348000
2465    190913840.62338999
2466    191441866.52461001
2467    191971226.95706999
2468    192501924.96684000
2469    193033963.60619000
2470    193567345.93358999
2471    194102075.01374000
2472    194638153.91754001
2473    195175585.72214001
2474    195714373.51091000
2475    196254520.37349999
2476    196796029.40583000
2477    197338903.71007001
2478    197883146.39469999
2479    198428760.57449999
2480    198975749.37055999
2481    199524115.91029000
2482    200073863.32742000
2483    200624994.76205999
2484    201177513.36063999
2485    201731422.27598000
2486    202286724.66727000
2487    202843423.70010000
2488    203401522.54642999
2489    203961024.38468000
2490    204521932.39965001
2491    205084249.78261000
2492    205647979.73126000
2493    206213125.44975001
2494    206779690.14871001
2495    207347677.04526001
2496    207917089.36298999
2497    208487930.33202001
2498    209060203.18897000
2499    209633911.17697001
2500    210209057.54572999
2501    210785645.55147001
2502    211363678.45699000
2503    211943159.53167000
2504    212524092.05145001
2505    213106479.29890001
2506    213690324.56316000
2507    214275631.14002001
2508    214862402.33188000
2509    215450641.44780001
2510    216040351.80348000
2511    216631536.72128999
2512    217224199.53029001
2513    217818343.56621000
2514    218413972.17149001
2515    219011088.69529000
2516    219609696.49348000
2517    220209798.92866999
2518    220811399.37024000
2519    221414501.19430000
2520    222019107.78374001
2521    222625222.52825001
2522    223232848.82429999
2523    223841990.07517001
2524    224452649.69097000
2525    225064831.08862001
2526    225678537.69191000
2527    226293772.93147001
2528    226910540.24478999
2529    227528843.07626000
2530    228148684.87715000
2531    228770069.10563001
2532    229392999.22679999
2533    230017478.71266001
2534    230643511.04218999
2535    231271099.70129001
2536    231900248.18283999
2537    232530959.98668000
2538    233163238.61965001
2539    233797087.59560001
2540    234432510.43538001
2541    235069510.66687000
2542    235708091.82497999
2543    236348257.45168000
2544    236990011.09599000
2545    237633356.31402001
2546    238278296.66894999
2547    238924835.73107001
2548    239572977.07778999
2549    240222724.29361001
2550    240874080.97020999
2551    241527050.70638001
2552    242181637.10810000
2553    242837843.78850001
2554    243495674.36791000
2555    244155132.47386000
2556    244816221.74109000
2557    245478945.81154999
2558    246143308.33443001
2559    246809312.96619001
2560    247476963.37053001
2561    248146263.21842000
2562    248817216.18812999
2563    249489825.96522999
2564    250164096.24258000
2565    250840030.72040001
2566    251517633.10622001
2567    252196907.11491999
2568    252877856.46875000
2569    253560484.89732999
2570    254244796.13769001
2571    254930793.93423000
2572    255618482.03878000
2573    256307864.21059000
2574    256998944.21634999
2575    257691725.83021000
2576    258386212.83377001
2577    259082409.01613000
2578    259780318.17386001
2579    260479944.11105001
2580    261181290.63927999
2581    261884361.57769001
2582    262589160.75296000
2583    263295691.99928999
2584    264003959.15849999
2585    264713966.07995999
2586    265425716.62064001
2587    266139214.64511999
2588    266854464.02559999
2589    267571468.64190999
2590    268290232.38155001
2591    269010759.13963997
2592    269733052.81901002
2593    270457117.33016998
2594    271182956.59131002
2595    271910574.52835000
2596    272639975.07494003
2597    273371162.17246002
2598    274104139.77004999
2599    274838911.82460999
2600    275575482.30083001
2601    276313855.17118001
2602    277054034.41595000
2603    277796024.02323997
2604    278539827.98900002
2605    279285450.31699002
2606    280032895.01888001
2607    280782166.11418003
2608    281533267.63028997
2609    282286203.60251999
2610    283040978.07410002
2611    283797595.09618002
2612    284556058.72784001
2613    285316373.03614002
2614    286078542.09609002
2615    286842569.99068999
2616    287608460.81094003
2617    288376218.65583998
2618    289145847.63240999
2619    289917351.85573000
2620    290690735.44891000
2621    291466002.54313999
2622    292243157.27767003
2623    293022203.79984999
2624    293803146.26515001
2625    294585988.83714002
2626    295370735.68755001
2627    296157390.99621999
2628    296945958.95117998
2629    297736443.74862999
2630    298528849.59296000
2631    299323180.69676000
2632    300119441.28083998
2633    300917635.57424003
2634    301717767.81424999
2635    302519842.24641001
2636    303323863.12453997
2637    304129834.71074998
2638    304937761.27543998
2639    305747647.09736001
2640    306559496.46354997
2641    307373313.66939998
2642    308189103.01868999
2643    309006868.82353997
2644    309826615.40446001
2645    310648347.09039003
2646    311472068.21864998
2647    312297783.13502002
2648    313125496.19369000
2649    313955211.75734001
2650    314786934.19711000
2651    315620667.89262003
2652    316456417.23201001
2653    317294186.61192000
2654    318133980.43752003
2655    318975803.12255001
2656    319819659.08927000
2657    320665552.76854998
2658    321513488.59982002
2659    322363471.03113002
2660    323215504.51914001
2661    324069593.52915001
2662    324925742.53511000
2663    325783956.01959997
2664    326644238.47393000
2665    327506594.39804000
2666    328371028.30062997
2667    329237544.69907999
2668    330106148.11953002
2669    330976843.09684998
2670    331849634.17470002
2671    332724525.90548003
2672    333601522.85043001
2673    334480629.57957000
2674    335361850.67175001
2675    336245190.71464998
2676    337130654.30482000
2677    338018246.04767001
2678    338907970.55748999
2679    339799832.45748001
2680    340693836.37974000
2681    341589986.96530002
2682    342488288.86414999
2683    343388746.73521000
2684    344291365.24640000
2685    345196149.07462001
2686    346103102.90575999
2687    347012231.43474001
2688    347923539.36553001
2689    348837031.41112000
2690    349752712.29358000
2691    350670586.74405998
2692    351590659.50279999
2693    352512935.31915998
2694    353437418.95161003
2695    354364115.16777003
2696    355293028.74441999
2697    356224164.46749997
2698    357157527.13213998
2699    358093121.54268998
2700    359030952.51269001
2701    359971024.86493999
2702    360913343.43146002
2703    361857913.05355000
2704    362804738.58179998
2705    363753824.87607998
2706    364705176.80557001
2707    365658799.24879003
2708    366614697.09358001
2709    367572875.23716003
2710    368533338.58611000
2711    369496092.05641001
2712    370461140.57341999
2713    371428489.07195002
2714    372398142.49624002
2715    373370105.79996002
2716    374344383.94626999
2717    375320981.90780002
2718    376299904.66670001
2719    377281157.21460003
2720    378264744.55269998
2721    379250671.69171000
2722    380238943.65193999
2723    381229565.46324003
2724    382222542.16509002
2725    383217878.80655998
2726    384215580.44634998
2727    385215652.15280002
2728    386218099.00391001
2729    387222926.08736998
2730    388230138.50054002
2731    389239741.35048997
2732    390251739.75402999
2733    391266138.83770001
2734    392282943.73777997
2735    393302159.60034001
2736    394323791.58122998
2737    395347844.84612000
2738    396374324.57047999
2739    397403235.93962002
2740    398434584.14871001
2741    399468374.40279001
2742    400504611.91679001
2743    401543301.91552001
2744    402584449.63372999
2745    403628060.31611001
2746    404674139.21727997
2747    405722691.60184002
2748    406773722.74436998
2749    407827237.92947000
2750    408883242.45173001
2751    409941741.61579001
2752    411002740.73633999
2753    412066245.13814002
2754    413132260.15600997
2755    414200791.13492000
2756    415271843.42989999
2757    416345422.40616000
2758    417421533.43904001
2759    418500181.91404998
2760    419581373.22689003
2761    420665112.78346002
2762    421751405.99985999
2763    422840258.30247003
2764    423931675.12786001
2765    425025661.92293000
2766    426122224.14481997
2767    427221367.26099998
2768    428323096.74926001
2769    429427418.09770000
2770    430534336.80479997
2771    431643858.37940001
2772    432755988.34074003
2773    433870732.21846002
2774    434988095.55260003
2775    436108083.89367998
2776    437230702.80263001
2777    438355957.85089999
2778    439483854.62041003
2779    440614398.70358002
2780    441747595.70336002
2781    442883451.23325002
2782    444021970.91732001
2783    445163160.39019001
2784    446307025.29710001
2785    447453571.29387999
2786    448602804.04702002
2787    449754729.23361999
2788    450909352.54149002
2789    452066679.66905999
2790    453226716.32552999
2791    454389468.23076999
2792    455554941.11539000
2793    456723140.72078001
2794    457894072.79905999
2795    459067743.11317998
2796    460244157.43686002
2797    461423321.55466002
2798    462605241.26196998
2799    463789922.36505997
2800    464977370.68107003
2801    466167592.03799999
2802    467360592.27481002
2803    468556377.24137002
2804    469754952.79847997
2805    470956324.81792998
2806    472160499.18248999
2807    473367481.78592998
2808    474577278.53302002
2809    475789895.33960003
2810    477005338.13253999
2811    478223612.84978998
2812    479444725.44041002
2813    480668681.86453003
2814    481895488.09344000
2815    483125150.10957998
2816    484357673.90652001
2817    485593065.48904997
2818    486831330.87313002
2819    488072476.08596998
2820    489316507.16597998
2821    490563430.16285002
2822    491813251.13753998
2823    493065976.16229999
2824    494321611.32068998
2825    495580162.70760000
2826    496841636.42926002
2827    498106038.60328001
2828    499373375.35863000
2829    500643652.83570999
2830    501916877.18633002
2831    503193054.57372999
2832    504472191.17262000
2833    505754293.16917998
2834    507039366.76109999
2835    508327418.15755999
2836    509618453.57928997
2837    510912479.25856000
2838    512209501.43923002
2839    513509526.37672001
2840    514812560.33809000
2841    516118609.60200000
2842    517427680.45876002
2843    518739779.21034998
2844    520054912.17044997
2845    521373085.66439998
2846    522694306.02930999
2847    524018579.61398000
2848    525345912.77901000
2849    526676311.89674997
2850    528009783.35137999
2851    529346333.53885001
2852    530685968.86698002
2853    532028695.75544000
2854    533374520.63576001
2855    534723449.95135999
2856    536075490.15761000
2857    537430647.72175002
2858    538788929.12302995
2859    540150340.85263002
2860    541514889.41372001
2861    542882581.32150996
2862    544253423.10320997
2863    545627421.29806995
2864    547004582.45744002
2865    548384913.14472997
2866    549768419.93544996
2867    551155109.41725004
2868    552544988.18992996
2869    553938062.86543000
2870    555334340.06789994
2871    556733826.43367004
2872    558136528.61131001
2873    559542453.26161003
2874    560951607.05764997
2875    562363996.68478000
2876    563779628.84063995
2877    565198510.23520994
2878    566620647.59079003
2879    568046047.64207006
2880    569474717.13608003
2881    570906662.83229005
2882    572341891.50256002
2883    573780409.93122005
2884    575222224.91504002
2885    576667343.26327002
2886    578115771.79765999
2887    579567517.35248995
2888    581022586.77458000
2889    582480986.92330003
2890    583942724.67060995
2891    585407806.90105999
2892    586876240.51182997
2893    588348032.41272998
2894    589823189.52626002
2895    591301718.78757000
2896    592783627.14452004
2897    594268921.55770004
2898    595757609.00044000
2899    597249696.45881999
2900    598745190.93173003
2901    600244099.43081999
2902    601746428.98063004
2903    603252186.61846995
2904    604761379.39456999
2905    606274014.37202001
2906    607790098.62681997
2907    609309639.24792004
2908    610832643.33717000
2909    612359118.00942004
2910    613889070.39251995
2911    615422507.62730002
2912    616959436.86763000
2913    618499865.28043997
2914    620043800.04571998
2915    621591248.35657001
2916    623142217.41918004
2917    624696714.45289004
2918    626254746.69018996
2919    627816321.37673998
2920    629381445.77140999
2921    630950127.14628994
2922    632522372.78667998
2923    634098189.99117005
2924    635677586.07163000
2925    637260568.35320997
2926    638847144.17439997
2927    640437320.88704002
2928    642031105.85632002
2929    643628506.46081996
2930    645229530.09254003
2931    646834184.15690005
2932    648442476.07275999
2933    650054413.27248001
2934    651670003.20188999
2935    653289253.32034004
2936    654912171.10072005
2937    656538764.02946997
2938    658169039.60662997
2939    659803005.34581006
2940    661440668.77426004
2941    663082037.43288004
2942    664727118.87620997
2943    666375920.67252004
2944    668028450.40373003
2945    669684715.66552997
2946    671344724.06737006
2947    673008483.23243999
2948    674676000.79776001
2949    676347284.41411996
2950    678022341.74620998
2951    679701180.47253001
2952    681383808.28549004
2953    683070232.89139998
2954    684760462.01048994
2955    686454503.37693000
2956    688152364.73889005
2957    689854053.85851002
2958    691559578.51194000
2959    693268946.48939002
2960    694982165.59511006
2961    696699243.64742994
2962    698420188.47880006
2963    700145007.93578005
2964    701873709.87908006
2965    703606302.18358004
2966    705342792.73836994
2967    707083189.44672000
2968    708827500.22616005
2969    710575733.00848997
2970    712327895.73975003
2971    714083996.38033998
2972    715844042.90493000
2973    717608043.30259001
2974    719376005.57672000
2975    721147937.74513996
2976    722923847.84008002
2977    724703743.90821004
2978    726487634.01065004
2979    728275526.22301996
2980    730067428.63546002
2981    731863349.35258996
2982    733663296.49364996
2983    735467278.19238997
2984    737275302.59721994
2985    739087377.87111998
2986    740903512.19175005
2987    742723713.75141001
2988    744547990.75712001
2989    746376351.43058002
2990    748208804.00826001
2991    750045356.74135995
2992    751886017.89589000
2993    753730795.75264001
2994    755579698.60723996
2995    757432734.77016997
2996    759289912.56680000
2997    761151240.33737004
2998    763016726.43707001
2999    764886379.23600996
3000    766760207.11928999
3001    768638218.48698997
3002    770520421.75419998
3003    772406825.35106003
3004    774297437.72276998
3005    776192267.32960999
3006    778091322.64697003
3007    779994612.16536999
3008    781902144.39049995
3009    783813927.84322000
3010    785729971.05957997
3011    787650282.59088004
3012    789574871.00366998
3013    791503744.87974000
3014    793436912.81623006
3015    795374383.42556000
3016    797316165.33551002
3017    799262267.18923998
3018    801212697.64529002
3019    803167465.37761998
3020    805126579.07563996
3021    807090047.44421995
3022    809057879.20370996
3023    811030083.08999002
3024    813006667.85446000
3025    814987642.26410997
3026    816973015.10148001
3027    818962795.16473997
3028    820956991.26769996
3029    822955612.23982000
3030    824958666.92622995
3031    826966164.18780994
3032    828978112.90111005
3033    830994521.95848000
3034    833015400.26804996
3035    835040756.75373006
3036    837070600.35528004
3037    839104940.02829003
3038    841143784.74426997
3039    843187143.49058998
3040    845235025.27057004
3041    847287439.10346997
3042    849344394.02453995
3043    851405899.08502996
3044    853471963.35220003
3045    855542595.90937996
3046    857617805.85596001
3047    859697602.30745006
3048    861781994.39546001
3049    863870991.26777995
3050    865964602.08835006
3051    868062836.03731000
3052    870165702.31105006
3053    872273210.12219000
3054    874385368.69963002
3055    876502187.28857005
3056    878623675.15053999
3057    880749841.56341004
3058    882880695.82143998
3059    885016247.23528004
3060    887156505.13200998
3061    889301478.85516000
3062    891451177.76473999
3063    893605611.23725998
3064    895764788.66577005
3065    897928719.45984006
3066    900097413.04566002
3067    902270878.86600006
3068    904449126.38024998
3069    906632165.06448996
3070    908820004.41146004
3071    911012653.93058002
3072    913210123.14805996
3073    915412421.60680997
3074    917619558.86658001
3075    919831544.50387001
3076    922048388.11205006
3077    924270099.30136001
3078    926496687.69889998
3079    928728162.94869006
3080    930964534.71169996
3081    933205812.66586006
3082    935452006.50608003
3083    937703125.94430006
3084    939959180.70948994
3085    942220180.54770005
3086    944486135.22207999
3087    946757054.51286995
3088    949032948.21748996
3089    951313826.15051997
3090    953599698.14374995
3091    955890574.04618001
3092    958186463.72406006
3093    960487377.06095004
3094    962793323.95766997
3095    965104314.33241999
3096    967420358.12071002
3097    969741465.27547002
3098    972067645.76703000
3099    974398909.58316004
3100    976735266.72906995
3101    979076727.22749996
3102    981423301.11869001
3103    983774998.46041000
3104    986131829.32802999
3105    988493803.81448996
3106    990860932.03038001
3107    993233224.10391998
3108    995610690.18101001
3109    997993340.42527997
3110   1000381185.01805997
3111   1002774234.15846002
3112   1005172498.06336999
3113   1007575986.96748996
3114   1009984711.12337995
3115   1012398680.80142999
3116   1014817906.28996003
3117   1017242397.89519000
3118   1019672165.94131005
3119   1022107220.77047002
3120   1024547572.74282002
3121   1026993232.23657000
3122   1029444209.64794004
3123   1031900515.39128995
3124   1034362159.89905000
3125   1036829153.62181997
3126   1039301507.02835000
3127   1041779230.60560000
3128   1044262334.85873997
3129   1046750830.31121004
3130   1049244727.50469995
3131   1051744036.99924004
3132   1054248769.37317002
3133   1056758935.22319996
3134   1059274545.16443002
3135   1061795609.83037996
3136   1064322139.87301004
3137   1066854145.96276999
3138   1069391638.78857994
3139   1071934629.05792999
3140   1074483127.49682999
3141   1077037144.84990001
3142   1079596691.88036990
3143   1082161779.37009001
3144   1084732418.11962008
3145   1087308618.94816995
3146   1089890392.69373012
3147   1092477750.21301007
3148   1095070702.38148999
3149   1097669260.09350991
3150   1100273434.26220989
3151   1102883235.81960011
3152   1105498675.71661997
3153   1108119764.92308998
3154   1110746514.42781997
3155   1113378935.23859000
3156   1116017038.38217998
3157   1118660834.90441990
3158   1121310335.87020993
3159   1123965552.36354995
3160   1126626495.48756003
3161   1129293176.36450005
3162   1131965606.13584995
3163   1134643795.96226001
3164   1137327757.02365994
3165   1140017500.51922989
3166   1142713037.66743994
3167   1145414379.70611000
3168   1148121537.89240003
3169   1150834523.50286007
3170   1153553347.83347011
3171   1156278022.19964004
3172   1159008557.93624997
3173   1161744966.39770007
3174   1164487258.95790005
3175   1167235447.01034999
3176   1169989541.96811008
3177   1172749555.26388001
3178   1175515498.35000992
3179   1178287382.69851995
3180   1181065219.80114007
3181   1183849021.16934991
3182   1186638798.33438993
3183   1189434562.84729004
3184   1192236326.27890992
3185   1195044100.21999002
3186   1197857896.28112006
3187   1200677726.09282994
3188   1203503601.30558991
3189   1206335533.58985996
3190   1209173534.63607001
3191   1212017616.15472007
3192   1214867789.87635994
3193   1217724067.55164003
3194   1220586460.95133996
3195   1223454981.86638999
3196   1226329642.10790992
3197   1229210453.50723004
3198   1232097427.91593003
3199   1234990577.20585990
3200   1237889913.26921010
3201   1240795448.01845002
3202   1243707193.38646007
3203   1246625161.32650995
3204   1249549363.81228995
3205   1252479812.83796000
3206   1255416520.41814995
3207   1258359498.58804011
3208   1261308759.40333009
3209   1264264314.94031000
3210   1267226177.29590011
3211   1270194358.58763003
3212   1273168870.95373988
3213   1276149726.55313993
3214   1279136937.56550002
3215   1282130516.19124007
3216   1285130474.65158010
3217   1288136825.18857002
3218   1291149580.06510997
3219   1294168751.56501007
3220   1297194351.99298000
3221   1300226393.67467999
3222   1303264888.95677996
3223   1306309850.20691991
3224   1309361289.81382990
3225   1312419220.18728995
3226   1315483653.75817990
3227   1318554602.97853994
3228   1321632080.32157993
3229   1324716098.28168988
3230   1327806669.37452006
3231   1330903806.13695002
3232   1334007521.12719989
3233   1337117826.92477012
3234   1340234736.13056993
3235   1343358261.36684990
3236   1346488415.27730989
3237   1349625210.52712011
3238   1352768659.80289006
3239   1355918775.81278992
3240   1359075571.28652000
3241   1362239058.97536993
3242   1365409251.65223002
3243   1368586162.11163998
3244   1371769803.16983008
3245   1374960187.66473007
3246   1378157328.45601010
3247   1381361238.42511010
3248   1384571930.47529006
3249   1387789417.53163004
3250   1391013712.54110003
3251   1394244828.47254992
3252   1397482778.31678009
3253   1400727575.08656001
3254   1403979231.81663990
3255   1407237761.56381989
3256   1410503177.40696001
3257   1413775492.44703007
3258   1417054719.80709004
3259   1420340872.63241005
3260   1423633964.09040999
3261   1426934007.37079000
3262   1430241015.68545008
3263   1433555002.26864004
3264   1436875980.37688994
3265   1440203963.28911996
3266   1443538964.30661988
3267   1446880996.75311995
3268   1450230073.97480011
3269   1453586209.34033990
3270   1456949416.24092007
3271   1460319708.09031010
3272   1463697098.32484007
3273   1467081600.40348005
3274   1470473227.80784011
3275   1473871994.04224992
3276   1477277912.63372993
3277   1480690997.13208008
3278   1484111261.10987997
3279   1487538718.16250992
3280   1490973381.90826011
3281   1494415265.98827004
3282   1497864384.06660008
3283   1501320749.83028007
3284   1504784376.98936009
3285   1508255279.27684999
3286   1511733470.44885993
3287   1515218964.28461003
3288   1518711774.58639002
3289   1522211915.17970991
3290   1525719399.91321993
3291   1529234242.65882993
3292   1532756457.31171989
3293   1536286057.79031992
3294   1539823058.03643990
3295   1543367472.01521993
3296   1546919313.71522999
3297   1550478597.14843011
3298   1554045336.35028005
3299   1557619545.37971997
3300   1561201238.31925011
3301   1564790429.27490997
3302   1568387132.37635994
3303   1571991361.77691007
3304   1575603131.65350008
3305   1579222456.20683002
3306   1582849349.66129994
3307   1586483826.26512003
3308   1590125900.29028010
3309   1593775586.03262997
3310   1597432897.81190991
3311   1601097849.97177005
3312   1604770456.87979007
3313   1608450732.92756009
3314   1612138692.53067994
3315   1615834350.12879992
3316   1619537720.18567991
3317   1623248817.18917990
3318   1626967655.65132999
3319   1630694250.10837007
3320   1634428615.12073994
3321   1638170765.27316999
3322   1641920715.17467999
3323   1645678479.45864010
3324   1649444072.78275990
3325   1653217509.82920003
3326   1656998805.30452991
3327   1660787973.93982005
3328   1664585030.49061990
3329   1668389989.73707008
3330   1672202866.48387003
3331   1676023675.56033993
3332   1679852431.82047009
3333   1683689150.14294004
3334   1687533845.43113995
3335   1691386532.61324000
3336   1695247226.64219999
3337   1699115942.49583006
3338   1702992695.17679000
3339   1706877499.71267009
3340   1710770371.15598989
3341   1714671324.58424997
3342   1718580375.09996009
3343   1722497537.83068991
3344   1726422827.92911005
3345   1730356260.57298994
3346   1734297850.96527004
3347   1738247614.33411002
3348   1742205565.93285990
3349   1746171721.04016995
3350   1750146094.96000004
3351   1754128703.02162004
3352   1758119560.57973003
3353   1762118683.01438999
3354   1766126085.73116994
3355   1770141784.16108990
3356   1774165793.76069999
3357   1778198130.01213002
3358   1782238808.42308998
3359   1786287844.52695990
3360   1790345253.88276005
3361   1794411052.07523990
3362   1798485254.71487999
3363   1802567877.43797994
3364   1806658935.90662003
3365   1810758445.80875993
3366   1814866422.85827994
3367   1818982882.79495001
3368   1823107841.38453007
3369   1827241314.41880989
3370   1831383317.71559000
3371   1835533867.11878991
3372   1839692978.49842000
3373   1843860667.75065994
3374   1848036950.79789996
3375   1852221843.58874989
3376   1856415362.09808993
3377   1860617522.32711005
3378   1864828340.30335999
3379   1869047832.08077002
3380   1873276013.73968005
3381   1877512901.38690996
3382   1881758511.15576005
3383   1886012859.20607996
3384   1890275961.72429991
3385   1894547834.92344999
3386   1898828495.04322004
3387   1903117958.34998012
3388   1907416241.13684011
3389   1911723359.72367001
3390   1916039330.45713997
3391   1920364169.71076989
3392   1924697893.88496995
3393   1929040519.40704012
3394   1933392062.73127007
3395   1937752540.33893991
3396   1942121968.73833990
3397   1946500364.46487999
3398   1950887744.08103991
3399   1955284124.17647004
3400   1959689521.36801004
3401   1964103952.29974008
3402   1968527433.64299011
3403   1972959982.09640002
3404   1977401614.38597012
3405   1981852347.26507998
3406   1986312197.51451993
3407   1990781181.94255996
3408   1995259317.38496995
3409   1999746620.70506001
3410   2004243108.79373002
3411   2008748798.56946993
3412   2013263706.97847009
3413   2017787850.99460006
3414   2022321247.61946011
3415   2026863913.88246012
3416   2031415866.84080005
3417   2035977123.57953000
3418   2040547701.21163988
3419   2045127616.87800002
3420   2049716887.74751997
3421   2054315531.01708007
3422   2058923563.91161990
3423   2063541003.68421006
3424   2068167867.61601996
3425   2072804173.01641989
3426   2077449937.22298002
3427   2082105177.60153008
3428   2086769911.54622006
3429   2091444156.47951007
3430   2096127929.85224009
3431   2100821249.14368010
3432   2105524131.86156011
3433   2110236595.54207993
3434   2114958657.75002003
3435   2119690336.07871008
3436   2124431648.15012002
3437   2129182611.61485004
3438   2133943244.15225005
3439   2138713563.47035003
3440   2143493587.30602002
3441   2148283333.42493010
3442   2153082819.62160015
3443   2157892063.71947002
3444   2162711083.57094002
3445   2167539897.05738020
3446   2172378522.08919001
3447   2177226976.60582018
3448   2182085278.57588005
3449   2186953445.99709988
3450   2191831496.89638996
3451   2196719449.32990980
3452   2201617321.38312006
3453   2206525131.17074013
3454   2211442896.83690977
3455   2216370636.55513000
3456   2221308368.52835989
3457   2226256110.98901987
3458   2231213882.19907999
3459   2236181700.45006990
3460   2241159584.06311989
3461   2246147551.38901997
3462   2251145620.80823994
3463   2256153810.73100996
3464   2261172139.59729004
3465   2266200625.87690020
3466   2271239288.06950998
3467   2276288144.70466995
3468   2281347214.34188986
3469   2286416515.57069016
3470   2291496067.01056004
3471   2296585887.31113005
3472   2301685995.15208006
3473   2306796409.24328995
3474   2311917148.32481003
3475   2317048231.16695023
3476   2322189676.57030010
3477   2327341503.36575985
3478   2332503730.41460991
3479   2337676376.60854006
3480   2342859460.86970997
3481   2348053002.15073013
3482   2353257019.43481016
3483   2358471531.73569012
3484   2363696558.09777021
3485   2368932117.59608984
3486   2374178229.33644009
3487   2379434912.45530987
3488   2384702186.12004995
3489   2389980069.52880001
3490   2395268581.91061020
3491   2400567742.52545977
3492   2405877570.66427994
3493   2411198085.64902020
3494   2416529306.83270979
3495   2421871253.59946012
3496   2427223945.36453009
3497   2432587401.57435989
3498   2437961641.70664978
3499   2443346685.27033997
3500   2448742551.80570984
