   1           13.00330000
   2           35.01147000
   3           63.29221000
   4           96.66997000
   5          134.45877000
   6          176.19341000
   7          221.53110000
   8          270.20578000
   9          322.00284000
  10          376.74469000
  11          434.28101000
  12          494.48257000
  13          557.23621000
  14          622.44275000
  15          690.01324000
  16          759.86823000
  17          831.93536000
  18          906.14887000
  19          982.44898000
  20         1060.78027000
  21         1141.09180000
  22         1223.33569000
  23         1307.46826000
  24         1393.44800000
  25         1481.23633000
  26         1570.79712000
  27         1662.09607000
  28         1755.10083000
  29         1849.78137000
  30         1946.10791000
  31         2044.05396000
  32         2143.59253000
  33         2244.69946000
  34         2347.35034000
  35         2451.52319000
  36         2557.19531000
  37         2664.34692000
  38         2772.95777000
  39         2883.00806000
  40         2994.48023000
  41         3107.35669000
  42         3221.61915000
  43         3337.25221000
  44         3454.24001000
  45         3572.56718000
  46         3692.21832000
  47         3813.17978000
  48         3935.43691000
  49         4058.97701000
  50         4183.78643000
  51         4309.85395000
  52         4437.16517000
  53         4565.71131000
  54         4695.47678000
  55         4826.45330000
  56         4958.63015000
  57         5091.99321000
  58         5226.53715000
  59         5362.24886000
  60         5499.11910000
  61         5637.13966000
  62         5776.29939000
  63         5916.58961000
  64         6058.00262000
  65         6200.52831000
  66         6344.16049000
  67         6488.89007000
  68         6634.70894000
  69         6781.60905000
  70         6929.58430000
  71         7078.62522000
  72         7228.72629000
  73         7379.88102000
  74         7532.08056000
  75         7685.32143000
  76         7839.59533000
  77         7994.89646000
  78         8151.21760000
  79         8308.55742000
  80         8466.90491000
  81         8626.25691000
  82         8786.60740000
  83         8947.95141000
  84         9110.28596000
  85         9273.60720000
  86         9437.90448000
  87         9603.18091000
  88         9769.42602000
  89         9936.64014000
  90        10104.81686000
  91        10273.95276000
  92        10444.04649000
  93        10615.08993000
  94        10787.08677000
  95        10960.02713000
  96        11133.91391000
  97        11308.74035000
  98        11484.50758000
  99        11661.20903000
 100        11838.84508000
 101        12017.41423000
 102        12196.91216000
 103        12377.34151000
 104        12558.69329000
 105        12740.97520000
 106        12924.18337000
 107        13108.30912000
 108        13293.36441000
 109        13479.33588000
 110        13666.23183000
 111        13854.04790000
 112        14042.78771000
 113        14232.44910000
 114        14423.03102000
 115        14614.53445000
 116        14806.95857000
 117        15000.30948000
 118        15194.57972000
 119        15389.77954000
 120        15585.89875000
 121        15782.95077000
 122        15980.92954000
 123        16179.83696000
 124        16379.67794000
 125        16580.44776000
 126        16782.15840000
 127        16984.80338000
 128        17188.39198000
 129        17392.92184000
 130        17598.39461000
 131        17804.81794000
 132        18012.18781000
 133        18220.51012000
 134        18429.79281000
 135        18640.03414000
 136        18851.24227000
 137        19063.41367000
 138        19276.55868000
 139        19490.67004000
 140        19705.76809000
 141        19921.84183000
 142        20138.90394000
 143        20356.95737000
 144        20576.00319000
 145        20796.05238000
 146        21017.10423000
 147        21239.16403000
 148        21462.23712000
 149        21686.33093000
 150        21911.44903000
 151        22137.59309000
 152        22364.77276000
 153        22592.99186000
 154        22822.25428000
 155        23052.56795000
 156        23283.93890000
 157        23516.37718000
 158        23749.87517000
 159        23984.45294000
 160        24220.10895000
 161        24456.84960000
 162        24694.68730000
 163        24933.62073000
 164        25173.66440000
 165        25414.81318000
 166        25657.08569000
 167        25900.48087000
 168        26145.01156000
 169        26390.67683000
 170        26637.49560000
 171        26885.46111000
 172        27134.59244000
 173        27384.88889000
 174        27636.36372000
 175        27889.01833000
 176        28142.86016000
 177        28397.90662000
 178        28654.15732000
 179        28911.61787000
 180        29170.30191000
 181        29430.21119000
 182        29691.35945000
 183        29953.75255000
 184        30217.39839000
 185        30482.30291000
 186        30748.48010000
 187        31015.93404000
 188        31284.67882000
 189        31554.70862000
 190        31826.04965000
 191        32098.69618000
 192        32372.66252000
 193        32647.96507000
 194        32924.59420000
 195        33202.57442000
 196        33481.91225000
 197        33762.61426000
 198        34044.69108000
 199        34328.14129000
 200        34612.99174000
 201        34899.24112000
 202        35186.89621000
 203        35475.97192000
 204        35766.47512000
 205        36058.42083000
 206        36351.81604000
 207        36646.65557000
 208        36942.96676000
 209        37240.76075000
 210        37540.03658000
 211        37840.81363000
 212        38143.09097000
 213        38446.87587000
 214        38752.20008000
 215        39059.04648000
 216        39367.44695000
 217        39677.40484000
 218        39988.91945000
 219        40302.01055000
 220        40616.69389000
 221        40932.97709000
 222        41250.85545000
 223        41570.35306000
 224        41891.48175000
 225        42214.24517000
 226        42538.66759000
 227        42864.73209000
 228        43192.47129000
 229        43521.89725000
 230        43853.01379000
 231        44185.82474000
 232        44520.35056000
 233        44856.61177000
 234        45194.59988000
 235        45534.33965000
 236        45875.81845000
 237        46219.08614000
 238        46564.11765000
 239        46910.94631000
 240        47259.57208000
 241        47610.01173000
 242        47962.28204000
 243        48316.38729000
 244        48672.33175000
 245        49030.14077000
 246        49389.81028000
 247        49751.36996000
 248        50114.82425000
 249        50480.18182000
 250        50847.45140000
 251        51216.65869000
 252        51587.80403000
 253        51960.90474000
 254        52335.95694000
 255        52712.99080000
 256        53092.02383000
 257        53473.05225000
 258        53856.09789000
 259        54241.15701000
 260        54628.25582000
 261        55017.40348000
 262        55408.62638000
 263        55801.91227000
 264        56197.28331000
 265        56594.76609000
 266        56994.34404000
 267        57396.06114000
 268        57799.90087000
 269        58205.89867000
 270        58614.06411000
 271        59024.40240000
 272        59436.92748000
 273        59851.64461000
 274        60268.58967000
 275        60687.75054000
 276        61109.16762000
 277        61532.83322000
 278        61958.74837000
 279        62386.95810000
 280        62817.46801000
 281        63250.27483000
 282        63685.39738000
 283        64122.85900000
 284        64562.66092000
 285        65004.84438000
 286        65449.38404000
 287        65896.30788000
 288        66345.64401000
 289        66797.38490000
 290        67251.57672000
 291        67708.18956000
 292        68167.26524000
 293        68628.80977000
 294        69092.85172000
 295        69559.38365000
 296        70028.42520000
 297        70499.99607000
 298        70974.11154000
 299        71450.78692000
 300        71930.02847000
 301        72411.84249000
 302        72896.28091000
 303        73383.31361000
 304        73872.98359000
 305        74365.30192000
 306        74860.26132000
 307        75357.90968000
 308        75858.24444000
 309        76361.26755000
 310        76867.01802000
 311        77375.50258000
 312        77886.73725000
 313        78400.73813000
 314        78917.51203000
 315        79437.06110000
 316        79959.44831000
 317        80484.65261000
 318        81012.68091000
 319        81543.57781000
 320        82077.34100000
 321        82613.98698000
 322        83153.54181000
 323        83696.01270000
 324        84241.40687000
 325        84789.76006000
 326        85341.07963000
 327        85895.38249000
 328        86452.67604000
 329        87012.98685000
 330        87576.32241000
 331        88142.71910000
 332        88712.15563000
 333        89284.68778000
 334        89860.30395000
 335        90439.04085000
 336        91020.89657000
 337        91605.90804000
 338        92194.06363000
 339        92785.41023000
 340        93379.95582000
 341        93977.72800000
 342        94578.70539000
 343        95182.93529000
 344        95790.40610000
 345        96401.20496000
 346        97015.27097000
 347        97632.67177000
 348        98253.37597000
 349        98877.44157000
 350        99504.87701000
 351       100135.71077000
 352       100769.92130000
 353       101407.57727000
 354       102048.65719000
 355       102693.18978000
 356       103341.21401000
 357       103992.71845000
 358       104647.74223000
 359       105306.28408000
 360       105968.36296000
 361       106634.03882000
 362       107303.25939000
 363       107976.09499000
 364       108652.56505000
 365       109332.66847000
 366       110016.42470000
 367       110703.86360000
 368       111394.99448000
 369       112089.82664000
 370       112788.40058000
 371       113490.74666000
 372       114196.84309000
 373       114906.74118000
 374       115620.44006000
 375       116337.98087000
 376       117059.35229000
 377       117784.60619000
 378       118513.72068000
 379       119246.77972000
 380       119983.74024000
 381       120724.66533000
 382       121469.53305000
 383       122218.41753000
 384       122971.28615000
 385       123728.19193000
 386       124489.14515000
 387       125254.15608000
 388       126023.25663000
 389       126796.46804000
 390       127573.81164000
 391       128355.30882000
 392       129140.97016000
 393       129930.82811000
 394       130724.88240000
 395       131523.18762000
 396       132325.74363000
 397       133132.53914000
 398       133943.67340000
 399       134759.11321000
 400       135578.89175000
 401       136403.02007000
 402       137231.55391000
 403       138064.48220000
 404       138901.83856000
 405       139743.62302000
 406       140589.85810000
 407       141440.61159000
 408       142295.89516000
 409       143155.68635000
 410       144020.03071000
 411       144888.98552000
 412       145762.53981000
 413       146640.69383000
 414       147523.49373000
 415       148410.96289000
 416       149303.12481000
 417       150200.01463000
 418       151101.63290000
 419       152008.02658000
 420       152919.18462000
 421       153835.16589000
 422       154755.97107000
 423       155681.64774000
 424       156612.19666000
 425       157547.58309000
 426       158487.93742000
 427       159433.23701000
 428       160383.53018000
 429       161338.82983000
 430       162299.11300000
 431       163264.45218000
 432       164234.87237000
 433       165210.36262000
 434       166190.97201000
 435       167176.71367000
 436       168167.64922000
 437       169163.75567000
 438       170165.09493000
 439       171171.68049000
 440       172183.51364000
 441       173200.65682000
 442       174223.09919000
 443       175250.85427000
 444       176283.99738000
 445       177322.54247000
 446       178366.50348000
 447       179415.91923000
 448       180470.77882000
 449       181531.14620000
 450       182597.04813000
 451       183668.47377000
 452       184745.47504000
 453       185828.04099000
 454       186916.28718000
 455       188010.17767000
 456       189109.72694000
 457       190214.98775000
 458       191325.98765000
 459       192442.75427000
 460       193565.28964000
 461       194693.63430000
 462       195827.80320000
 463       196967.87609000
 464       198113.82935000
 465       199265.71715000
 466       200423.54176000
 467       201587.34460000
 468       202757.14108000
 469       203933.01240000
 470       205114.89521000
 471       206302.87092000
 472       207496.96851000
 473       208697.24367000
 474       209903.68580000
 475       211116.32413000
 476       212335.17459000
 477       213560.32026000
 478       214791.72366000
 479       216029.46829000
 480       217273.51643000
 481       218523.97914000
 482       219780.83232000
 483       221044.16059000
 484       222313.92610000
 485       223590.17273000
 486       224872.97215000
 487       226162.32760000
 488       227458.22830000
 489       228760.76026000
 490       230069.92674000
 491       231385.77266000
 492       232708.35719000
 493       234037.65581000
 494       235373.74192000
 495       236716.59083000
 496       238066.29042000
 497       239422.85845000
 498       240786.29845000
 499       242156.64226000
 500       243533.97895000
 501       244918.28379000
 502       246309.61769000
 503       247707.98444000
 504       249113.44534000
 505       250526.03320000
 506       251945.72294000
 507       253372.63441000
 508       254806.71354000
 509       256248.05167000
 510       257696.68223000
 511       259152.63880000
 512       260615.86665000
 513       262086.51711000
 514       263564.53547000
 515       265050.07420000
 516       266542.98923000
 517       268043.49321000
 518       269551.44133000
 519       271066.98741000
 520       272590.19630000
 521       274121.01251000
 522       275659.50084000
 523       277205.72655000
 524       278759.69447000
 525       280321.40923000
 526       281890.99770000
 527       283468.34233000
 528       285053.63183000
 529       286646.84067000
 530       288247.97374000
 531       289857.09777000
 532       291474.27998000
 533       293099.52567000
 534       294732.80863000
 535       296374.25899000
 536       298023.88219000
 537       299681.68348000
 538       301347.73115000
 539       303022.06227000
 540       304704.74584000
 541       306395.72380000
 542       308095.09708000
 543       309802.93535000
 544       311519.14803000
 545       313243.90122000
 546       314977.20088000
 547       316719.05280000
 548       318469.52755000
 549       320228.59842000
 550       321996.43423000
 551       323772.91041000
 552       325558.26227000
 553       327352.33192000
 554       329155.25690000
 555       330966.97713000
 556       332787.69746000
 557       334617.32476000
 558       336455.96511000
 559       338303.69197000
 560       340160.41127000
 561       342026.29720000
 562       343901.25527000
 563       345785.49458000
 564       347678.85251000
 565       349581.57320000
 566       351493.52735000
 567       353414.92658000
 568       355345.64094000
 569       357285.77993000
 570       359235.45394000
 571       361194.56642000
 572       363163.29739000
 573       365141.54982000
 574       367129.43492000
 575       369127.02980000
 576       371134.34184000
 577       373151.41343000
 578       375178.28710000
 579       377214.97010000
 580       379261.61160000
 581       381318.11266000
 582       383384.65878000
 583       385461.11471000
 584       387547.63084000
 585       389644.28683000
 586       391751.12678000
 587       393868.12248000
 588       395995.31775000
 589       398132.79300000
 590       400280.62921000
 591       402438.76136000
 592       404607.27032000
 593       406786.27444000
 594       408975.78216000
 595       411175.76459000
 596       413386.37804000
 597       415607.66840000
 598       417839.56959000
 599       420082.16439000
 600       422335.49855000
 601       424599.73108000
 602       426874.68223000
 603       429160.66265000
 604       431457.56800000
 605       433765.36860000
 606       436084.26351000
 607       438414.22363000
 608       440755.33450000
 609       443107.60517000
 610       445471.16040000
 611       447845.85455000
 612       450231.96777000
 613       452629.43200000
 614       455038.17800000
 615       457458.52767000
 616       459890.37344000
 617       462333.76396000
 618       464788.70849000
 619       467255.37470000
 620       469733.61349000
 621       472223.71259000
 622       474725.56248000
 623       477239.29276000
 624       479764.87316000
 625       482302.47445000
 626       484852.02613000
 627       487413.57826000
 628       489987.34389000
 629       492573.12989000
 630       495171.10897000
 631       497781.37331000
 632       500403.93339000
 633       503038.88198000
 634       505686.18829000
 635       508345.90380000
 636       511018.16349000
 637       513702.97816000
 638       516400.40021000
 639       519110.39820000
 640       521833.15058000
 641       524568.66840000
 642       527317.00480000
 643       530078.17062000
 644       532852.34685000
 645       535639.45972000
 646       538439.51988000
 647       541252.70963000
 648       544078.99740000
 649       546918.48050000
 650       549771.17022000
 651       552637.20799000
 652       555516.60561000
 653       558409.37457000
 654       561315.56992000
 655       564235.29086000
 656       567168.63730000
 657       570115.48869000
 658       573075.98878000
 659       576050.37156000
 660       579038.51627000
 661       582040.38982000
 662       585056.27241000
 663       588085.99694000
 664       591129.80018000
 665       594187.69481000
 666       597259.64781000
 667       600345.80742000
 668       603446.27746000
 669       606560.93354000
 670       609689.97080000
 671       612833.44803000
 672       615991.33180000
 673       619163.91214000
 674       622350.92440000
 675       625552.61294000
 676       628768.94409000
 677       632000.11763000
 678       635246.05316000
 679       638506.90455000
 680       641782.68515000
 681       645073.50276000
 682       648379.37088000
 683       651700.39802000
 684       655036.45434000
 685       658387.79167000
 686       661754.61618000
 687       665136.65353000
 688       668534.01271000
 689       671946.99757000
 690       675375.62299000
 691       678819.65952000
 692       682279.55973000
 693       685755.09374000
 694       689246.32385000
 695       692753.51003000
 696       696276.61769000
 697       699815.66096000
 698       703370.85282000
 699       706942.05857000
 700       710529.44197000
 701       714133.16813000
 702       717753.15167000
 703       721389.50777000
 704       725042.09906000
 705       728711.34503000
 706       732397.26180000
 707       736099.66066000
 708       739818.86278000
 709       743554.67842000
 710       747307.48225000
 711       751076.98049000
 712       754863.54962000
 713       758667.10180000
 714       762487.75629000
 715       766325.63317000
 716       770180.69595000
 717       774053.06502000
 718       777942.70329000
 719       781849.94313000
 720       785774.43020000
 721       789716.65719000
 722       793676.42793000
 723       797653.97169000
 724       801649.19769000
 725       805662.33661000
 726       809693.29717000
 727       813742.31147000
 728       817809.39641000
 729       821894.51403000
 730       825997.84387000
 731       830119.56703000
 732       834259.31645000
 733       838417.71241000
 734       842594.38677000
 735       846789.79811000
 736       851003.74250000
 737       855236.40341000
 738       859487.63026000
 739       863758.05537000
 740       868047.13651000
 741       872355.22717000
 742       876682.34486000
 743       881028.62018000
 744       885394.01391000
 745       889778.82818000
 746       894182.91009000
 747       898606.33398000
 748       903049.28956000
 749       907511.85265000
 750       911994.04141000
 751       916495.87355000
 752       921017.71588000
 753       925559.06254000
 754       930120.74870000
 755       934702.14960000
 756       939303.75226000
 757       943925.63500000
 758       948567.58004000
 759       953230.07978000
 760       957912.67775000
 761       962616.04761000
 762       967339.79079000
 763       972084.22512000
 764       976849.36988000
 765       981635.24391000
 766       986442.10828000
 767       991269.86135000
 768       996118.76578000
 769      1000988.53578000
 770      1005879.86363000
 771      1010792.03319000
 772      1015725.86268000
 773      1020680.94086000
 774      1025657.59617000
 775      1030655.84880000
 776      1035675.78094000
 777      1040717.66298000
 778      1045781.01388000
 779      1050866.60638000
 780      1055974.02099000
 781      1061103.65643000
 782      1066255.27982000
 783      1071429.10104000
 784      1076625.65132000
 785      1081844.12105000
 786      1087085.61939000
 787      1092349.33316000
 788      1097635.86178000
 789      1102945.03262000
 790      1108277.32078000
 791      1113632.16239000
 792      1119010.42567000
 793      1124411.41339000
 794      1129835.60402000
 795      1135283.34890000
 796      1140754.20839000
 797      1146248.79913000
 798      1151766.54584000
 799      1157308.06763000
 800      1162873.45439000
 801      1168462.39331000
 802      1174075.37549000
 803      1179712.35654000
 804      1185373.42630000
 805      1191058.26727000
 806      1196767.64769000
 807      1202501.52396000
 808      1208259.57704000
 809      1214042.30821000
 810      1219849.53449000
 811      1225681.20826000
 812      1231537.97393000
 813      1237419.64817000
 814      1243326.18422000
 815      1249257.67388000
 816      1255214.48978000
 817      1261196.44535000
 818      1267203.77433000
 819      1273236.57091000
 820      1279294.78761000
 821      1285378.66030000
 822      1291488.28403000
 823      1297623.61099000
 824      1303785.02274000
 825      1309972.32848000
 826      1316185.62321000
 827      1322425.00221000
 828      1328690.99681000
 829      1334983.26967000
 830      1341301.91697000
 831      1347647.18171000
 832      1354019.01498000
 833      1360417.66125000
 834      1366843.21915000
 835      1373295.78766000
 836      1379775.16875000
 837      1386281.90664000
 838      1392816.10253000
 839      1399377.10816000
 840      1405966.07149000
 841      1412582.04154000
 842      1419226.17296000
 843      1425897.66098000
 844      1432597.51615000
 845      1439324.77652000
 846      1446080.45723000
 847      1452864.20324000
 848      1459676.27014000
 849      1466516.29820000
 850      1473384.85141000
 851      1480282.18895000
 852      1487208.10505000
 853      1494163.01522000
 854      1501146.39937000
 855      1508159.30089000
 856      1515200.88445000
 857      1522271.88362000
 858      1529371.93075000
 859      1536501.12960000
 860      1543660.38086000
 861      1550848.99693000
 862      1558067.24277000
 863      1565315.38551000
 864      1572593.53330000
 865      1579901.47135000
 866      1587239.95404000
 867      1594608.11791000
 868      1602006.88198000
 869      1609436.35744000
 870      1616895.99993000
 871      1624386.73788000
 872      1631907.86032000
 873      1639460.30110000
 874      1647043.17926000
 875      1654657.76535000
 876      1662303.00799000
 877      1669980.01775000
 878      1677688.57475000
 879      1685428.11902000
 880      1693199.93957000
 881      1701003.30836000
 882      1708838.50637000
 883      1716705.81689000
 884      1724605.18404000
 885      1732536.55035000
 886      1740500.54351000
 887      1748496.93651000
 888      1756525.84408000
 889      1764587.55451000
 890      1772682.01106000
 891      1780809.67786000
 892      1788969.97533000
 893      1797163.71766000
 894      1805390.32197000
 895      1813650.43096000
 896      1821944.51706000
 897      1830271.63948000
 898      1838633.15587000
 899      1847027.94336000
 900      1855457.00994000
 901      1863919.76098000
 902      1872417.21183000
 903      1880948.58575000
 904      1889514.90393000
 905      1898115.56650000
 906      1906750.69296000
 907      1915420.95022000
 908      1924125.91456000
 909      1932866.44014000
 910      1941641.36672000
 911      1950452.10199000
 912      1959297.84903000
 913      1968179.84130000
 914      1977096.72078000
 915      1986050.09800000
 916      1995039.16849000
 917      2004064.05571000
 918      2013125.44798000
 919      2022222.90817000
 920      2031356.75007000
 921      2040527.10019000
 922      2049734.46612000
 923      2058978.40570000
 924      2068259.04496000
 925      2077577.08619000
 926      2086932.08347000
 927      2096324.74316000
 928      2105754.22955000
 929      2115222.02644000
 930      2124727.10196000
 931      2134270.16893000
 932      2143851.16381000
 933      2153469.62841000
 934      2163127.06787000
 935      2172822.43553000
 936      2182556.85067000
 937      2192329.25897000
 938      2202140.78440000
 939      2211991.16411000
 940      2221880.73219000
 941      2231808.82072000
 942      2241776.56657000
 943      2251783.90597000
 944      2261829.96267000
 945      2271916.69446000
 946      2282042.61561000
 947      2292208.87928000
 948      2302415.42083000
 949      2312661.96814000
 950      2322948.65711000
 951      2333275.62400000
 952      2343643.62740000
 953      2354052.39385000
 954      2364502.06258000
 955      2374992.56415000
 956      2385524.87546000
 957      2396097.67045000
 958      2406712.76968000
 959      2417368.62988000
 960      2428066.65784000
 961      2438806.78656000
 962      2449588.30721000
 963      2460413.06820000
 964      2471279.29156000
 965      2482188.18912000
 966      2493139.69108000
 967      2504133.94194000
 968      2515171.08661000
 969      2526251.48793000
 970      2537375.07533000
 971      2548541.33867000
 972      2559752.17402000
 973      2571005.53760000
 974      2582303.11190000
 975      2593644.60594000
 976      2605030.38984000
 977      2616459.94663000
 978      2627934.31415000
 979      2639452.52685000
 980      2651015.85095000
 981      2662623.99054000
 982      2674277.09638000
 983      2685975.31967000
 984      2697718.35816000
 985      2709507.49796000
 986      2721341.52799000
 987      2733222.19743000
 988      2745147.83128000
 989      2757119.03588000
 990      2769137.57717000
 991      2781201.76788000
 992      2793313.14988000
 993      2805470.48799000
 994      2817674.63251000
 995      2829925.50576000
 996      2842224.20150000
 997      2854569.94136000
 998      2866962.88106000
 999      2879403.41350000
1000      2891891.22247000
1001      2904427.17716000
1002      2917011.67775000
1003      2929644.17003000
1004      2942324.57228000
1005      2955054.00421000
1006      2967831.90690000
1007      2980658.44004000
1008      2993534.24928000
1009      3006459.01238000
1010      3019433.13448000
1011      3032457.02392000
1012      3045530.35572000
1013      3058653.29225000
1014      3071826.49008000
1015      3085049.62149000
1016      3098322.85018000
1017      3111647.08721000
1018      3125021.50485000
1019      3138447.26752000
1020      3151923.29176000
1021      3165450.74642000
1022      3179029.54969000
1023      3192659.36428000
1024      3206341.87870000
1025      3220075.23473000
1026      3233860.87078000
1027      3247698.44787000
1028      3261588.64867000
1029      3275530.87485000
1030      3289526.32707000
1031      3303573.88803000
1032      3317675.80133000
1033      3331829.12764000
1034      3346037.15858000
1035      3360297.98552000
1036      3374612.30209000
1037      3388981.07147000
1038      3403402.89034000
1039      3417880.57360000
1040      3432411.39169000
1041      3446997.10825000
1042      3461637.10277000
1043      3476332.88770000
1044      3491082.76989000
1045      3505888.53487000
1046      3520750.36712000
1047      3535666.28644000
1048      3550639.17435000
1049      3565667.31625000
1050      3580752.25193000
1051      3595893.34737000
1052      3611090.78328000
1053      3626345.29123000
1054      3641655.95365000
1055      3657024.05501000
1056      3672449.22759000
1057      3687932.48933000
1058      3703472.91470000
1059      3719071.24514000
1060      3734727.66763000
1061      3750441.80694000
1062      3766214.69278000
1063      3782045.66724000
1064      3797936.04942000
1065      3813884.89559000
1066      3829893.24688000
1067      3845960.72405000
1068      3862087.80265000
1069      3878273.81130000
1070      3894520.95396000
1071      3910827.40817000
1072      3927193.64989000
1073      3943621.32207000
1074      3960108.58466000
1075      3976657.37728000
1076      3993266.72698000
1077      4009938.29487000
1078      4026669.92557000
1079      4043464.16906000
1080      4060320.04398000
1081      4077237.44840000
1082      4094217.47010000
1083      4111259.71252000
1084      4128364.37258000
1085      4145531.64775000
1086      4162762.94165000
1087      4180056.34702000
1088      4197413.57080000
1089      4214834.81754000
1090      4232319.07338000
1091      4249867.14509000
1092      4267479.84666000
1093      4285156.77030000
1094      4302898.11823000
1095      4320705.02007000
1096      4338576.44755000
1097      4356512.91261000
1098      4374514.61964000
1099      4392582.08590000
1100      4410715.20621000
1101      4428915.12876000
1102      4447180.80814000
1103      4465513.08044000
1104      4483911.83923000
1105      4502376.34017000
1106      4520909.96801000
1107      4539509.43851000
1108      4558177.19193000
1109      4576911.84152000
1110      4595714.55861000
1111      4614585.55732000
1112      4633524.40506000
1113      4652532.93441000
1114      4671608.76588000
1115      4690755.03923000
1116      4709969.03739000
1117      4729254.24530000
1118      4748607.27577000
1119      4768030.31053000
1120      4787524.89190000
1121      4807087.93379000
1122      4826722.30091000
1123      4846427.21921000
1124      4866203.24187000
1125      4886050.25571000
1126      4905968.81689000
1127      4925958.47444000
1128      4946020.46080000
1129      4966154.32527000
1130      4986359.27045000
1131      5006638.57806000
1132      5026989.41262000
1133      5047413.70306000
1134      5067910.30517000
1135      5088481.16110000
1136      5109124.77774000
1137      5129842.41493000
1138      5150634.64973000
1139      5171500.67046000
1140      5192441.40079000
1141      5213456.72209000
1142      5234546.86361000
1143      5255712.05520000
1144      5276953.58631000
1145      5298269.57283000
1146      5319662.72218000
1147      5341130.43112000
1148      5362674.70512000
1149      5384296.49609000
1150      5405993.89415000
1151      5427770.72257000
1152      5449622.18708000
1153      5471552.11989000
1154      5493560.04091000
1155      5515645.82649000
1156      5537809.34967000
1157      5560051.57698000
1158      5582373.11680000
1159      5604772.00915000
1160      5627251.79928000
1161      5649810.15591000
1162      5672448.42607000
1163      5695166.48313000
1164      5717964.94221000
1165      5740842.92887000
1166      5763801.80453000
1167      5786841.81662000
1168      5809963.58979000
1169      5833165.48788000
1170      5856450.01962000
1171      5879816.30226000
1172      5903263.06084000
1173      5926794.72941000
1174      5950406.98622000
1175      5974102.75120000
1176      5997881.89586000
1177      6021744.28825000
1178      6045689.79293000
1179      6069719.04659000
1180      6093833.85730000
1181      6118030.98167000
1182      6142314.95837000
1183      6166682.14082000
1184      6191134.34382000
1185      6215672.21727000
1186      6240295.62565000
1187      6265005.61848000
1188      6289800.47356000
1189      6314683.22802000
1190      6339651.75736000
1191      6364707.91672000
1192      6389849.56378000
1193      6415080.57000000
1194      6440398.79117000
1195      6465803.67697000
1196      6491298.32138000
1197      6516880.15274000
1198      6542552.28147000
1199      6568311.71308000
1200      6594161.98136000
1201      6620100.48701000
1202      6646129.96117000
1203      6672248.61420000
1204      6698458.36594000
1205      6724757.82944000
1206      6751148.10122000
1207      6777630.28728000
1208      6804203.40840000
1209      6830868.99312000
1210      6857625.21458000
1211      6884475.71413000
1212      6911416.12470000
1213      6938450.94586000
1214      6965578.33787000
1215      6992799.42667000
1216      7020113.63625000
1217      7047520.81129000
1218      7075024.66429000
1219      7102620.74963000
1220      7130313.22163000
1221      7158098.90497000
1222      7185980.67505000
1223      7213958.38411000
1224      7242031.44345000
1225      7270201.44691000
1226      7298466.92731000
1227      7326829.48336000
1228      7355288.51992000
1229      7383845.20467000
1230      7412499.82727000
1231      7441250.45215000
1232      7470101.81649000
1233      7499048.85918000
1234      7528097.23272000
1235      7557242.74900000
1236      7586488.84187000
1237      7615833.09949000
1238      7645277.61686000
1239      7674822.69013000
1240      7704466.79274000
1241      7734214.77841000
1242      7764059.63504000
1243      7794008.97689000
1244      7824058.51882000
1245      7854211.31805000
1246      7884463.97846000
1247      7914821.42315000
1248      7945279.31429000
1249      7975842.60074000
1250      8006507.85769000
1251      8037277.25212000
1252      8068150.14889000
1253      8099128.73361000
1254      8130210.48359000
1255      8161397.58838000
1256      8192690.35665000
1257      8224088.14461000
1258      8255592.21067000
1259      8287200.94936000
1260      8318916.57874000
1261      8350739.41123000
1262      8382669.76002000
1263      8414706.97081000
1264      8446852.32151000
1265      8479104.18099000
1266      8511464.80195000
1267      8543935.47974000
1268      8576513.59698000
1269      8609201.42387000
1270      8641998.29364000
1271      8674904.51866000
1272      8707922.39444000
1273      8741050.26276000
1274      8774289.43464000
1275      8807638.23535000
1276      8841100.97943000
1277      8874673.99063000
1278      8908357.57883000
1279      8942155.08275000
1280      8976064.81330000
1281      9010088.10509000
1282      9044223.25225000
1283      9078473.62806000
1284      9112838.54810000
1285      9147317.31821000
1286      9181908.20658000
1287      9216616.67433000
1288      9251439.97133000
1289      9286377.38791000
1290      9321433.39707000
1291      9356604.18584000
1292      9391892.16249000
1293      9427295.57119000
1294      9462818.93114000
1295      9498457.33749000
1296      9534215.32457000
1297      9570090.06877000
1298      9606085.07570000
1299      9642199.63287000
1300      9678430.88634000
1301      9714783.42893000
1302      9751256.54239000
1303      9787848.42436000
1304      9824561.55798000
1305      9861396.29038000
1306      9898351.88726000
1307      9935428.68907000
1308      9972628.12489000
1309     10009949.45451000
1310     10047393.02079000
1311     10084960.26366000
1312     10122652.63509000
1313     10160466.08976000
1314     10198405.37572000
1315     10236467.53422000
1316     10274656.23570000
1317     10312968.50604000
1318     10351406.91832000
1319     10389970.71234000
1320     10428660.23914000
1321     10467478.10001000
1322     10506422.40972000
1323     10545494.65230000
1324     10584692.92403000
1325     10624019.84397000
1326     10663474.63767000
1327     10703058.80409000
1328     10742771.56466000
1329     10782615.57381000
1330     10822586.60499000
1331     10862689.61610000
1332     10902923.82907000
1333     10943283.81609000
1334     10983780.36854000
1335     11024406.90058000
1336     11065166.10500000
1337     11106056.01284000
1338     11147080.50508000
1339     11188235.25634000
1340     11229525.33883000
1341     11270951.13928000
1342     11312509.48555000
1343     11354200.73906000
1344     11396027.64734000
1345     11437991.78731000
1346     11480089.95407000
1347     11522324.91595000
1348     11564695.85205000
1349     11607203.13802000
1350     11649848.36133000
1351     11692631.90856000
1352     11735550.51593000
1353     11778609.42482000
1354     11821807.81051000
1355     11865144.83680000
1356     11908619.65599000
1357     11952238.80448000
1358     11995992.81737000
1359     12039890.71364000
1360     12083927.93881000
1361     12128106.11482000
1362     12172428.12535000
1363     12216891.87440000
1364     12261497.75089000
1365     12306244.88683000
1366     12351139.96817000
1367     12396173.31153000
1368     12441355.40981000
1369     12486679.07155000
1370     12532148.49306000
1371     12577765.35609000
1372     12623524.95539000
1373     12669432.80224000
1374     12715484.16741000
1375     12761685.87968000
1376     12808031.90239000
1377     12854529.09859000
1378     12901172.70063000
1379     12947964.40415000
1380     12994905.91877000
1381     13041995.03973000
1382     13089236.10072000
1383     13136626.89558000
1384     13184167.83147000
1385     13231859.31642000
1386     13279704.41144000
1387     13327698.22908000
1388     13375847.82352000
1389     13424145.62058000
1390     13472598.69964000
1391     13521204.80905000
1392     13569967.05555000
1393     13618881.82659000
1394     13667949.52853000
1395     13717177.34971000
1396     13766554.87237000
1397     13816092.01612000
1398     13865785.13263000
1399     13915633.27333000
1400     13965640.96990000
1401     14015803.15932000
1402     14066127.14569000
1403     14116609.23433000
1404     14167248.46429000
1405     14218048.03314000
1406     14269008.37923000
1407     14320125.74965000
1408     14371407.55791000
1409     14422848.64868000
1410     14474450.85121000
1411     14526216.00970000
1412     14578144.56846000
1413     14630234.13594000
1414     14682486.55927000
1415     14734903.70065000
1416     14787484.57935000
1417     14840231.06664000
1418     14893142.17670000
1419     14946216.91048000
1420     14999461.47205000
1421     15052869.10190000
1422     15106446.02399000
1423     15160188.34232000
1424     15214097.94937000
1425     15268178.21432000
1426     15322422.28197000
1427     15376840.84799000
1428     15431428.51694000
1429     15486182.78784000
1430     15541108.52881000
1431     15596207.68657000
1432     15651474.78958000
1433     15706916.23235000
1434     15762528.01018000
1435     15818315.06220000
1436     15874273.36369000
1437     15930401.85702000
1438     15986710.03341000
1439     16043187.80945000
1440     16099846.22829000
1441     16156678.19678000
1442     16213684.16758000
1443     16270867.64960000
1444     16328230.65145000
1445     16385765.98672000
1446     16443481.78427000
1447     16501373.90751000
1448     16559447.45476000
1449     16617701.36957000
1450     16676129.91880000
1451     16734742.88924000
1452     16793534.54223000
1453     16852508.47286000
1454     16911663.59947000
1455     16970998.82607000
1456     17030519.35116000
1457     17090220.93413000
1458     17150108.79878000
1459     17210180.27230000
1460     17270434.24463000
1461     17330874.38107000
1462     17391497.97703000
1463     17452307.11106000
1464     17513303.87845000
1465     17574492.00361000
1466     17635863.92970000
1467     17697423.36365000
1468     17759170.79665000
1469     17821106.72098000
1470     17883234.89426000
1471     17945552.56257000
1472     18008055.30112000
1473     18070753.43522000
1474     18133642.55420000
1475     18196724.80901000
1476     18259997.39925000
1477     18323464.13421000
1478     18387123.86383000
1479     18450978.75957000
1480     18515022.64840000
1481     18579267.73413000
1482     18643706.16951000
1483     18708338.44987000
1484     18773168.44899000
1485     18838196.68893000
1486     18903423.69289000
1487     18968843.18108000
1488     19034464.15531000
1489     19100287.15460000
1490     19166307.57878000
1491     19232522.49662000
1492     19298944.44071000
1493     19365567.07594000
1494     19432385.73170000
1495     19499413.03160000
1496     19566644.33243000
1497     19634073.19908000
1498     19701707.10583000
1499     19769543.08843000
1500     19837590.43789000
1501     19905835.65547000
1502     19974291.56657000
1503     20042951.66675000
1504     20111821.79178000
1505     20180891.83920000
1506     20250176.53928000
1507     20319671.12214000
1508     20389368.97796000
1509     20459277.78066000
1510     20529399.87954000
1511     20599728.62935000
1512     20670268.15838000
1513     20741022.63075000
1514     20811990.79966000
1515     20883167.76198000
1516     20954559.50979000
1517     21026162.94481000
1518     21097985.93408000
1519     21170023.55293000
1520     21242268.98304000
1521     21314737.49388000
1522     21387424.13801000
1523     21460318.35008000
1524     21533439.21565000
1525     21606776.17170000
1526     21680331.63042000
1527     21754102.40343000
1528     21828100.28913000
1529     21902312.72654000
1530     21976749.67021000
1531     22051404.14514000
1532     22126288.06261000
1533     22201392.54083000
1534     22276712.41811000
1535     22352267.30124000
1536     22428040.61557000
1537     22504040.56411000
1538     22580261.96251000
1539     22656716.92183000
1540     22733392.54481000
1541     22810299.04941000
1542     22887433.15636000
1543     22964795.44298000
1544     23042388.43862000
1545     23120204.91519000
1546     23198257.17243000
1547     23276539.94020000
1548     23355051.83249000
1549     23433799.34238000
1550     23512773.18973000
1551     23591989.78779000
1552     23671429.91295000
1553     23751110.02802000
1554     23831024.77323000
1555     23911176.74321000
1556     23991554.50217000
1557     24072180.70536000
1558     24153041.91704000
1559     24234136.69845000
1560     24315473.72471000
1561     24397051.59307000
1562     24478866.84694000
1563     24560918.03324000
1564     24643215.95462000
1565     24725753.05738000
1566     24808531.98829000
1567     24891557.47499000
1568     24974819.82984000
1569     25058334.10846000
1570     25142084.38173000
1571     25226081.60202000
1572     25310330.56699000
1573     25394823.57745000
1574     25479559.14030000
1575     25564546.24129000
1576     25649781.32002000
1577     25735260.77776000
1578     25820995.77790000
1579     25906982.74918000
1580     25993218.08187000
1581     26079698.12757000
1582     26166438.40828000
1583     26253428.91515000
1584     26340672.40670000
1585     26428167.36396000
1586     26515918.71260000
1587     26603922.78172000
1588     26692184.51983000
1589     26780706.74767000
1590     26869481.43344000
1591     26958515.72481000
1592     27047805.90666000
1593     27137356.98506000
1594     27227169.61776000
1595     27317240.06291000
1596     27407568.95008000
1597     27498167.96423000
1598     27589020.08715000
1599     27680139.23284000
1600     27771519.40363000
1601     27863167.93045000
1602     27955078.78719000
1603     28047252.61260000
1604     28139694.54132000
1605     28232407.49874000
1606     28325378.62801000
1607     28418626.63045000
1608     28512143.15709000
1609     28605926.59684000
1610     28699970.76083000
1611     28794296.80917000
1612     28888896.32982000
1613     28983756.23709000
1614     29078900.12327000
1615     29174314.90542000
1616     29270001.23963000
1617     29365962.09971000
1618     29462200.48235000
1619     29558714.75282000
1620     29655505.58881000
1621     29752571.33133000
1622     29849922.01846000
1623     29947544.28745000
1624     30045443.48127000
1625     30143632.06737000
1626     30242096.60547000
1627     30340844.86259000
1628     30439872.79140000
1629     30539181.06563000
1630     30638782.29713000
1631     30738658.10219000
1632     30838828.29631000
1633     30939274.41006000
1634     31040016.35047000
1635     31141037.97719000
1636     31242349.62304000
1637     31343952.00634000
1638     31445843.41499000
1639     31548022.11587000
1640     31650488.79799000
1641     31753253.94700000
1642     31856303.59556000
1643     31959648.24350000
1644     32063293.55108000
1645     32167230.39642000
1646     32271452.04531000
1647     32375979.00869000
1648     32480802.11788000
1649     32585922.09176000
1650     32691332.15023000
1651     32797047.99864000
1652     32903062.87706000
1653     33009367.44037000
1654     33115987.57763000
1655     33222906.41748000
1656     33330122.13678000
1657     33437640.51253000
1658     33545467.36975000
1659     33653595.81989000
1660     33762021.46392000
1661     33870762.93416000
1662     33979810.75908000
1663     34089163.10227000
1664     34198818.10513000
1665     34308792.00079000
1666     34419072.63602000
1667     34529660.73844000
1668     34640554.43156000
1669     34751770.09690000
1670     34863295.46862000
1671     34975123.40979000
1672     35087278.26646000
1673     35199747.70571000
1674     35312527.20048000
1675     35425620.11956000
1676     35539037.81802000
1677     35652773.13185000
1678     35766816.16022000
1679     35881188.96802000
1680     35995881.68173000
1681     36110887.01594000
1682     36226219.13425000
1683     36341876.14674000
1684     36457853.43818000
1685     36574154.47136000
1686     36690777.30576000
1687     36807733.58217000
1688     36925010.49813000
1689     37042611.52863000
1690     37160542.91439000
1691     37278808.20171000
1692     37397397.20366000
1693     37516313.42604000
1694     37635565.93011000
1695     37755150.00012000
1696     37875066.42583000
1697     37995310.43187000
1698     38115891.14221000
1699     38236809.37022000
1700     38358057.52393000
1701     38479650.40620000
1702     38601574.79823000
1703     38723839.92680000
1704     38846438.12999000
1705     38969384.34428000
1706     39092670.91101000
1707     39216284.40220000
1708     39340251.21118000
1709     39464569.36557000
1710     39589219.67081000
1711     39714211.48135000
1712     39839554.23078000
1713     39965248.77470000
1714     40091281.50879000
1715     40217658.99203000
1716     40344393.64791000
1717     40471477.62260000
1718     40598900.06682000
1719     40726682.20370000
1720     40854819.05708000
1721     40983311.47636000
1722     41112145.58825000
1723     41241336.90375000
1724     41370889.23537000
1725     41500788.63512000
1726     41631050.73816000
1727     41761670.46764000
1728     41892654.63427000
1729     42023980.18873000
1730     42155683.83354000
1731     42287742.49588000
1732     42420166.01820000
1733     42552943.19618000
1734     42686086.92090000
1735     42819607.16131000
1736     42953477.50391000
1737     43087720.02200000
1738     43222326.45675000
1739     43357306.82479000
1740     43492649.76366000
1741     43628362.24088000
1742     43764448.20058000
1743     43900905.44267000
1744     44037737.92847000
1745     44174940.34705000
1746     44312513.54876000
1747     44450461.49994000
1748     44588785.07505000
1749     44727488.27850000
1750     44866572.00905000
1751     45006027.74042000
1752     45145859.46118000
1753     45286080.65840000
1754     45426679.62667000
1755     45567660.40166000
1756     45709020.69408000
1757     45850764.55705000
1758     45992892.88209000
1759     46135412.95979000
1760     46278309.69886000
1761     46421599.99651000
1762     46565278.35387000
1763     46709342.44393000
1764     46853796.38152000
1765     46998637.82873000
1766     47143880.66432000
1767     47289509.58050000
1768     47435535.23243000
1769     47581948.74122000
1770     47728760.80875000
1771     47875975.65582000
1772     48023567.90449000
1773     48171581.23446000
1774     48319983.65057000
1775     48468792.57875000
1776     48617982.41457000
1777     48767593.89582000
1778     48917601.39231000
1779     49068015.81864000
1780     49218821.37263000
1781     49370049.12189000
1782     49521673.18559000
1783     49673704.55173000
1784     49826144.15748000
1785     49978999.71783000
1786     50132262.03191000
1787     50285932.01989000
1788     50440014.01415000
1789     50594512.37883000
1790     50749417.80796000
1791     50904748.37135000
1792     51060484.44495000
1793     51216644.15495000
1794     51373214.67906000
1795     51530210.78216000
1796     51687623.05587000
1797     51845462.87381000
1798     52003706.84078000
1799     52162387.25131000
1800     52321487.65576000
1801     52481001.98071000
1802     52640959.26214000
1803     52801339.43951000
1804     52962139.93092000
1805     53123361.66539000
1806     53285030.40861000
1807     53447122.36672000
1808     53609645.60090000
1809     53772590.38035000
1810     53935982.67263000
1811     54099802.03699000
1812     54264053.00955000
1813     54428743.76210000
1814     54593871.69992000
1815     54759441.43534000
1816     54925450.36174000
1817     55091888.57456000
1818     55258775.21243000
1819     55426100.37445000
1820     55593872.35612000
1821     55762081.18885000
1822     55930749.87548000
1823     56099850.06567000
1824     56269404.81400000
1825     56439400.38960000
1826     56609856.28919000
1827     56780751.31742000
1828     56952101.30901000
1829     57123907.30875000
1830     57296151.67152000
1831     57468869.04281000
1832     57642034.28838000
1833     57815659.67604000
1834     57989723.63463000
1835     58164264.86511000
1836     58339258.01283000
1837     58514711.65569000
1838     58690626.83157000
1839     58867004.58029000
1840     59043849.76393000
1841     59221151.96531000
1842     59398919.85415000
1843     59577162.16842000
1844     59755868.44708000
1845     59935039.71673000
1846     60114692.48663000
1847     60294796.85904000
1848     60475377.08744000
1849     60656442.04704000
1850     60837977.25984000
1851     61019975.93964000
1852     61202458.67900000
1853     61385422.66680000
1854     61568865.06024000
1855     61752767.20034000
1856     61937169.57857000
1857     62122049.61932000
1858     62307416.31760000
1859     62493254.85762000
1860     62679578.20989000
1861     62866395.45234000
1862     63053699.70994000
1863     63241488.05548000
1864     63429757.52922000
1865     63618533.36174000
1866     63807776.34513000
1867     63997536.00901000
1868     64187777.08612000
1869     64378516.86404000
1870     64569740.16907000
1871     64761476.61463000
1872     64953706.94709000
1873     65146424.04455000
1874     65339645.37922000
1875     65533372.08913000
1876     65727605.31446000
1877     65922321.37618000
1878     66117558.57109000
1879     66313305.66155000
1880     66509555.46919000
1881     66706300.74658000
1882     66903563.44627000
1883     67101340.55967000
1884     67299616.44698000
1885     67498413.20085000
1886     67697719.35795000
1887     67897540.25398000
1888     68097872.79227000
1889     68298735.06337000
1890     68500107.02491000
1891     68701998.29217000
1892     68904397.19771001
1893     69107334.77263001
1894     69310795.11861999
1895     69514757.89490999
1896     69719262.89140999
1897     69924294.10691001
1898     70129852.70103000
1899     70335931.16448000
1900     70542539.29533000
1901     70749682.61349000
1902     70957349.22507000
1903     71165562.10721000
1904     71374300.60682000
1905     71583574.62486000
1906     71793376.53712000
1907     72003725.10537000
1908     72214621.56654000
1909     72426040.58912000
1910     72638000.99724001
1911     72850508.42547999
1912     73063568.54826000
1913     73277160.28329000
1914     73491293.69061001
1915     73705987.87797000
1916     73921230.64528000
1917     74137005.17684001
1918     74353339.64239000
1919     74570235.30380000
1920     74787666.22934000
1921     75005660.76678000
1922     75224220.18483999
1923     75443313.82464001
1924     75662974.75505000
1925     75883199.67098001
1926     76103985.23112001
1927     76325337.25786000
1928     76547224.73666000
1929     76769699.53352000
1930     76992730.61883000
1931     77216328.44321001
1932     77440494.24000999
1933     77665229.24482000
1934     77890539.36374000
1935     78116407.15388000
1936     78342861.89669000
1937     78569881.43636000
1938     78797481.08349000
1939     79025647.96410000
1940     79254406.90731999
1941     79483735.56903000
1942     79713625.65084000
1943     79944125.86404000
1944     80175199.51027000
1945     80406857.34675001
1946     80639091.06380001
1947     80871901.86837000
1948     81105329.42820001
1949     81339317.38707000
1950     81573915.11248000
1951     81809094.97614001
1952     82044867.89133000
1953     82281225.42309999
1954     82518198.00162999
1955     82755757.76515000
1956     82993905.94030000
1957     83232653.55295999
1958     83472011.71294001
1959     83711971.93810999
1960     83952525.66674000
1961     84193684.01560999
1962     84435448.28618000
1963     84677839.62320000
1964     84920799.81001000
1965     85164399.63971999
1966     85408590.69666000
1967     85653394.17617001
1968     85898831.44204000
1969     86144863.75690000
1970     86391532.57957000
1971     86638788.92359000
1972     86886674.35675000
1973     87135190.26913001
1974     87384327.90349001
1975     87634068.24986000
1976     87884443.09229000
1977     88135443.61751001
1978     88387060.93009999
1979     88639327.07492000
1980     88892202.41538000
1981     89145708.76653001
1982     89399847.47685000
1983     89654630.23824000
1984     89910048.10581000
1985     90166092.05148999
1986     90422763.36900000
1987     90680094.63497999
1988     90938055.99621999
1989     91196648.75335000
1990     91455895.19266000
1991     91715775.72244000
1992     91976312.72042000
1993     92237486.51299000
1994     92499330.14835000
1995     92761802.73517001
1996     93024894.90227000
1997     93288692.99169999
1998     93553124.05560000
1999     93818210.72837999
2000     94083943.69179000
2001     94350345.73884000
2002     94617407.57825001
2003     94885119.83282000
2004     95153505.43550000
2005     95422544.21516000
2006     95692248.35516000
2007     95962608.39911000
2008     96233658.35545000
2009     96505367.04163000
2010     96777746.73988000
2011     97050776.95902000
2012     97324502.89641000
2013     97598893.11057000
2014     97873971.00600000
2015     98149727.03419000
2016     98426129.42268001
2017     98703257.03661001
2018     98981033.79082000
2019     99259516.60092001
2020     99538662.40909000
2021     99818517.25013000
2022    100099015.47920001
2023    100380236.86454000
2024    100662160.56291001
2025    100944743.00285000
2026    101228041.91765000
2027    101512013.62565000
2028    101796704.82191999
2029    102082060.27903000
2030    102368138.20196000
2031    102654928.78686000
2032    102942387.83213000
2033    103230573.89869000
2034    103519465.63857000
2035    103809053.02556001
2036    104099349.00116000
2037    104390331.94431999
2038    104682072.66021000
2039    104974491.72107001
2040    105267625.27827001
2041    105561498.12159000
2042    105856053.53576000
2043    106151327.89200000
2044    106447357.84879000
2045    106744098.15642001
2046    107041550.25170000
2047    107339715.57384001
2048    107638619.19256000
2049    107938250.85766999
2050    108238600.22571000
2051    108539668.74578001
2052    108841493.60018000
2053    109144040.65686999
2054    109447311.37249000
2055    109751343.15464000
2056    110056113.66900000
2057    110361600.38986000
2058    110667816.76671000
2059    110974800.50920001
2060    111282541.20415001
2061    111590991.95622000
2062    111900214.86346000
2063    112210175.09144001
2064    112520874.12206000
2065    112832325.66720000
2066    113144555.79209000
2067    113457529.37795000
2068    113771260.21868999
2069    114085700.57728000
2070    114400962.88968000
2071    114716962.46940000
2072    115033725.54660000
2073    115351253.70107000
2074    115669560.96663000
2075    115988599.09833001
2076    116308406.96262001
2077    116629036.25655000
2078    116950401.01279999
2079    117272527.75477999
2080    117595443.21020000
2081    117919136.42872000
2082    118243609.01465000
2083    118568849.89648999
2084    118894886.01564001
2085    119221706.33154000
2086    119549286.94938000
2087    119877667.67567000
2088    120206837.40160000
2089    120536810.58269000
2090    120867537.49153000
2091    121199083.94281000
2092    121531425.90441000
2093    121864565.01098000
2094    122198489.93888000
2095    122533215.23751000
2096    122868755.56280001
2097    123205060.48240000
2098    123542209.80096000
2099    123880153.03968000
2100    124218891.77435000
2101    124558440.72691999
2102    124898801.55706000
2103    125239975.92724000
2104    125581965.50280000
2105    125924771.95190001
2106    126268410.22087000
2107    126612842.15750000
2108    126958082.60782000
2109    127304173.23631001
2110    127651089.12171000
2111    127998818.54104000
2112    128347363.10233000
2113    128696764.80113000
2114    129046958.04954000
2115    129398025.39448000
2116    129749914.60840000
2117    130102627.31299999
2118    130456178.72867000
2119    130810543.31719001
2120    131165790.87791000
2121    131521868.65920000
2122    131878792.00086001
2123    132236548.89083000
2124    132595168.48765001
2125    132954625.02608000
2126    133314906.33890000
2127    133676097.03844000
2128    134038102.10915001
2129    134400992.52015001
2130    134764714.48289001
2131    135129297.47678000
2132    135494757.22600999
2133    135861053.54350001
2134    136228230.11643001
2135    136596288.78242001
2136    136965189.11383000
2137    137334946.82145000
2138    137705620.16575000
2139    138077154.47154000
2140    138449551.42429000
2141    138822812.71215999
2142    139196982.79789999
2143    139572020.77197000
2144    139947914.01745000
2145    140324707.17456001
2146    140702416.48502001
2147    141080986.31496999
2148    141460432.71421000
2149    141840786.30386001
2150    142222048.96812001
2151    142604193.57012999
2152    142987207.28859001
2153    143371164.60661000
2154    143755980.00485000
2155    144141698.91929001
2156    144528352.47764000
2157    144915898.61983001
2158    145304368.50867000
2159    145693705.08903000
2160    146083954.24248999
2161    146475162.20065999
2162    146867256.91514999
2163    147260269.76596999
2164    147654187.70721000
2165    148049057.24465999
2166    148444805.67309999
2167    148841509.45388001
2168    149239125.60371000
2169    149637685.95822001
2170    150037147.27634001
2171    150437556.52140999
2172    150838885.40371001
2173    151241150.85495001
2174    151644369.92815000
2175    152048514.16563001
2176    152453615.83755001
2177    152859631.10350001
2178    153266592.26930001
2179    153674516.55225000
2180    154083390.57264999
2181    154493200.83432999
2182    154903964.56402999
2183    155315683.66159999
2184    155728344.55001000
2185    156141980.06536999
2186    156556561.12663999
2187    156972120.69692001
2188    157388645.18162999
2189    157806120.86822999
2190    158224549.58748001
2191    158643948.86526999
2192    159064352.07519001
2193    159485698.31854999
2194    159908036.69825000
2195    160331337.61469001
2196    160755587.07141000
2197    161180866.20824999
2198    161607113.62189999
2199    162034347.10813999
2200    162462552.65197000
2201    162891748.11700001
2202    163321919.43256000
2203    163753116.65380999
2204    164185293.65518999
2205    164618452.31299999
2206    165052610.66172999
2207    165487786.86386999
2208    165923950.55698001
2209    166361103.62957001
2210    166799264.25376999
2211    167238483.35477999
2212    167678665.14662001
2213    168119860.46661001
2214    168562054.90656000
2215    169005316.12755999
2216    169449564.06889999
2217    169894800.54866999
2218    170341093.52333000
2219    170788412.06740001
2220    171236741.60155001
2221    171686100.68125999
2222    172136491.33140001
2223    172587915.58015001
2224    173040342.00690001
2225    173493839.48629001
2226    173948393.45918000
2227    174403938.77267000
2228    174860527.74603999
2229    175318179.31474000
2230    175776878.70727000
2231    176236611.02573001
2232    176697412.20078999
2233    177159216.32034001
2234    177622144.50841001
2235    178086079.64293000
2236    178551091.96448001
2237    179017166.49728000
2238    179484288.13767999
2239    179952458.86829999
2240    180421732.41790000
2241    180892024.66901001
2242    181363406.67071000
2243    181835915.31107000
2244    182309448.70576999
2245    182784060.89789000
2246    183259719.09875000
2247    183736530.09762001
2248    184214373.81173000
2249    184693304.69659999
2250    185173342.45133999
2251    185654471.68441001
2252    186136659.22553000
2253    186619924.68303001
2254    187104323.23379001
2255    187589839.46686000
2256    188076404.49089000
2257    188564091.41115999
2258    189052920.32627001
2259    189542786.28005001
2260    190033780.61188000
2261    190525905.58015999
2262    191019127.47240999
2263    191513484.39241001
2264    192008942.49787000
2265    192505485.76572001
2266    193003188.66189000
2267    193502017.25167000
2268    194001973.71572000
2269    194503023.78163999
2270    195005260.74386001
2271    195508559.02223000
2272    196013012.05645001
2273    196518603.78152999
2274    197025317.99693000
2275    197533230.55066001
2276    198042251.60629001
2277    198552401.67304999
2278    199063682.86133000
2279    199576153.01625001
2280    200089777.34672999
2281    200604539.43149000
2282    201120441.39454001
2283    201637541.51797000
2284    202155785.98993999
2285    202675139.36627999
2286    203195697.69490001
2287    203717444.57624000
2288    204240363.47237000
2289    204764380.91146001
2290    205289650.46241999
2291    205816022.79038000
2292    206343652.04372999
2293    206872388.32168999
2294    207402367.24287000
2295    207933514.81913999
2296    208465814.03904000
2297    208999343.84672001
2298    209534029.72387001
2299    210069931.61939001
2300    210607013.27994999
2301    211145315.62364000
2302    211684821.66021001
2303    212225494.81975001
2304    212767415.08858001
2305    213310487.44474000
2306    213854811.61188000
2307    214400331.37728000
2308    214947068.57514000
2309    215495045.19044000
2310    216044204.58024999
2311    216594627.78459999
2312    217146198.75064999
2313    217699077.82290000
2314    218253128.89061001
2315    218808413.60935000
2316    219364974.16701999
2317    219922773.23425001
2318    220481713.21004000
2319    221041956.13503999
2320    221603484.64673999
2321    222166200.81779999
2322    222730167.11252001
2323    223295406.08987001
2324    223861900.02774999
2325    224429610.80122000
2326    224998581.16054001
2327    225568833.83092001
2328    226140350.95434001
2329    226713094.11714000
2330    227287147.27857000
2331    227862472.10868999
2332    228438968.41009000
2333    229016843.62853000
2334    229595977.16668001
2335    230176371.33363000
2336    230758028.44190001
2337    231341012.94980001
2338    231925265.26605001
2339    232510787.71414000
2340    233097561.79098001
2341    233685714.92368001
2342    234275103.67486000
2343    234865792.98899001
2344    235457785.32422000
2345    236051125.19163999
2346    236645709.97356999
2347    237241626.19887999
2348    237838834.17473999
2349    238437357.44211000
2350    239037198.48223999
2351    239638381.04020000
2352    240240865.12459999
2353    240844653.11004999
2354    241449768.75314000
2355    242056235.97253999
2356    242664014.47626001
2357    243273128.15118000
2358    243883579.50966001
2359    244495371.06797999
2360    245108462.11197001
2361    245722898.24015000
2362    246338703.67754999
2363    246955902.81367001
2364    247574389.53749999
2365    248194209.66262001
2366    248815453.04438001
2367    249437991.20219001
2368    250061892.14100000
2369    250687158.41611999
2370    251313792.58686000
2371    251941841.33800000
2372    252571196.97387001
2373    253201950.26808000
2374    253834037.36914000
2375    254467549.50670999
2376    255102422.71485001
2377    255738681.76377001
2378    256376329.24465001
2379    257015322.97650000
2380    257655799.88727999
2381    258297560.83978999
2382    258940787.91722000
2383    259585371.33629999
2384    260231381.24812001
2385    260878775.12373999
2386    261527578.13971001
2387    262177792.92328000
2388    262829422.10583001
2389    263482445.51966000
2390    264136911.36866999
2391    264792776.64827001
2392    265450066.80906999
2393    266108807.47358999
2394    266768909.37180999
2395    267430467.00494999
2396    268093460.06584999
2397    268757844.94287002
2398    269423739.96442002
2399    270091055.28991002
2400    270759793.47228998
2401    271430003.68755001
2402    272101642.04737997
2403    272774687.72139001
2404    273449260.33844000
2405    274125198.62028998
2406    274802692.94532001
2407    275481605.13889998
2408    276161961.26587999
2409    276843811.21947998
2410    277527086.76321000
2411    278211885.31937999
2412    278898138.53039998
2413    279585825.17461002
2414    280275067.07501000
2415    280965747.80203003
2416    281657917.75335002
2417    282351555.67973000
2418    283046712.29187000
2419    283743318.21807998
2420    284441472.48303998
2421    285141129.76726002
2422    285842268.62348998
2423    286544915.95867002
2424    287249025.93861002
2425    287954649.78517997
2426    288661814.68212998
2427    289370474.67514998
2428    290080730.36493999
2429    290792413.25186998
2430    291505648.47362000
2431    292220414.35557002
2432    292936738.37405002
2433    293654524.65290999
2434    294373849.86755002
2435    295094791.23471999
2436    295817202.93932003
2437    296541186.95885003
2438    297266721.33616000
2439    297993783.93832999
2440    298722377.47806001
2441    299452504.67197001
2442    300184268.69133002
2443    300917547.01512003
2444    301652367.43975002
2445    302388783.19645000
2446    303126822.59061003
2447    303866362.07275999
2448    304607454.88661999
2449    305350129.21368998
2450    306094438.90085000
2451    306840336.07178998
2452    307587746.91729999
2453    308336776.39111000
2454    309087401.87818003
2455    309839574.87497002
2456    310593401.03997999
2457    311348831.97101998
2458    312105844.74704999
2459    312864442.15944999
2460    313624704.82555002
2461    314386558.00282001
2462    315149978.46131003
2463    315915021.03042001
2464    316681714.79048002
2465    317450062.83942002
2466    318219963.39322001
2467    318991524.06968999
2468    319764721.66468000
2469    320539611.87958002
2470    321316039.51472002
2471    322094112.81753999
2472    322873861.28145999
2473    323655234.93595999
2474    324438343.03737998
2475    325223002.47960001
2476    326009402.56753999
2477    326797359.53639001
2478    327587009.78499001
2479    328378356.47658002
2480    329171322.11681998
2481    329966017.18855000
2482    330762364.06247997
2483    331560419.69599998
2484    332360051.87475002
2485    333161452.96645999
2486    333964463.39499998
2487    334769249.13417000
2488    335575677.30984002
2489    336383832.66439998
2490    337193663.67006999
2491    338005173.25477999
2492    338818419.28963000
2493    339633349.96775001
2494    340449995.79758000
2495    341268332.25489998
2496    342088389.95507997
2497    342910255.14503998
2498    343733737.02371001
2499    344558977.17904001
2500    345385951.01138002
2501    346214689.55386001
2502    347045028.30464000
2503    347877221.75853997
2504    348711133.33582997
2505    349546794.13777000
2506    350384179.14581001
2507    351223347.78180999
2508    352064218.56255001
2509    352906850.96885997
2510    353751219.80009001
2511    354597441.72268999
2512    355445406.50866002
2513    356295088.66938001
2514    357146548.21078002
2515    357999816.93281001
2516    358854898.17747003
2517    359711680.42716998
2518    360570223.95832998
2519    361430618.27613002
2520    362292751.41921002
2521    363156741.97508001
2522    364022477.58398998
2523    364890048.22920001
2524    365759399.14488000
2525    366630591.65979999
2526    367503541.63599998
2527    368378281.23473001
2528    369254901.38691002
2529    370133346.99123001
2530    371013591.92114002
2531    371895609.84759003
2532    372779551.15952998
2533    373665271.90096003
2534    374552775.03542000
2535    375442182.10275000
2536    376333467.00575000
2537    377226543.94857001
2538    378121415.91214001
2539    379018235.14359999
2540    379916885.79984999
2541    380817371.03267998
2542    381719663.98802000
2543    382623917.98352998
2544    383530046.47052002
2545    384437962.27148998
2546    385347789.13072997
2547    386259500.27070999
2548    387173129.36285001
2549    388088558.38985002
2550    389005911.96385998
2551    389925163.11471999
2552    390846315.20530999
2553    391769341.00840998
2554    392694305.03333002
2555    393621149.41390997
2556    394549877.37153000
2557    395480553.75226003
2558    396413151.24615997
2559    397347611.41457999
2560    398283999.27972001
2561    399222318.24857998
2562    400162602.81386000
2563    401104794.28565001
2564    402048958.30184001
2565    402995004.72123998
2566    403942999.24575001
2567    404892913.95908999
2568    405844814.95493001
2569    406798705.84455001
2570    407754495.69169003
2571    408712250.76918000
2572    409671942.91123998
2573    410633670.46828002
2574    411597310.29093999
2575    412562865.52478999
2576    413530498.56399000
2577    414500053.87270999
2578    415471662.44985002
2579    416445200.06413001
2580    417420766.09788001
2581    418398267.84459001
2582    419377772.84772003
2583    420359284.62467998
2584    421342774.40302002
2585    422328310.24439001
2586    423315831.03526998
2587    424305405.07217997
2588    425297003.54714000
2589    426290564.85543001
2590    427286157.47749001
2591    428283817.66123998
2592    429283418.15455002
2593    430285158.83442998
2594    431288879.48562002
2595    432294682.09679002
2596    433302471.50072002
2597    434312383.06906003
2598    435324321.47390002
2599    436338323.28899997
2600    437354325.71298999
2601    438372365.27182001
2602    439392578.68030000
2603    440414769.82235003
2604    441439108.97185999
2605    442465533.12348002
2606    443494012.36422002
2607    444524516.55449998
2608    445557149.98807001
2609    446591882.76730001
2610    447628617.20437998
2611    448667559.47580999
2612    449708645.97728002
2613    450751778.68682998
2614    451796994.94669998
2615    452844298.26411998
2616    453893828.68172997
2617    454945453.65628999
2618    455999039.70907003
2619    457054898.44397002
2620    458112862.43630999
2621    459172969.65118998
2622    460235258.29553998
2623    461299628.63432997
2624    462366153.25332999
2625    463434801.22343999
2626    464505680.28127003
2627    465578620.60968000
2628    466653764.79966003
2629    467731081.88389999
2630    468810540.66125000
2631    469892249.79153001
2632    470976002.90469003
2633    472062049.06711000
2634    473150216.58261001
2635    474240649.93832999
2636    475333106.01472998
2637    476427906.17712998
2638    477524877.72575003
2639    478623988.78275001
2640    479725349.50405997
2641    480828963.89406002
2642    481934728.89354998
2643    483042719.47122997
2644    484152903.65319997
2645    485265356.84613001
2646    486380047.14829999
2647    487496942.41839999
2648    488616118.44735998
2649    489737470.92795998
2650    490861075.72319001
2651    491986972.95210999
2652    493115094.07319999
2653    494245479.15482002
2654    495378022.80449998
2655    496512947.30557001
2656    497650074.35710001
2657    498789517.34055001
2658    499931243.68041003
2659    501075257.29738998
2660    502221562.11782998
2661    503370051.47772002
2662    504520839.53402001
2663    505674004.21092999
2664    506829438.67251003
2665    507987183.80075002
2666    509147243.55517000
2667    510309584.65777999
2668    511474210.88953000
2669    512641200.77630001
2670    513810521.05677998
2671    514982063.22768998
2672    516156018.51243001
2673    517332316.04290998
2674    518510959.82349998
2675    519691840.60781997
2676    520875226.54865003
2677    522060857.27402002
2678    523248850.06702000
2679    524439208.96006000
2680    525631861.84483999
2681    526826964.92905003
2682    528024484.44694000
2683    529224233.31321001
2684    530426483.13396001
2685    531631046.57617003
2686    532838004.24580997
2687    534047360.22073001
2688    535259079.99291998
2689    536473206.11303002
2690    537689703.95379996
2691    538908654.99498999
2692    540130063.53938997
2693    541353817.14003003
2694    542579997.49006999
2695    543808608.71324003
2696    545039654.93912005
2697    546273022.75708997
2698    547508951.20235002
2699    548747248.44536996
2700    549988036.38312995
2701    551231201.03243005
2702    552476864.69892001
2703    553725031.75194001
2704    554975547.98158002
2705    556228615.53521001
2706    557484119.66097999
2707    558742144.04554999
2708    560002453.60587001
2709    561265371.38878000
2710    562530862.16080999
2711    563798689.84965003
2712    565069018.60134006
2713    566341973.39495003
2714    567617357.48310995
2715    568895174.70063996
2716    570175550.24719000
2717    571458407.53555000
2718    572743872.38724005
2719    574031786.84527004
2720    575322195.49626005
2721    576615224.79190004
2722    577910675.11371005
2723    579208795.71605003
2724    580509386.51405001
2725    581812533.53099000
2726    583118158.79964006
2727    584426389.83381999
2728    585737189.88312995
2729    587050604.61385000
2730    588366472.91385996
2731    589685005.90285003
2732    591006042.13467002
2733    592329710.40070999
2734    593655931.88321996
2735    594984752.49198997
2736    596316134.76324999
2737    597650082.85889006
2738    598986726.85218000
2739    600325987.46877003
2740    601667784.88084996
2741    603012249.59976995
2742    604359259.49009001
2743    605709030.13520002
2744    607061312.24230003
2745    608416236.97846997
2746    609773808.76935995
2747    611133989.44461000
2748    612496783.22956002
2749    613862279.84315002
2750    615230526.76346004
2751    616601271.55622995
2752    617974732.61689997
2753    619350957.65664005
2754    620729822.27766001
2755    622111158.05868006
2756    623495357.60492003
2757    624882209.69255996
2758    626271761.99284005
2759    627663975.55192006
2760    629058941.72812998
2761    630456534.44497001
2762    631856845.14477003
2763    633259922.10574996
2764    634665726.26090002
2765    636074174.36641002
2766    637485314.50130999
2767    638899327.15733004
2768    640315952.88117003
2769    641735328.13804996
2770    643157501.75928998
2771    644582434.21334004
2772    646010085.68242002
2773    647440416.06149995
2774    648873652.26435006
2775    650309442.55982995
2776    651748192.74063003
2777    653189684.44778001
2778    654633877.23772001
2779    656080954.97772002
2780    657530652.78272998
2781    658983334.95380998
2782    660438781.31692004
2783    661896951.08756995
2784    663357893.77266002
2785    664821704.54923999
2786    666288388.31567001
2787    667757813.42929995
2788    669230075.31009996
2789    670705178.65160000
2790    672183173.89495003
2791    673663928.52310002
2792    675147584.47250998
2793    676634054.75419998
2794    678123343.86738002
2795    679615410.19869006
2796    681110535.19730997
2797    682608400.62705004
2798    684109195.94050002
2799    685612833.27909005
2800    687119363.67703998
2801    688628791.90499997
2802    690141076.08905005
2803    691656267.51103997
2804    693174324.15672004
2805    694695391.23540998
2806    696219239.22194004
2807    697746060.37285995
2808    699275859.73502004
2809    700808453.60678995
2810    702344082.45328999
2811    703882562.19976997
2812    705424134.32886004
2813    706968471.89721000
2814    708515673.98119998
2815    710066078.55376005
2816    711619214.33143997
2817    713175515.30926001
2818    714734604.20098996
2819    716296868.68672001
2820    717861882.19930005
2821    719429985.32532001
2822    721001135.24161994
2823    722575288.81844997
2824    724152209.18268001
2825    725732287.58195996
2826    727315432.62682998
2827    728901406.51638997
2828    730490553.97365999
2829    732082685.64857996
2830    733677806.26419997
2831    735275969.46291995
2832    736877180.21889997
2833    738481394.44046998
2834    740088616.87580001
2835    741698950.74395001
2836    743312302.66085005
2837    744928825.57154000
2838    746548277.60756004
2839    748170910.83341002
2840    749796532.22460997
2841    751425295.47563004
2842    753057056.48459995
2843    754691969.44263995
2844    756329889.77664006
2845    757970922.13784003
2846    759615171.83229005
2847    761262443.62119997
2848    762912892.94376004
2849    764566374.04351997
2850    766223042.86105001
2851    767882803.69057000
2852    769545661.39595997
2853    771211722.22777998
2854    772880940.78241003
2855    774553220.48069000
2856    776228667.83916998
2857    777907288.00080001
2858    779589188.31871998
2859    781274220.89286995
2860    782962288.10581005
2861    784653651.13196003
2862    786348212.78076994
2863    788045823.68982995
2864    789746746.29700005
2865    791450779.57100999
2866    793158083.51374996
2867    794868559.88942003
2868    796582317.53178000
2869    798299257.88505995
2870    800019490.13160002
2871    801742758.84202003
2872    803469486.40145004
2873    805199364.95815003
2874    806932399.26786995
2875    808668804.17699003
2876    810408427.64972997
2877    812151274.71430004
2878    813897350.40529001
2879    815646765.48385000
2880    817399525.50734997
2881    819155476.95061004
2882    820914730.85037994
2883    822677292.53050995
2884    824443220.60811996
2885    826212307.19119000
2886    827984663.76902997
2887    829760509.60877001
2888    831539582.69672000
2889    833321941.59868002
2890    835107699.03208995
2891    836896860.63592005
2892    838689270.13531005
2893    840484986.46701002
2894    842284123.06704998
2895    844086631.37057996
2896    845892408.15277004
2897    847701567.13046002
2898    849514168.22836995
2899    851330053.40004003
2900    853149336.90480995
2901    854972078.95079005
2902    856798175.57126999
2903    858627686.90152001
2904    860460618.41495001
2905    862296920.48488998
2906    864136653.53077996
2907    865979712.48048997
2908    867826268.42235994
2909    869676327.13048995
2910    871529727.74093997
2911    873386697.79567003
2912    875247020.45396996
2913    877110812.35163999
2914    878978023.13062000
2915    880848770.06269002
2916    882722890.72925997
2917    884600558.67673004
2918    886481610.96538997
2919    888366221.69166994
2920    890254340.27362001
2921    892145915.77820003
2922    894041066.77974999
2923    895939629.03009999
2924    897841834.80785000
2925    899747405.82887995
2926    901656574.83683002
2927    903569290.67255998
2928    905485444.66060996
2929    907405213.67043996
2930    909328488.95021999
2931    911255390.76669002
2932    913185810.01950002
2933    915119809.73749006
2934    917057395.61344004
2935    918998515.54780996
2936    920943174.97360003
2937    922891553.28030002
2938    924843424.44101000
2939    926798851.80145001
2940    928757840.82270002
2941    930720572.02688003
2942    932686876.38868999
2943    934656759.39090002
2944    936630343.78076994
2945    938607518.16805995
2946    940588288.05689001
2947    942572776.77302003
2948    944560931.39245999
2949    946552698.62678003
2950    948548143.19585001
2951    950547211.63935995
2952    952549790.75633001
2953    954556242.34505999
2954    956566394.40700996
2955    958580193.13717997
2956    960597763.61082006
2957    962618932.44462001
2958    964643824.82262003
2959    966672386.59283996
2960    968704683.48714995
2961    970740781.62325001
2962    972780506.23887002
2963    974824043.91108000
2964    976871279.83018994
2965    978922280.23942006
2966    980976929.67829001
2967    983035415.89450002
2968    985097745.12388003
2969    987163801.64260006
2970    989233591.12857997
2971    991307302.79461002
2972    993384636.83749998
2973    995465537.01196003
2974    997550561.33879006
2975    999639409.46178997
2976   1001731902.41971004
2977   1003828415.88800001
2978   1005928709.35974002
2979   1008032726.63112998
2980   1010140597.25313997
2981   1012252202.99062002
2982   1014367860.51716995
2983   1016487327.42552996
2984   1018610484.62688994
2985   1020737649.98740005
2986   1022868704.92147994
2987   1025003592.79768002
2988   1027142256.59993994
2989   1029284890.62689996
2990   1031431564.31730998
2991   1033582031.90249002
2992   1035736362.14839005
2993   1037894687.54207003
2994   1040056951.11387002
2995   1042222904.95434999
2996   1044392872.12509000
2997   1046566922.81488001
2998   1048744808.54217005
2999   1050926726.64662004
3000   1053112555.59749997
3001   1055302429.53222001
3002   1057496033.89410996
3003   1059693759.59334004
3004   1061895484.63237000
3005   1064101279.76581001
3006   1066310893.08042002
3007   1068524459.35916996
3008   1070742179.01373994
3009   1072963994.00238001
3010   1075189520.79491997
3011   1077419285.12227011
3012   1079652968.08416009
3013   1081890901.98921990
3014   1084132701.51740003
3015   1086378634.17765999
3016   1088628575.34770012
3017   1090882465.32828999
3018   1093140441.51434994
3019   1095402576.19115996
3020   1097668809.98917007
3021   1099939149.27663994
3022   1102213600.43009996
3023   1104492037.14630008
3024   1106774465.20105004
3025   1109061223.12621999
3026   1111352051.64596009
3027   1113647023.62417006
3028   1115946011.76680994
3029   1118249356.70249009
3030   1120556529.27008009
3031   1122867870.21675992
3032   1125183587.82353997
3033   1127503419.97742009
3034   1129827372.84064007
3035   1132155452.58295012
3036   1134487868.45711994
3037   1136824491.99675012
3038   1139165126.00616002
3039   1141509844.06371999
3040   1143858992.61831999
3041   1146212374.49868011
3042   1148569859.60230994
3043   1150931590.69974995
3044   1153297574.34774995
3045   1155667817.11146998
3046   1158042050.58783007
3047   1160420830.88831997
3048   1162803890.05018997
3049   1165191096.54732990
3050   1167582594.68671989
3051   1169978391.08349991
3052   1172378492.36128998
3053   1174782627.19636011
3054   1177191218.52147007
3055   1179604134.22064996
3056   1182021520.57124996
3057   1184443105.21246004
3058   1186869034.22425008
3059   1189299314.28913999
3060   1191733530.65497994
3061   1194172532.26033998
3062   1196615905.01693010
3063   1199063514.51212001
3064   1201515366.82129002
3065   1203971751.15292001
3066   1206432391.33906007
3067   1208897293.47758007
3068   1211366748.10457993
3069   1213840620.20660996
3070   1216319059.21127009
3071   1218801643.94649005
3072   1221288809.16135001
3073   1223780419.00528002
3074   1226276336.76018000
3075   1228776424.83751988
3076   1231281408.58451009
3077   1233790431.68702006
3078   1236304221.05001998
3079   1238822350.96013999
3080   1241345117.31784010
3081   1243872237.51174998
3082   1246403717.75579000
3083   1248939855.30378008
3084   1251480366.24013996
3085   1254025548.72441006
3086   1256575117.96928000
3087   1259129226.63487005
3088   1261687881.65131998
3089   1264250796.24829006
3090   1266818564.34414005
3091   1269390752.33065009
3092   1271967514.02709007
3093   1274549004.15946007
3094   1277134934.43018007
3095   1279725311.15487003
3096   1282320289.08527994
3097   1284920023.88451004
3098   1287524225.48583007
3099   1290133049.34410000
3100   1292746502.49410009
3101   1295364591.97955990
3102   1297987175.06348991
3103   1300614408.14152002
3104   1303246148.03780007
3105   1305882852.56746006
3106   1308524078.08157992
3107   1311169830.99072003
3108   1313820420.03414989
3109   1316475550.23358989
3110   1319135531.26331997
3111   1321799915.39461994
3112   1324469164.62856007
3113   1327143134.49473000
3114   1329821679.60947990
3115   1332504959.22039008
3116   1335193133.50871992
3117   1337885903.88083005
3118   1340583276.83512998
3119   1343285566.28106999
3120   1345992472.25910997
3121   1348704309.62681007
3122   1351420777.51173997
3123   1354142191.72196007
3124   1356868095.60113001
3125   1359598805.20745993
3126   1362334327.80616999
3127   1365074826.24400997
3128   1367819996.89493990
3129   1370570002.38919997
3130   1373324850.02866006
3131   1376084547.12441993
3132   1378848787.49451995
3133   1381618204.99962997
3134   1384392493.94891000
3135   1387171504.22833991
3136   1389955400.18195009
3137   1392744031.23789001
3138   1395537562.23199010
3139   1398336158.96132994
3140   1401139353.57642007
3141   1403947628.72080994
3142   1406760833.39152002
3143   1409578975.00879002
3144   1412402061.00219989
3145   1415229938.95962000
3146   1418062935.79073000
3147   1420900578.67739010
3148   1423743355.36035991
3149   1426590952.40826011
3150   1429443698.69423008
3151   1432301279.83971000
3152   1435163864.16235995
3153   1438031459.17408991
3154   1440903910.36911988
3155   1443781386.81866002
3156   1446664221.09003997
3157   1449551771.16356993
3158   1452444369.13820004
3159   1455342022.58147001
3160   1458244902.56198001
3161   1461152362.45454001
3162   1464065227.55803990
3163   1466983014.26662993
3164   1469905729.45691991
3165   1472833709.45425010
3166   1475767127.59802008
3167   1478705001.72736001
3168   1481648329.29768991
3169   1484596456.61768007
3170   1487550053.69940996
3171   1490508631.09499002
3172   1493472362.20292997
3173   1496441254.72211003
3174   1499415316.36100006
3175   1502394387.63609004
3176   1505378308.07414007
3177   1508367754.71689010
3178   1511362400.90708995
3179   1514362086.19759989
3180   1517367154.50808001
3181   1520377276.95619988
3182   1523392629.52830005
3183   1526413220.01764989
3184   1529438886.76589990
3185   1532469976.25563002
3186   1535506327.10018992
3187   1538547947.13162994
3188   1541594673.71789002
3189   1544646513.94868994
3190   1547703474.92156005
3191   1550766248.68799996
3192   1553833816.47132993
3193   1556907042.59824991
3194   1559985420.49288988
3195   1563069129.55479002
3196   1566158005.18776989
3197   1569252227.32067990
3198   1572351803.89008999
3199   1575456742.84238005
3200   1578567399.21748996
3201   1581683087.32949996
3202   1584803813.60781002
3203   1587930281.75214005
3204   1591061977.58406997
3205   1594198908.33201003
3206   1597341431.41866994
3207   1600489380.29358006
3208   1603642762.99095011
3209   1606801763.42812991
3210   1609965685.90566993
3211   1613135418.11396003
3212   1616310263.06822991
3213   1619490581.11815000
3214   1622676557.53535008
3215   1625867668.88252997
3216   1629064632.51533008
3217   1632267102.19711995
3218   1635474907.82996011
3219   1638688056.76593995
3220   1641906735.12348008
3221   1645130951.06351995
3222   1648360892.04410005
3223   1651596207.93699002
3224   1654836906.13857007
3225   1658083354.21883011
3226   1661335380.83701992
3227   1664592813.59963012
3228   1667855840.81981993
3229   1671124289.58989000
3230   1674398711.60516000
3231   1677678389.99878001
3232   1680963695.33711004
3233   1684254635.90021992
3234   1687551037.49079990
3235   1690853638.62819004
3236   1694161351.89122009
3237   1697474916.35731006
3238   1700793974.03607988
3239   1704118900.12836003
3240   1707449335.58476996
3241   1710785287.95434999
3242   1714126764.79433990
3243   1717474328.42786002
3244   1720827618.49323010
3245   1724186643.39201999
3246   1727551040.06450009
3247   1730921559.33024001
3248   1734297279.84958005
3249   1737679140.38036990
3250   1741066590.52807999
3251   1744460012.13937998
3252   1747859227.13158011
3253   1751264056.33478999
3254   1754674507.41672993
3255   1758090399.84974003
3256   1761512494.40890002
3257   1764940423.76042008
3258   1768374196.43715000
3259   1771813820.98235011
3260   1775259116.36310005
3261   1778710659.90332007
3262   1782167511.13335991
3263   1785630437.81645989
3264   1789099449.38186002
3265   1792573982.33718991
3266   1796054617.39499998
3267   1799540980.94500995
3268   1803033080.78354001
3269   1806531501.00738001
3270   1810035290.06572008
3271   1813545610.05150008
3272   1817061507.47019005
3273   1820583375.76466990
3274   1824111417.13656998
3275   1827645059.78117990
3276   1831184892.92968011
3277   1834730343.10197997
3278   1838282195.88082004
3279   1841840266.79743004
3280   1845403784.64970994
3281   1848973537.60323000
3282   1852549143.74621010
3283   1856130807.07321000
3284   1859718536.38560009
3285   1863312537.12518001
3286   1866912031.30929995
3287   1870518405.61127996
3288   1874130487.37913990
3289   1877748481.52288008
3290   1881372792.17392993
3291   1885002635.66176009
3292   1888639011.48200989
3293   1892281532.40245008
3294   1895930207.33047009
3295   1899585045.18419003
3296   1903245455.49976993
3297   1906912845.21983004
3298   1910585824.13015008
3299   1914264799.91372991
3300   1917950383.54733992
3301   1921642183.25659990
3302   1925339804.94728994
3303   1929044063.21234989
3304   1932754362.43475008
3305   1936470710.76096010
3306   1940193319.06067991
3307   1943922196.37877989
3308   1947657351.77105999
3309   1951398997.90068007
3310   1955146533.05584002
3311   1958900372.92822003
3312   1962660526.61620998
3313   1966426798.45169997
3314   1970199811.88736010
3315   1973979167.09219003
3316   1977764461.87553000
3317   1981556115.53676009
3318   1985354343.50080991
3319   1989158536.15646005
3320   1992969321.47425008
3321   1996786295.23187995
3322   2000609880.65098000
3323   2004439672.33664989
3324   2008276094.72877002
3325   2012118741.25698996
3326   2015967828.92687011
3327   2019823158.04356003
3328   2023684736.97605991
3329   2027552993.22047997
3330   2031427936.97531009
3331   2035309158.12561011
3332   2039196665.08048010
3333   2043091309.33422995
3334   2046991836.51995993
3335   2050898676.00793004
3336   2054812259.60602999
3337   2058732173.62776995
3338   2062658851.11997008
3339   2066591664.60559011
3340   2070531686.15821004
3341   2074477861.91243005
3342   2078430412.97111011
3343   2082389989.30989003
3344   2086355745.71190000
3345   2090328333.09545994
3346   2094307332.37001991
3347   2098292967.14332008
3348   2102285031.54911995
3349   2106283749.83194995
3350   2110289131.50573993
3351   2114301618.66891003
3352   2118320139.73536992
3353   2122345569.08966994
3354   2126377700.00464010
3355   2130416542.05102992
3356   2134461451.28947997
3357   2138513743.42088008
3358   2142572338.53385997
3359   2146637900.70098996
3360   2150710659.57738018
3361   2154789529.66255999
3362   2158875176.93715000
3363   2162967831.09289980
3364   2167066621.35960007
3365   2171172657.89324999
3366   2175285289.34819984
3367   2179404745.77557993
3368   2183531258.50000000
3369   2187664394.34923983
3370   2191804384.35492992
3371   2195951015.70933008
3372   2200104520.09855986
3373   2204265130.48977995
3374   2208432410.59746981
3375   2212606593.09404993
3376   2216787911.93761015
3377   2220975480.02672005
3378   2225169978.68382978
3379   2229371867.96913004
3380   2233580257.93624020
3381   2237796059.53121996
3382   2242018606.33899021
3383   2246248133.67824984
3384   2250484424.73203993
3385   2254727261.40496016
3386   2258977333.76848984
3387   2263234880.40968990
3388   2267499457.19658995
3389   2271770617.42095995
3390   2276049055.07977009
3391   2280334323.16195011
3392   2284626659.99235010
3393   2288925616.30718994
3394   2293231890.04414988
3395   2297545031.63509989
3396   2301865511.36274004
3397   2306193109.31690979
3398   2310528066.82636023
3399   2314869931.75716019
3400   2319218481.28662014
3401   2323574420.29678011
3402   2327937527.29974985
3403   2332307812.41500998
3404   2336685052.53285980
3405   2341069723.94847012
3406   2345461603.90591002
3407   2349859999.87284994
3408   2354266326.43303013
3409   2358679657.17476988
3410   2363099766.07556009
3411   2367527603.59915018
3412   2371962474.28388023
3413   2376404623.59526014
3414   2380853588.65842009
3415   2385310325.31287003
3416   2389774134.14483976
3417   2394245737.13124990
3418   2398724194.97583008
3419   2403209754.21082020
3420   2407702901.29383993
3421   2412203169.74593019
3422   2416710808.14700985
3423   2421225826.85211992
3424   2425748236.22843981
3425   2430277806.39498997
3426   2434814787.32632017
3427   2439359430.36279011
3428   2443911505.65992022
3429   2448470540.41139984
3430   2453037268.88825989
3431   2457611460.26435995
3432   2462192882.36412001
3433   2466781787.61936998
3434   2471377943.19452000
3435   2475982333.21991014
3436   2480593263.23920012
3437   2485211961.41278982
3438   2489838439.30435991
3439   2494471973.37988997
3440   2499113308.27945995
3441   2503762209.88093996
3442   2508418442.69669008
3443   2513082262.70341015
3444   2517753680.50843000
3445   2522432953.84047985
3446   2527119599.46015978
3447   2531813874.77471018
3448   2536515542.29058981
3449   2541225108.62990999
3450   2545941838.97823000
3451   2550666240.32797003
3452   2555398572.92773008
3453   2560138098.86056995
3454   2564885827.73303986
3455   2569641271.19886017
3456   2574404189.06809998
3457   2579174842.35126019
3458   2583952486.88337994
3459   2588738642.28785992
3460   2593532565.47962999
3461   2598333761.86472988
3462   2603143252.38698006
3463   2607960036.35876989
3464   2612785137.57517004
3465   2617617044.30271006
3466   2622457798.96783018
3467   2627305632.90415001
3468   2632161319.37518978
3469   2637025380.38062000
3470   2641896549.48833990
3471   2646775859.45315981
3472   2651662552.45573997
3473   2656557665.20073986
3474   2661460953.48213005
3475   2666371398.61058998
3476   2671290556.64517021
3477   2676216891.38991022
3478   2681151445.70383978
3479   2686093454.32320976
3480   2691043704.60085011
3481   2696002208.68279982
3482   2700968458.30789995
3483   2705942984.62716007
3484   2710925277.95858002
3485   2715915087.03107977
3486   2720912944.11644983
3487   2725919384.40401983
3488   2730933371.67044020
3489   2735955440.40332985
3490   2740986128.01809978
3491   2746024130.47284985
3492   2751070774.93317986
3493   2756125546.37699986
3494   2761187662.28297997
3495   2766258720.29404020
3496   2771337143.05988979
3497   2776424266.96862984
3498   2781519307.34414005
3499   2786622540.79653978
3500   2791733711.83784008
